-1.773892520513098 1.9456220565301299 5.4777949712905905 3.9655852475292184 3.8914754672024845 0.39555739423229624
-1.773892520513098 1.9456220565301299 5.4777949712905905 3.9655852475292184 3.8914754672024845 0.39555739423229624
-1.7735871540731734 1.945840533241728 5.478266137884335 3.965855581559266 3.8915676219951347 0.39557407702644265
-1.7729869931819766 1.946268379500565 5.479186887344867 3.9663856729937117 3.891749511277175 0.3956068158309814
-1.7721022862685278 1.9468968066753871 5.480536472893472 3.9671653007779466 3.8920187912017443 0.39565500551225574
-1.7709429679318327 1.9477173337887361 5.482294953108527 3.968184587605179 3.892373191447292 0.39571806184462865
-1.7695186683784514 1.948721777013651 5.484443161528186 3.9694339884936896 3.892810512407774 0.3957954207938223
-1.767838722576745 1.9499022395331167 5.486962677401469 3.9709042797506573 3.8933286224990367 0.39588653782480243
-1.765912179136285 1.95125110174948 5.489835797544076 3.972586548309163 3.8939254555764995 0.3959908872333692
-1.763747808920686 1.9527610118315009 5.493045509256934 3.9744721814254302 3.894599008459487 0.396107961500641
-1.7613541134018198 1.95442487658716 5.496575464267079 3.9765528567238393 3.8953473385577118 0.39623727066964726
-1.7587393327631822 1.9562358526507708 5.500409953652013 3.9788205325776924 3.8961685615956347 0.39637834174327463
-1.7559114537599334 1.9581873379733474 5.50453388371019 3.9812674388141143 3.897060849430569 0.396530718102833
-1.7528782173429005 1.9602729636055793 5.508932752741682 3.9838860677319095 3.898022427960615 0.39669395894653664
-1.7496471260536333 1.9624865857631573 5.513592628704474 3.986669165421575 3.899051575118621 0.3968676387472184
-1.7462254511973723 1.9648222781645373 5.518500127713153 3.9896097233770536 3.9001466189485767 0.39705134672861736
-1.742620239800606 1.9672743246316131 5.523642393348007 3.992700970389185 3.9013059357609565 0.3972446863596045
-1.7388383213596676 1.9698372119440855 5.529007076743816 3.99593636471116 3.902527948363696 0.3974472748657323
-1.7348863143866553 1.97250562293866 5.534582317428736 3.9993095864866266 3.9038111243656246 0.3976587427575139
-1.7307706327587584 1.9752744298445153 5.540356724884857 4.002814530431433 3.905153974549296 0.3978787333748604
-1.7264974918768936 1.9781386878467921 5.546319360803064 4.006445298760296 3.9065550513102973 0.3981069024471212
-1.7220729146393716 1.981093628870144 5.552459722005903 4.01019619435 3.908012947160249 0.3983429176681945
-1.717502737236162 1.9841346555746822 5.558767724013134 4.014061714131031 3.909526293290794 0.398586458286191
-1.712792614769135 1.9872573355569103 5.565233685225641 4.018036542699813 3.9110937581960243 0.3988372147071523
-1.7079480267035119 1.990457395748515 5.571848311704281 4.022115546144025 3.91271404635088 0.3990948881123434
-1.7029742821556035 1.993730717006131 5.57860268252116 4.026293766073691 3.9143858969431533 0.3993591900886537
-1.697876525021743 1.9970733288854405 5.585488235661656 4.030566413851046 3.9161080826568577 0.3996298422716579
-1.692659738953194 2.0004814045932107 5.592496754456395 4.034928865012384 3.9178794085047777 0.3999065760009026
-1.6873287521816693 2.0039512561110855 5.5996203545230845 4.039376653875348 3.9196987107081447 0.40018913198700173
-1.6818882421999342 2.007479329485187 5.606851471198982 4.043905468325354 3.921564855621444 0.4004772599901334
-1.6763427403018718 2.011062200275773 5.614182847445415 4.0485111447750475 3.9234767387004554 0.4007707185095507
-1.6706966359862059 2.0146965691614156 5.621607522206545 4.05318966329093 3.9254332835117056 0.40106927448372715
-1.6649541812280266 2.018379257692352 5.629118819205196 4.057937142881457 3.9274334407815825 0.4013727030007736
-1.6591194946220447 2.0221072041878525 5.636710336159259 4.062749836941146 3.9294761874834543 0.40168078701877474
-1.6531965654014562 2.0258774597726372 5.6443759344027935 4.0676241288454005 3.931560525961177 0.4019933170957046
-1.6471892573361697 2.0296871845475297 5.652109728896539 4.072556527690956 3.9336854830874737 0.4023100911285945
-1.6411013125139928 2.0335336438897356 5.6599060786131705 4.077543664177006 3.9358501094557 0.40263091410163515
-1.6349363550083233 2.037414204878268 5.6677595772831495 4.082582286622263 3.938053478603606 0.40295559784290774
-1.628697894435748 2.0413263328402174 5.675665044487569 4.087669257113368 3.9402946862677437 0.40328396078944817
-1.622389329406865 2.045267588013703 5.683617517084927 4.092801547780208 3.9425728496672248 0.40361582776035915
-1.6160139508735285 2.049235622323507 5.691612240959248 4.097976237193867 3.9448871068155986 0.4039510297376944
-1.6095749453756496 2.053228176265504 5.699644663077428 4.103190506883085 3.9472366158596737 0.4042894036548492
-1.603075398190564 2.0572430758961704 5.70771042384418 4.108441637965226 3.9496205544441407 0.40463079219219933
-1.5965182963878894 2.0612782299235586 5.71580534974337 4.1137270078879205 3.952038119100917 0.404975043579741
-1.5899065317927374 2.0653316268962616 5.723925446254955 4.119044087277655 3.95448852466218 0.40532201140649193
-1.583242903860008 2.06940133248702 5.73206689103718 4.124390436891718 3.956971003696081 0.40567155443642133
-1.576530122462469 2.073485486867724 5.740226027364023 4.129763704670054 3.9594848059642094 0.4060235364306858
-1.5697708105951835 2.0775823021726922 5.748399357808323 4.1351616228836505 3.9620291978998736 0.40637782597595523
-1.5629675069988358 2.0816900600472152 5.756583538161342 4.140582005376258 3.96460346210634 0.4067342963186196
-1.5561226687043583 2.085807109278446 5.764775371579876 4.146022744896298 3.9672068968741923 0.40709282520467566
-1.5492386735012524 2.089931863505834 5.77297180295237 4.151481810515964 3.9698388157170057 0.40745329472509884
-1.5423178223318925 2.0940627990083955 5.781169913475816 4.156957245134592 3.9724985469245784 0.4078155911665129
-1.5353623416140239 2.0981984525661987 5.7893669154355205 4.162447163063501 3.9751854331329817 0.4081796048669751
-1.5283743854936334 2.102337419393539 5.797560147180128 4.167949747689575 3.977898830910724 0.40854523007670207
-1.5213560380302753 2.1064783511413734 5.805747068284571 4.173463249214992 3.9806381103603696 0.4089123648235681
-1.5143093153168858 2.1106199539666584 5.813925254893904 4.17898598247053 3.9834026547349475 0.40928091078321005
-1.5072361675360493 2.1147609866663157 5.822092395241245 4.184516324800044 3.9861918600685593 0.40965077315358417
-1.5001384809546408 2.1189002588736425 5.8302462853332795 4.1900527140137225 3.989005134820575 0.41002186053381945
-1.493018079858683 2.1230366293150444 5.838384824797078 4.195593646407854 3.991841899532864 0.41039408480722256
-1.4858767284302163 2.127169004125052 5.8465060128821555 4.201137674848907 3.994701586499521 0.41076736102829103
-1.478716132567937 2.1312963352176477 5.85460794461198 4.206683406919773 3.9975836394485604 0.4111416073135974
-1.4715379416532728 2.1354176187119975 5.862688807079329 4.212229503126144 4.000487513235095 0.4115167447364124
-1.464343750263558 2.1395318934107515 5.8707468758801085 4.217774675161005 4.003412673545519 0.41189269722493854
-1.4571350998338706 2.1436382393291407 5.878780511680461 4.223317684225358 4.0063585966122375 0.41226939146403063
-1.449913480269109 2.147735776273152 5.886788156912171 4.228857339403292 4.009324768938522 0.41264675680028395
-1.4426803315077605 2.151823662465132 5.894768332591584 4.234392496089623 4.012310687033059 0.4130247251503744
-1.4354370450388552 2.155901093215218 5.9027196352573945 4.2399220544683764 4.015315857153807 0.41340323091253983
-1.4281849653734704 2.1599672996370556 5.91064073402291 4.2454449580404185 4.018339795060771 0.41378221088109396
-1.4209253914721907 2.164021547406319 5.918530367738455 4.25096019219865 4.0213820257773385 0.41416160416387027
-1.413659578129805 2.168063135560582 5.926387342259861 4.256466782849176 4.024442083359822 0.4145413521024947
-1.4063887373185637 2.172091395339169 5.934210527819039 4.261963795076955 4.027519510674873 0.41492139819539015
-1.3991140394912045 2.1761056890616284 5.941998856492846 4.267450331854465 4.030613859184454 0.4153016880234201
-1.3918366148449839 2.180105409043545 5.9497513197665794 4.272925532791978 4.033724688738059 0.4156821691780799
-1.3845575545478623 2.184089976548433 5.957466966188554 4.278388572928084 4.036851567371883 0.4160627911921492
-1.3772779119279872 2.188058840774504 5.96514489911239 4.283838661559141 4.0399940711146725 0.4164435054727209
-1.3699987036275831 2.192011477875148 5.972784274523722 4.2892750411063885 4.043151783799974 0.41682426523652566
-1.3627209107222984 2.1959473900119906 5.980384298948191 4.294696986019486 4.04632429688454 0.4172050254474723
-1.3554454798070612 2.199866104439446 5.987944227437698 4.300103801715296 4.049511209272629 0.41758574275632954
-1.3481733240494376 2.203767172619713 5.995463361631995 4.305494823550756 4.052712127145979 0.41796637544247506
-1.3409053242114726 2.207650169367193 6.002941047892808 4.310869415828735 4.055926663799218 0.4183468833576406
-1.3336423296409574 2.211514692021357 6.010376675507808 4.316226970835798 4.059154439480498 0.41872722787158567
-1.3263851592330376 2.215360359647108 6.017769674961813 4.321566907910842 4.06239508123716 0.4191073718196337
-1.3191346023630497 2.2191868122617278 6.02511951627273 4.326888672543604 4.0656482227662005 0.4194872794520055
-1.3118914197914546 2.222993710087516 6.032425707389825 4.332191735502063 4.068913504269389 0.4198669163848906
-1.3046563445416988 2.22678073282928 6.039687792652013 4.337475591987808 4.072190572312821 0.4202462495531953
-1.2974300827518115 2.2305475789758367 6.046905351303921 4.342739760818464 4.075479079690757 0.42062524716491057
-1.2902133145005323 2.2342939651247358 6.054077996067597 4.3479837836362965 4.078778685293567 0.4210038786570444
-1.2830066946087242 2.238019625329434 6.061205371767782 4.353207224142148 4.082089053979632 0.4213821146530652
-1.2758108534168162 2.2417243104681743 6.068287154008763 4.358409667353891 4.085409856451038 0.42175992692180336
-1.2686263975389918 2.245407787633854 6.075323047900897 4.3635907188886085 4.088740769132929 0.4221372883377628
-1.2614539105948177 2.2490698395441733 6.082312786834944 4.368750004267721 4.092081474056368 0.4225141728427931
-1.2542939539189928 2.2527102639714203 6.089256131302465 4.373887168244343 4.095431658744586 0.42289055540907494
-1.2471470672498643 2.2563288731912103 6.09615286776054 4.379001874152137 4.098791016102474 0.42326641200337634
-1.240013769397351 2.2599254934495776 6.103002807539199 4.384093803274968 4.102159244309217 0.4236417195525329
-1.2328945588908917 2.263499964447802 6.109805785789948 4.389162654236717 4.105536046713922 0.4240164559101128
-1.2257899146080096 2.267052138844388 6.116561660473893 4.394208142410565 4.108921131734166 0.4243905998242249
-1.218700296384076 2.2705818817736287 6.123270311387983 4.39922999934716 4.112314212757319 0.42476413090643006
-1.2116261456038355 2.2740890703802057 6.1299316392279515 4.404227972221041 4.1157150080445675 0.42513702960171995
-1.2045678857752375 2.2775735933693064 6.136545564686619 4.409201823294732 4.119123240637522 0.42550927715952425
-1.1975259230860993 2.2810353505717327 6.143112027586229 4.414151329399953 4.122538638267324 0.42588085560571304
-1.1905006469441193 2.2844742525235198 6.149630986043553 4.419076281435385 4.1259609332661515 0.4262517477155593
-1.1834924305007308 2.287890220059579 6.156102415666572 4.423976483880471 4.129389862481052 0.426621936987629
-1.176501631159287 2.291283183920912 6.16252630878155 4.428851754324738 4.132825167190002 0.42699140761856674
-1.1695285910680386 2.2946530843749398 6.168902673689374 4.433701923012133 4.136266593020129 0.42736014447874615
-1.1625736375983573 2.2979998708485265 6.175231533950086 4.43852683239991 4.1397138898680055 0.4277281330887563
-1.1556370838086534 2.3013235015732723 6.181512927694564 4.4433263367316 4.143166811821953 0.42809535959669415
-1.1487192288944028 2.3046239432426767 6.187746906962329 4.448100301623593 4.1466251170862805 0.4284618107562368
-1.1418203586247095 2.3079011706807853 6.193933537064543 4.452848603664944 4.1500885679073924 0.42882747390546583
-1.1349407457657974 2.3111551665219343 6.200072895971241 4.457571130029928 4.153556930501699 0.42919233694641806
-1.1280806504918193 2.3143859209012416 6.206165073721904 4.462267778102984 4.15702997498527 0.42955638832533866
-1.1212403207833765 2.317593431155482 6.21221017185853 4.466938455115622 4.16050747530517 0.42991961701361153
-1.1144199928140894 2.32077770153401 6.218208302880342 4.471583077794939 4.163989209172424 0.4302820124893445
-1.107619891325602 2.3239387429194043 6.224159589719356 4.476201572023352 4.167474957996546 0.43064356471958626
-1.1008402299913462 2.3270765725575107 6.2300641652360325 4.480793872509202 4.170964506821603 0.4310042641431542
-1.0940812117694096 2.330191213796579 6.235922171734253 4.485359922467897 4.174457644263724 0.4313641016540513
-1.0873430292448307 2.3332826958351944 6.241733760494935 4.489899673313232 4.17795416245006 0.43172306858545295
-1.080625864961628 2.3363510534787215 6.247499091327578 4.494413084358592 4.181453856959099 0.43208115669424296
-1.0739298917448856 2.3393963269039735 6.253218332139078 4.498900122527705 4.184956526762313 0.43243835814608095
-1.0672552730131755 2.3424185614318453 6.258891658519186 4.503360762074655 4.188461974167106 0.43279466550098267
-1.0606021630816058 2.345417807307651 6.264519253341977 4.507794984312855 4.1919700047610045 0.4331500716993951
-1.0539707074557865 2.3483941194889026 6.270101306382751 4.512202777352703 4.195480427357044 0.43350457004875026
-1.0473610431169678 2.351347557440308 6.275638013949795 4.516584135847641 4.198993053940351 0.43385815421048063
-1.0407732987986247 2.354278184935731 6.281129578530454 4.520939060748354 4.2025076996158415 0.434210818187481
-1.0342075952547334 2.357186069866898 6.286576208450972 4.525267559064856 4.20602418255703 0.4345625563120005
-1.0276640455199932 2.3600712840586318 6.291978117549618 4.52956964363621 4.209542323955902 0.43491336323395147
-1.0211427551622312 2.362933903090396 6.2973355248625875 4.533845332907638 4.213061947973819 0.43526323390961924
-1.0146438225272196 2.365774006123942 6.3026486543222076 4.538094650714801 4.2165828816934425 0.43561216359076066
-1.0081673389761403 2.3685916757368664 6.307917734467001 4.542317626075012 4.2201049550716165 0.4359601478140769
-1.001713389115897 2.371386997761884 6.313142998163164 4.54651429298516 4.223628000893207 0.43630718239104826
-0.9952820510225093 2.374160061131624 6.318324682337035 4.550684690226154 4.227151854725859 0.4366532633981185
-0.988873396457778 2.3769109577287777 6.323463027718157 4.554828861173662 4.23067635487565 0.4369983871672168
-0.9824874910794317 2.37963978224142 6.328558278592521 4.558946853614952 4.2342013423436065 0.43734255027660535
-0.9761243946449372 2.382346632023335 6.333610682565643 4.5630387195716535 4.2377266607830695 0.4376857495420419
-0.9697841612091751 2.385031606959186 6.338620490335088 4.56710451512824 4.241252156457884 0.4380279820082466
-0.9634668393161525 2.387694809334367 6.343587955472097 4.571144300266064 4.244777678201374 0.4383692449406616
-0.9571724721849328 2.390336343709387 6.348513334211987 4.575158138702759 4.248303077376113 0.4387095358174951
-0.9509010978899606 2.3929563167986436 6.353396885252989 4.579146097736855 4.251828207834435 0.4390488523220386
-0.9446527495359329 2.39555483735343 6.358238869563223 4.583108248097431 4.25535292587969 0.4393871923352489
-0.9384274554273939 2.39813201604905 6.363039550195495 4.587044663798652 4.258877090228215 0.43972455392858534
-0.932225239233206 2.400687965375906 6.367799192109636 4.590955421999041 4.262400561972005 0.44006093535709345
-0.9260461201460397 2.4032227995344195 6.372518062002106 4.594840602865329 4.265923204542057 0.4403963350527273
-0.9198901130370403 2.4057366343336746 6.377196428142572 4.59870028944075 4.269444883672385 0.4407307516179011
-0.9137572286058169 2.408229587093649 6.381834560217241 4.6025345675176315 4.2729654673646795 0.4410641838192637
-0.9076474735258753 2.410701776550931 6.3864327291786545 4.606343525514159 4.2764848258536 0.4413966305816872
-0.9015608505856529 2.4131533227677893 6.390991207101728 4.61012725435517 4.28000283157267 0.4417280909824626
-0.8954973588252684 2.4155843470445064 6.395510267045805 4.613885847356863 4.283519359120791 0.4420585642456957
-0.8894569936691199 2.4179949718348555 6.39999018292249 4.617619400115288 4.2870342852293275 0.44238804973689616
-0.8834397470544553 2.420385320664622 6.4044312293690515 4.621328010398516 4.290547488729768 0.4427165469577535
-0.8774456075560324 2.422755518053076 6.4088336816271925 4.625011778042358 4.294058850521948 0.44304405554109233
-0.8714745605069862 2.4251056894372867 6.413197815426978 4.628670804849527 4.297568253542809 0.4433705752460028
-0.8655265881160119 2.427435961099202 6.417523906875736 4.632305194492139 4.301075582735704 0.44369610595313824
-0.8596016695809809 2.429746460095389 6.421812232351742 4.635915052417449 4.304580725020204 0.4440206476601753
-0.8536997811990847 2.4320373141893565 6.426063068402515 4.639500485756711 4.308083569262438 0.44434420047743106
-0.8478208964736198 2.4343086517863717 6.430276691647533 4.643061603237081 4.311584006245902 0.44466676462363114
-0.8419649862175045 2.436560601870693 6.43445337868524 4.646598515096454 4.3150819286427815 0.4449883404218245
-0.8361320186536338 2.4387932939451327 6.43859340600414 4.650111333001149 4.318577230985726 0.44530892829543856
-0.8303219595121529 2.441006857972885 6.442697049897862 4.653600169966352 4.322069809640109 0.4456285287644716
-0.8245347721247556 2.443201424321529 6.446764586384018 4.6570651402792365 4.3255595627767285 0.445947142441816
-0.8187704175160833 2.4453771237091555 6.450796291126737 4.660506359424668 4.329046390344961 0.44626477002970916
-0.8130288544923228 2.447534087152526 6.45479243936272 4.66392394401342 4.332530194046347 0.446581412316307
-0.8073100397270676 2.4496724459172166 6.458753305830683 4.667318011712817 4.33601087730861 0.4468970701723759
-0.8016139278445458 2.451792331469668 6.462679164704078 4.670688681179741 4.339488345260085 0.4472117445480995
-0.7959404715002756 2.4538938754310866 6.466570289526949 4.674036071995906 4.342962504704568 0.44752543646999543
-0.7902896214592325 2.455977209533134 6.470426953152808 4.677360304605353 4.346433264096555 0.44783814703793984
-0.7846613266715985 2.4580424655753434 6.474249427686433 4.680661500254081 4.349900533516882 0.4481498774222939
-0.7790555343461705 2.460089775384207 6.478037984428459 4.683939780931753 4.353364224648754 0.4484606288611307
-0.7734721900214887 2.462119270773884 6.481792893822658 4.687195269315417 4.356824250754137 0.4487704026575582
-0.767911237634761 2.4641310835084695 6.485514425405819 4.690428088715161 4.360280526650541 0.4490792001771347
-0.7623726195886396 2.466125345265775 6.489202847760118 4.69363836302167 4.363732968688149 0.4493870228453743
-0.7568562768159275 2.46810218760257 6.492858428467883 4.696826216655594 4.367181494727312 0.44969387214533896
-0.7513621488422557 2.4700617419212403 6.4964814340686745 4.699991774518702 4.37062602411639 0.4499997496153141
-0.8631708226317087 2.437934414079006 6.574703768245674 5.372076546867149 4.17387594348441 0.42481104982494583
-0.857609894269669 2.43989608875816 6.577821851594033 5.37595146170944 4.177033615522795 0.42512764538278
-0.8520712965944091 2.4418403748149022 6.580909385511417 5.379800485356631 4.1801879826745925 0.4254432337698926
-0.846554963679194 2.443767405949138 6.583966632196322 5.383623780597141 4.183338961999448 0.42575781679614944
-0.8410608284590797 2.4456773155548577 6.586993852520401 5.38742151010248 4.186486472055101 0.42607139631803964
-0.8355888227833344 2.447570236693837 6.589991306000568 5.39119383638965 4.189630432875914 0.4263839742367181
-0.8301388774662102 2.449446302070477 6.592959250772796 5.394940921785084 4.192770765951692 0.426695552496116
-0.8247109223361044 2.451305644007732 6.5958979435675005 5.398662928390101 4.195907394206772 0.4270061330811175
-0.8193048862831604 2.4531483944241086 6.59880763968647 5.402360018047792 4.199040241979415 0.42731571801579954
-0.813920697305357 2.4549746848116767 6.601688592981278 5.406032352311327 4.202169235001463 0.4276243093617336
-0.8085582825531299 2.4567846462150826 6.604541055833112 5.409680092413584 4.2052943003782755 0.427931909216347
-0.8032175683725686 2.458578409211509 6.607365279133978 5.413303399238106 4.2084153665689366 0.4282385197113405
-0.797898480347226 2.4603561038915656 6.610161512269206 5.416902433291297 4.211532363366739 0.42854414301116267
-0.7926009433385972 2.4621178598410696 6.612930003101225 5.4204773546758505 4.214645221879923 0.42884878131153614
-0.7873248815252882 2.4638638061236913 6.615670997954528 5.424028323065329 4.217753874512687 0.429152436838037
-0.7820702184409254 2.4655940712644293 6.6183847416018295 5.427555497679894 4.220858254946458 0.4294551118447226
-0.7768368770108425 2.4673087832338947 6.6210714772513075 5.431059037263113 4.223958298121415 0.4297568086128091
-0.7716247795875741 2.469008069433371 6.623731446534924 5.434539100059836 4.227053940218266 0.4300575294493938
-0.7664338479852022 2.470692056680628 6.626364889497777 5.43799584379507 4.230145118640283 0.4303572766862234
-0.7612640035125811 2.4723608711964538 6.628972044588435 5.441429425653853 4.23323177199558 0.43065605267850543
-0.7561151670054747 2.4740146385918953 6.631553148650202 5.444840002262065 4.236313840079635 0.43095385980376133
-0.750987258857648 2.475653483856173 6.634108436913306 5.4482277296681545 4.239391263858057 0.4312507004607202
-0.7458801990509327 2.4772775313452438 6.636638142987946 5.451592763325753 4.242463985449589 0.4315465770682514
-0.7407939071843002 2.4788869047710023 6.639142498858169 5.454935258077129 4.2455319481093525 0.4318414920643347
-0.7357283025019776 2.4804817271910835 6.641621734876548 5.45825536813748 4.248595096212318 0.43213544790506714
-0.7306833039206295 2.4820621209992577 6.6440760797596266 5.461553247079998 4.251653375237012 0.4324284470637051
-0.7256588300556364 2.4836282079163903 6.646505760584084 5.464829047821713 4.254706731749449 0.43272049202973983
-0.7206547992464909 2.4851801089819476 6.648911002783617 5.468082922610067 4.257755113387287 0.43301158530800604
-0.7156711295813514 2.4867179445460343 6.651292030146477 5.471315023010209 4.260798468844204 0.4333017294178222
-0.7080222609593241 2.4888980553171587 6.653782022499454 5.474594391341192 4.264097370084125 0.4335909268921613
-0.6978085769800169 2.4917008116790713 6.656376210990937 5.477918366253721 4.26764557769342 0.4338791802768511
-0.685127014100197 2.4951070878469164 6.659069972151458 5.481284370858825 4.271436951393057 0.43416649212980285
-0.6700711805430144 2.499098249419548 6.661858823975663 5.484689910519611 4.2754654496893885 0.43445286502026786
-0.6527314710534453 2.503656141234228 6.664738422099501 5.488132570690279 4.279725129460278 0.43473830152812
-0.6331951776465861 2.508763075516492 6.667704556070715 5.491610014801815 4.2842101454807375 0.4350228042431643
-0.6115465964902298 2.514401820318166 6.670753145710739 5.495119982193755 4.2889147498920215 0.4353063757644703
-0.5878671310581156 2.520555588236662 6.6738802375660935 5.49866028609137 4.293833291617958 0.43558901869972927
-0.5622353916853813 2.5272080254088376 6.67708200144744 5.502228811627673 4.2989602157321025 0.43587073566463436
-0.5347272916530943 2.5343432007728706 6.680354727054441 5.505823513909561 4.304290062779155 0.43615152928228335
-0.5054161399242107 2.5419455955917387 6.6836948206846145 5.509442416127467 4.309817468053891 0.4364314021826027
-0.47437273064896246 2.5500000932320486 6.687098802024377 5.513083607707841 4.315537160840732 0.4367103570017923
-0.4416654295534914 2.5584919691921004 6.690563301020525 5.516745242507805 4.321443963616895 0.4369883963817909
-0.4073602573214927 2.567406881373224 6.694085054830391 5.5204255370512785 4.327532791221973 0.43726552296976
-0.37152097007474083 2.5767308605885404 6.697660904848977 5.524122768805941 4.333798649996583 0.4375417394175874
-0.33420913705460453 2.586450301303472 6.70128779381134 5.52783527450031 4.340236636892674 0.43781704838140795
-0.29548421560304483 2.5965519526024154 6.704962762968598 5.531561448480274 4.346841938557899 0.43809145252114234
-0.25540362353806767 2.6070229093761608 6.708682949335884 5.5352997411043905 4.353609830396355 0.4383649545000529
-0.2140228090152707 2.61785060372474 6.712445583010654 5.539048657177267 4.360535675607884 0.4386375569843149
-0.17139531796383478 2.6290227965705237 6.716247984559736 5.542806754420338 4.367614924208028 0.4389092626426042
-0.12757285918220784 2.640527569476503 6.720087562473597 5.546572641979375 4.374843112030586 0.43918007414570004
-0.0826053671756819 2.652353316664813 6.723961810686234 5.5503449789680115 4.382215859714669 0.4394499941661019
-0.03654106281516434 2.664488737230677 6.7278683061592375 5.5541224730466645 4.3897288716780185 0.4397190253776613
0.01057348810636416 2.676922827547039 6.731804706528505 5.557903879036127 4.3973779350782785 0.43998717045522656
0.05869331834594371 2.689644873855307 6.735768747812163 5.561687997565198 4.405158918763802 0.44025443207430137
0.10777500464010403 2.702644445037688 6.739758242178269 5.565473673751666 4.413067772215534 0.44052081291071554
0.16176903786126662 2.716399360146454 6.743959459996205 5.569568010565945 4.421311144332859 0.4407862308371935
0.22018947534743516 2.7308340651784193 6.7483440707721485 5.573937265762767 4.429859016641625 0.44105069161785415
0.2825846889874537 2.745878100901757 6.752885974799949 5.5785502362934345 4.43868322705817 0.4413142009102255
0.3485351366357907 2.7614657838254977 6.7575611498107575 5.583378086858114 4.447757360460113 0.44157676426858966
0.4176512744448875 2.7775359068973926 6.762347507632638 5.588394189544262 4.4570566457700505 0.4418383871472151
0.489571601285244 2.7940314587087296 6.76722476022145 5.593573973847857 4.466557859157855 0.44209907490347816
0.5632568075228166 2.81073022598986 6.772126850473845 5.598882650053962 4.4761983215098295 0.44235909854424216
0.6384403708013793 2.8275958821676874 6.777041285095601 5.6042994806841 4.485960570604894 0.4426184535551
0.7148767135193674 2.844594752947651 6.7819566630403685 5.609805408272515 4.495828295942444 0.4428771356665779
0.7923397514890722 2.861695643342024 6.786862597439715 5.615382937356656 4.505786267684761 0.4431351408454336
0.8706215394148402 2.8788696758272048 6.791749642799673 5.621016024381431 4.51582027003425 0.44339246528625414
0.9495310068128966 2.896090138910526 6.796609227115284 5.626689974995118 4.5259170387632155 0.4436491054033432
1.028892778413667 2.913332345433864 6.801433588577569 5.632391348249037 4.536064202632118 0.4439050578228872
1.1085460734783268 2.930573499985057 6.806215716568716 5.63810786724512 4.546250228449253 0.44416031937539174
1.1883436788265742 2.947792574829 6.810949296661301 5.643828335805438 4.55646436954075 0.4444148870883785
1.2681509907139585 2.9649701938085125 6.815628659356045 5.649542560765656 4.566696617414662 0.44466875817933355
1.3478451210160967 2.9820885237007504 6.8202487323100645 5.655241279520578 4.5769376564168285 0.44492193004889835
1.4273140634751866 2.9991311725483554 6.8248049958238965 5.660916092474299 4.587178821189241 0.44517440027429594
1.5064801966454224 3.0160758062249613 6.82935317103988 5.666660101217027 4.59741095425799 0.4454260079816556
1.5852476558174728 3.032908577960079 6.833886992698389 5.672459392336117 4.607623435036972 0.44567675688855546
1.6635296117274323 3.049616817983781 6.838400729989919 5.678301215821863 4.617806541296176 0.44592665067090276
1.7412476108605675 3.0661889553069415 6.842889149662402 5.68417390209511 4.6279513867882764 0.44617569296407733
1.8183309607912899 3.0826144445413615 6.847347481567231 5.690066784653819 4.638049863023414 0.4464238873640368
1.8947161575504132 3.098883697433124 6.8517713864838985 5.6959701279648325 4.6480945849187005 0.4466712374283849
1.9842195943954195 2.904041132220253 6.746699236172168 6.029948301450949 4.44361335743234 0.4425085868078691
2.058484797103109 2.9206789272016227 6.7502318277602456 6.0298665234794475 4.456669562335872 0.44275862249521947
2.131907042073626 2.9371398980590544 6.753736031131263 6.029824309669453 4.469635035985028 0.4430078094878814
2.2044468205433385 2.95341586944509 6.757209817374932 6.029819769884456 4.482500286698647 0.4432561512606741
2.2760694539057007 2.969499518279961 6.7606513439145175 6.029851127462705 4.495256782357225 0.44350365125429725
2.346744723056353 2.985384314371436 6.764058942112124 6.029916711902472 4.507896880073721 0.44375031287621813
2.4164465234179358 3.0010644649227753 6.767431105663249 6.0300149520209185 4.520413760642253 0.44399613950152966
2.4851525439205693 3.0165348626754334 6.770766479730024 6.030144369555915 4.532801367447046 0.4442411344737794
2.552843968328509 3.031791037449712 6.774063850765852 6.030303573182107 4.545054349534992 0.4444853011057714
2.6195051974104095 3.046829110862083 6.777322136987235 6.0304912529144294 4.5571680085747825 0.4447286426803417
2.6851235905505275 3.0616457540123694 6.780540379451394 6.030706174873973 4.569138249443888 0.4449711624511076
2.749689225491442 3.07623814794752 6.783717733701037 6.030947176392768 4.580961534201773 0.44521286364319307
2.813194674985954 3.0906039467213215 6.786853461940051 6.031213161435556 4.592634839223689 0.4454537494539289
2.875709207250384 3.1047469541278767 6.789863261816061 6.03141785629558 4.604194819016528 0.44569379496742406
2.9372238868690594 3.1186654203666464 6.792751577403456 6.031565110269137 4.615637098386719 0.4459330043799508
2.997732069720191 3.132358006634412 6.795522668859129 6.031658540880743 4.626957779642469 0.4461713818256008
3.057229214160198 3.145823753876761 6.798180621645578 6.031701548308302 4.638153409129564 0.44640893137814447
3.1157127054177147 3.1590620536151657 6.80072935523078 6.031697328890871 4.649220945941054 0.44664565705282866
3.173181692316025 3.172072620715178 6.803172631296407 6.03164888777792 4.660157732661196 0.4468815628081125
3.229636935500535 3.1848554679699395 6.8055140614840095 6.0315590507752415 4.670961468013029 0.4471166525473455
3.2850806664020022 3.197410882381373 6.807757114706929 6.031430475439066 4.681630181287383 0.4473509301203887
3.3395164562167783 3.209739403029001 6.809905124053999 6.031265661466647 4.692162208438921 0.44758439932518096
3.3929490942325966 3.221841800423475 6.811961293309455 6.031066960428426 4.702556169742282 0.4478170639092527
3.4453844748725997 3.2337190572485497 6.8139287031119995 6.0308365848840175 4.712810948908141 0.4480489275711891
3.496829492871576 3.245372350401448 6.81581031677449 6.0305766169215085 4.7229256735655625 0.4482799939620428
3.547291946036971 3.256803034247395 6.8176089857844495 6.030289016157008 4.732899697022956 0.44851026668670074
3.596780445083285 3.2680126250095434 6.819327455004329 6.029975627229043 4.742732581225624 0.44873974930520333
3.6453043300621917 3.2790027862205857 6.820968367589246 6.029638186820122 4.752424080833129 0.44896844533402047
3.6928735929421843 3.2897753151671396 6.822534269638936 6.029278330235734 4.761974128344681 0.4491963582472844
3.7394988059210252 3.3003321302624062 6.824027614599487 6.028897597569087 4.7713828202052895 0.44942349147798094
3.7851910550817625 3.310675259286805 6.825450767429592 6.0284974394780795 4.780650403829814 0.44964984841910105
3.8299618790288017 3.3208068284401504 6.826806008545097 6.028079222599278 4.789777265486014 0.44987543242475375
3.8738232121645497 3.330729052152602 6.828095537554754 6.027644234622086 4.7987639189815265 0.4501002468112414
3.916787332289599 3.340444223605007 6.829321476799374 6.027193689044813 4.807610995103196 0.45032429485809966
3.9588668122304136 3.349954705912457 6.830485874705761 6.0267287296329215 4.816319231760508 0.45054757980910193
4.0000744752180815 3.359262923927849 6.831590708966141 6.026250434598453 4.8248894647879546 0.4507701048732308
4.040423353760035 3.368371356625036 6.832637889553174 6.025759820518414 4.833322619364063 0.45099187322561685
4.079926651763751 3.377282530023752 6.833629261579965 6.025257846008736 4.841619702007523 0.45121288800844583
4.118597709687464 3.385999010620936 6.834566608013991 6.024745415169382 4.849781793113363 0.4514331523318361
4.156449972507869 3.3945233992953794 6.835451652253257 6.024223380815153 4.857810039994531 0.4516526692746866
4.193496960308761 3.4028583256547167 6.836286060572544 6.0236925475058305 4.86570565039642 0.4518714418854967
4.229752241307617 3.411006442795812 6.837071444447092 6.023153674388393 4.873469886453956 0.4520894731831582
4.265229407149338 3.418970422451443 6.837809362760668 6.02260747786325 4.881104059062833 0.452306766157722
4.299942050307744 3.426752950497927 6.8385013239045005 6.022054634085659 4.888609522638269 0.45252332377113874
4.333903743446085 3.4343567227999836 6.839148787773227 6.021495781312779 4.895987670236358 0.45273914895797485
4.349808050274197 3.950533963348712 6.657768788594334 6.498648100828813 5.301952999004104 0.4595612831309613
4.381634184529871 3.9580745964327555 6.659080032050632 6.49996068410201 5.309414492374052 0.4597707676129737
4.412764489429913 3.9654342019439595 6.6603234625130785 6.501205233944059 5.316737706438982 0.4599795448064557
4.443212015283116 3.9726156014281955 6.661500969661935 6.502383716196365 5.32392451744469 0.46018761747861353
4.472989716073442 3.979621615115152 6.662614398008403 6.503498050255694 5.330976816915592 0.4603949883730601
4.501607335202605 3.98497462157865 6.653030129663085 6.495162170511895 5.343633665366149 0.46060166021038734
4.529096481252277 3.988772654503564 6.633680902932731 6.478196708557405 5.361389229613032 0.46080763568871924
4.555488101985061 3.9911096202653003 6.605440944456821 6.453371056990445 5.383769750819945 0.46101291748424733
4.580812484863501 3.9920754178371487 6.569129078064781 6.421406076913717 5.410331828576776 0.46121750825174784
4.605099258697457 3.9917560581044307 6.5255116875351735 6.382976679056659 5.4406607861688006 0.4614214106250827
4.628377396325932 3.9902337823462597 6.475305539362317 6.338714283754102 5.474369113613569 0.4616246272176835
4.650675218245112 3.987587179668999 6.419180471414736 6.289209164827589 5.511094985168711 0.46182716062301993
4.67202039709972 3.983891303197198 6.357761953155015 6.2350126822339345 5.550500848135827 0.46202901341505287
4.692439962959828 3.979217784848004 6.291633522882101 6.176639408169239 5.592272079903911 0.4622301881486731
4.711960309310123 3.9736349485338907 6.221339107254581 6.114569151145069 5.636115710290507 0.4624306873601248
4.730607199683166 3.967207921656109 6.147385228157122 6.049248882387069 5.6817592063499855 0.4626305135674164
4.748405774872484 3.9599987447675513 6.07024310178176 5.981094568744691 5.72894931692616 0.4628296692707174
4.765380560665469 3.952066479298902 5.990350634611069 5.910492916143998 5.777450974330778 0.4630281569527424
4.7815554760399195 3.943467313255973 5.908114320811395 5.837803027463471 5.827046250630578 0.4632259790791234
4.796953841771709 3.9342546648092043 5.823911045371019 5.763357978565428 5.877533366123386 0.4634231380987689
4.8115983894045975 3.924479283708326 5.738089797150391 5.687466316072928 5.928725747678407 0.4636196364442126
4.825511270536415 3.9141893504663803 5.650973295849188 5.610413480343728 5.980451134707389 0.4638154765319502
4.838714066379032 3.9034305732675723 5.562859536737909 5.532463156959061 6.03255073062188 0.4640106607627658
4.878298815337436 3.183524126197371 5.679253596890318 5.204220450896606 5.66069684141037 0.45770643502021763
4.890327828009939 3.1577803423078272 5.592181943493063 5.1436030195843045 5.711690189129622 0.4579048353698769
4.901694010350286 3.131732317427568 5.504885405303657 5.082837040199997 5.762686759563584 0.4581025718470006
4.91241732872405 3.10545056597331 5.417571038702009 5.022065544138746 5.813577208155158 0.4582996468471694
4.922517206818598 3.079000310848606 5.330428371529742 4.961419536022911 5.8642615828250575 0.4584960627514019
4.932012536999154 3.0524417870014915 5.243630485462139 4.901018730049097 5.914648742661907 0.4586918219264297
4.9409216916828 3.025830530079177 5.157335041618119 4.840972248098911 5.964655807124835 0.4588869267249635
4.949262534707986 2.999217650822043 5.07168525204005 4.781379281365063 6.0142076343421484 0.45908137948595096
4.957052432678992 2.972650095815263 4.986810799567118 4.722329717173624 6.063236327148028 0.4592751825348266
4.964308266266466 2.9461708951931938 4.902828708521548 4.663904732614762 6.111680765555457 0.4594683381837537
4.971046441446809 2.919819397869145 4.819844168526341 4.606177356528385 6.159486164417853 0.45966084873185875
4.977282900664695 2.8936314948413493 4.737951313676184 4.549213001327308 6.2066036550841615 0.45985271646545856
4.983033133904414 2.8676398311047726 4.6572339591896394 4.493069966079203 6.252989889902597 0.46004394365828016
4.988312189657117 2.8418740066779495 4.57776629758065 4.437799912209278 6.298606668476753 0.4602345325716743
4.993134685772227 2.8163607672341797 4.499613556300591 4.383448313128499 6.343420584624574 0.46042448545482195
4.997514820182516 2.7911241848072166 4.422832618718513 4.330054879037125 6.3874026930357095 0.46061380454493467
5.0014663814934135 2.7661858290230255 4.347472610226831 4.277653958100265 6.430528194666115 0.4608024920674486
5.005002759428137 2.7415649292911914 4.273575451182213 4.226274915141051 6.4727761399504224 0.46099055023621294
5.008136955121216 2.7172785283722254 4.201176378317014 4.175942488947845 6.5141291489528 0.4611779812536722
5.0108815912538445 2.693341627720197 4.130304436184915 4.126677129244496 6.554573147615508 0.46136478731104325
5.013248922025372 2.669767324983934 4.060982940135542 4.07849531432713 6.594097119301519 0.461550970588487
5.015250842955984 2.6465669440343484 3.9932299122466643 4.031409850327049 6.632692870863195 0.4617365332552745
5.016898900516351 2.6237501578703437 3.927058491578867 3.9854301530171936 6.670354812503258 0.46192147746994855
5.018204301580731 2.60132510474116 3.8624773200565223 3.940562513039033 6.7070797507272415 0.4621058053804807
5.0191779227005995 2.5792984978089457 3.7994909052201127 3.896810345387788 6.742866693718176 0.4622895191244223
5.019830319196447 2.557675728661757 3.738099961038589 3.8541744239564277 6.777716668494628 0.46247262082905266
5.02017173406599 2.5364609649741174 3.67830172791632 3.8126531019028946 6.811632549242358 0.46265511261152176
5.020212106707445 2.515657242599639 3.620090272977222 3.7722425185704562 6.844618896237766 0.4628369965789892
5.019961081457047 2.4952665523680677 3.5634567716588283 3.732936793657885 6.876681804808184 0.463018274828759
5.019428015940362 2.475289921847399 3.508389771601233 3.694728209304331 6.907828763799737 0.46319894944841045
5.018621989237386 2.455727492320448 3.454875439769997 3.657607380723155 6.938068523048174 0.46337902251592505
5.017551809861709 2.4365785912144085 3.4028977937081417 3.621563415989693 6.967410969371756 0.46355849609981004
5.016226023554422 2.4178418002114936 3.352438917770235 3.586584065559765 6.9958670106278795 0.4637373722592182
5.014652920893685 2.3995150192587014 3.303479165151173 3.5526558620687823 7.023448467396891 0.4639156530440642
5.012840544721179 2.3815955266851128 3.255997346483621 3.5197642509354443 7.050167971877304 0.46409334049513784
5.010796697386907 2.3640800356258125 3.2099709057410024 3.4878937122692317 7.076038873596577 0.4642704366442139
5.008528947814019 2.3469647469426262 3.1653760841474794 3.457027874557164 7.101075151560654 0.4644469435141589
5.006044638385551 2.3302453988232754 3.122188072762403 3.4271496205825374 7.125291332483755 0.46462286311903483
5.003350891655153 2.3139173132323196 3.080381154374229 3.398241186006582 7.148702414757328 0.46479819746420026
5.000441815019339 2.297892820496685 3.0396662920871815 3.37010535498809 7.17145384929592 0.4649744570554424
4.997325507466183 2.282174143368333 3.0000402574716865 3.3427386040620855 7.1935487036696095 0.46515158757935143
4.994009756698291 2.26676271965337 2.961497729009871 3.3161360844531607 7.2149911816013885 0.46532953667254184
4.990502052337373 2.2516592648458373 2.924031483915466 3.290291744967301 7.235786516821505 0.4655082538539684
4.986809598556722 2.2368638309834874 2.8876325775191862 3.2651984469436295 7.255940873840352 0.4656876904595849
4.982939326165472 2.222375861922744 2.852290510906273 3.2408480717017163 7.27546125525646 0.4658677995792635
4.9788979041676225 2.2081942452207857 2.817993387458856 3.2172316208986524 7.294355415235281 0.46604853599589724
4.974691750817864 2.1943173608038142 2.7847280589232555 3.194339310189637 7.312631778812609 0.4662298561266098
4.970327044195466 2.180743126592068 2.752480261591318 3.172160656566256 7.330299366693918 0.46641171796599945
4.965809732316547 2.167469041244018 2.7212347431552755 3.150684559728006 7.347367725237431 0.46659408103134753
4.96114761692418 2.1545395847691298 2.6911409707324565 3.1300088851886825 7.363749412125749 0.46677606244143144
4.956345804129173 2.1419469592721074 2.6621667872212345 3.110111842744198 7.379463862331422 0.46695765608413264
4.951409245547728 2.1296833757411733 2.6342803510073773 3.0909718168267566 7.394530277843956 0.467138856120341
4.946342743113883 2.117741068625662 2.607450178801881 3.072567398506101 7.408967606211915 0.4673196569743617
4.9411509537438185 2.1061123091500615 2.5816451839542287 3.054877414267377 7.422794521509542 0.46750005332465217
4.93583839385607 2.094789417443512 2.556834710551607 3.0378809517827645 7.43602940755809 0.4676800400948794
4.930409443751574 2.083764773559561 2.532988563596744 3.0215573828817033 7.448690343241905 0.4678596124452841
4.924868351857451 2.0730308274569182 2.5100770355401028 3.0058863839128427 7.460795089768744 0.46803876576434333
4.9192192388383145 2.062580108008152 2.488070929426104 2.990847953679716 7.472361079732606 0.46821749566072013
4.913466101578873 2.0524052310995686 2.4669415788977993 2.976422429121634 7.483405407845878 0.4683957979554909
4.907612817041471 2.042498906882101 2.4466608652900024 2.9625904989012786 7.493944823215463 0.46857366867464034
4.901663146002166 2.0328539462296864 2.427201232027189 2.949333215051012 7.503995723045204 0.4687511040418156
4.895620736668874 2.023463266458495 2.4085356965295284 2.9366320028209323 7.513574147654005 0.4689281004713296
4.889489128185003 2.0143198963573914 2.3906378598181184 2.924468668863203 7.522695776705854 0.46910465456140665
4.883271754021962 2.0054169805771664 2.373481913998898 2.912825407879103 7.5313759265543485 0.4692807630876596
4.876971945263828 1.9967477834233782 2.357042647793687 2.9016848078476265 7.539629548610359 0.469456422996793
4.870592933787396 1.98830569209511 2.3412954502764105 2.891029853947218 7.547471228647252 0.46963163140052316
4.86413785534073 1.9800842194094925 2.326216312962706 2.880843931275384 7.554915186963447 0.46980638556970766
4.857609752523318 1.9720770060495503 2.3117818303918183 2.8711108264644425 7.5619752793272355 0.4699806829286777
4.851011577670791 1.9642778223707458 2.297969199330849 2.8618147282855473 7.568664998633638 0.4701545210497656
4.844346195647134 1.9566805697995058 2.284756216723149 2.852940227327325 7.57499747720761 0.4703278976480218
4.837616386547241 1.9492792818550584 2.272121276494743 2.844472314829976 7.580985489692243 0.47050081057611326
4.830824848312571 1.9420681248240386 2.260043365325276 2.836396380750523 7.5866414564646805 0.4706732578193987
4.823974199262615 1.935041398115545 2.248502057482943 2.82869821112998 7.5919774475262916 0.47084523749117346
4.817066980544797 1.928193534322661 2.237477508816265 2.8213639848286096 7.5970051868172925 0.47101674782807834
4.8101056585053685 1.9215190990148596 2.2269504499893036 2.814380269691052 7.601736056909395 0.4711877871856673
4.803092626983788 1.915012790284207 2.216902179041053 2.8077340181989996 7.606181104033311 0.471358354034128
4.7960302095330025 1.908669438066856 2.20731455334416 2.8014125626652104 7.610351043400935 0.4715284469541503
4.788920661567985 1.902484003259974 2.1981699810329234 2.795403610018961 7.614256264784938 0.4716980646329371
4.7817661724448275 1.896451576652962 2.1894514119655666 2.789695236229612 7.617906838321133 0.47186720586035336
4.77456886747259 1.8905673776906338 2.18114232828116 2.7842758804116796 7.621312520501544 0.4720358695252079
4.767330809860097 1.8848267530848635 2.173226734607178 2.779134338651743 7.624482760328492 0.4722040546116636
4.760054002599746 1.8792251752901423 2.1656891479695823 2.7742597575946313 7.627426705602202 0.4723717601957722
4.752260445542897 1.8713566594997684 2.157470482790367 2.7696215269669637 7.630793070752347 0.47253898544212813
4.743986802737927 1.8614197395795218 2.148646569260719 2.7652151187216467 7.634538230681446 0.47270572960063845
4.735267591633694 1.8495994378303509 2.139287884099807 2.761036039173478 7.6386215211992425 0.4728719920034045
4.726135308172744 1.8360681229073272 2.129459891414191 2.757079832113295 7.643005055369622 0.4730377720617112
4.716620544460449 1.8209863145157479 2.1192233624822197 2.753342081621951 7.647653551032602 0.47320306926312034
4.706752099457228 1.8045034381591873 2.108634675755787 2.7498184146047038 7.6525341688221875 0.47336788316866496
4.696557083113858 1.7867585330134008 2.097746098292715 2.7465045030653195 7.6576163600423355 0.4735322134101403
4.6860610143443395 1.7678809158113773 2.0866060497587706 2.7433960661379553 7.662871723802073 0.4736960596874886
4.675287913206857 1.747990803447806 2.0752593500686016 2.740488871893753 7.668273872847303 0.4738594217662747
4.6764520747189815 1.3955010168808835 2.0504146573631408 3.1298824327184493 7.222145945317376 0.4778814635182095
4.665214910968057 1.371066811484322 2.038771227894201 3.1298800804759686 7.225307753712494 0.4780410225649258
4.653766893939026 1.3458216358123776 2.0270607345693366 3.130169983890857 7.228413798648662 0.4782001055358947
4.6421265013318775 1.3198689376488997 2.015312838830752 3.1307338052220945 7.231461127334538 0.47835871243554967
4.630311126908516 1.2933046185449895 2.0035548648037707 3.131554331050416 7.234447044421229 0.47851684332162925
4.618337142531236 1.2662175226913666 1.9918119514677315 3.1326154032260014 7.237369096854147 0.4786744983031695
4.606219956572851 1.2386898952734677 1.9801071953850338 3.1339018540494425 7.240225059579021 0.47883167753856576
4.593974068915124 1.2107978121903917 1.9684617845669785 3.135399445426764 7.243012922052833 0.47898838123370224
4.581613122739039 1.18261158290336 1.9568951240196766 3.1370948117551363 7.245730875513342 0.4791446096401457
4.569149953298179 1.1541961280709745 1.9454249534800838 3.138975406310822 7.248377300963606 0.4793003630534027
4.556596633854873 1.125611333526831 1.9340674578210346 3.1410294509248793 7.2509507578304975 0.47945564181123634
4.543964518947954 1.0969123820595326 1.9228373705748676 3.1432458887452794 7.253449973258606 0.4796104462920424
4.531264285150785 1.0681500643655129 1.9117480709977586 3.1456143398964187 7.25587383200321 0.4797647769132813
4.518505969468592 1.0393710704609151 1.9008116750710595 3.148125059858587 7.258221366888142 0.4799186341299645
4.505699005515212 1.0106182627597926 1.8900391208117218 3.150768900400792 7.2604917497963575 0.48007201843319397
4.492852257600876 0.9819309319517329 1.8794402482411265 3.153537272910579 7.262684283162937 0.480224930348752
4.479900734399873 0.9530516018099586 1.8689248300328853 3.1564315358475215 7.264795116980995 0.48037670424183987
4.466856508032171 0.9240330567019698 1.858507363605776 3.1594438594660783 7.2668243059510935 0.4805273655015555
4.453730973687215 0.8949241639770212 1.848201118951708 3.162566837881934 7.268771950994914 0.4806769386921669
4.440534885050245 0.8657701156727302 1.8380182156030722 3.1657934662340974 7.270638197442885 0.48082544758122525
4.427278387850988 0.8366126561256588 1.8279696951227997 3.1691171190883183 7.272423233261192 0.4809729151667155
4.413971051636647 0.8074902962919197 1.8180655893719595 3.17253153001358 7.274127287318316 0.48111936370327657
4.400621899865515 0.7784385155380851 1.8083149847953366 3.1760307722672305 7.27575062769112 0.48126481472752447
4.38723943841215 0.7494899516194986 1.7987260829517884 3.1796092405278737 7.2772935600104915 0.4814092890825073
4.373831682570097 0.720674579522347 1.7893062575033851 3.183261633618536 7.278756425846428 0.4815528069413235
4.360406182633336 0.6920198798074344 1.7800621078651768 3.1869829381657935 7.28013960113242 0.48169538782993104
4.3469700481331905 0.6635509970573392 1.7709995097060593 3.1907684131435765 7.2814434946289515 0.48183705064917526
4.333529970803211 0.6352908889944515 1.7621236624803758 3.194613575253185 7.28266854642583 0.4819778136960629
4.320092246340511 0.6072604668051209 1.7534391341597613 3.198514185093754 7.28381522648309 0.4821176946843074
4.306662795028322 0.579478727174725 1.7449499033251197 3.202466234079928 7.2848840332100995 0.4822567107641706
4.293247181280907 0.5519628765097577 1.736659398769571 3.2064659320658957 7.2858754920825195 0.4823948785416252
4.279850632168699 0.524728447795962 1.7285705367546749 3.2105096956372017 7.286790154296681 0.4825322140968613
4.266478054978254 0.49778941051598524 1.720685756054158 3.2145941370338775 7.287628595460976 0.48266873300215857
4.253134053858693 0.47115827402595545 1.7130070509117927 3.218716053670449 7.288391414323765 0.48280445033914743
4.23982294560345 0.4448461847676184 1.7055360020328818 3.2228724182202884 7.289079231537323 0.48293938071547854
4.226548774613457 0.4188630176712682 1.6982738057220375 3.2270603692335453 7.289692688457318 0.48307353828092187
4.213315327085384 0.3932174620844615 1.6912213012735733 3.2312772022596348 7.290232445977285 0.4832069367429146
4.200126144466179 0.3679171025424228 1.6843789967147815 3.2355203614468087 7.290699183397545 0.48333958938157673
4.186984536212883 0.34296849467807 1.6777470929966904 3.2397874315928865 7.291093597328014 0.4834715090642126
4.173893591894586 0.31837723655260053 1.6713255067215496 3.2440761306226307 7.291416400624319 0.4836027082593159
4.160856192671369 0.29414803567156556 1.665113891491202 3.2483843024686125 7.291668321356651 0.48373319905009543
4.14787502218318 0.2702847719362669 1.6591116579557528 3.2527099103336683 7.291850101810741 0.4838629931475379
4.134952576879813 0.24679055676604844 1.653317992637429 3.257051030314275 7.291962497520373 0.4839921019030233
4.122091175821467 0.2236677886136278 1.647731875600274 3.261405845365283 7.292006276330824 0.4841205363205088
4.109292969977722 0.20091820508292546 1.6423520970323136 3.265772639587545 7.291982217492613 0.4842483070682953
4.0965599510513435 0.17854293184690495 1.6371772728030618 3.270149792820957 7.291891110784963 0.48437542449039167
4.083893959851799 0.15654252855164463 1.6322058590556265 3.2745357755264273 7.29173375566833 0.48450189861748966
4.071296694242104 0.13491703188222837 1.6274361658893626 3.2789291439411565 7.291510960465421 0.48462773917756313
4.058769716681299 0.113665995956018 1.622866370185795 3.2833285354924886 7.29122354157005 0.4847529556061054
4.046314461383664 0.09278853019938249 1.6184945276275644 3.2877326644563842 7.290872322683242 0.48487755705601476
4.033932241114648 0.07228333485505223 1.6143185839573109 3.292140317847347 7.290458134075962 0.4850015524071435
4.021624253642409 0.05214873425883826 1.610336385520751 3.2965503515273316 7.28998181187786 0.48512495027551844
4.009391587862849 0.032382708016508444 1.6065456891356726 3.300961686521866 7.289444197391426 0.48524775902224737
3.9972352296150575 0.0129829202041305 1.6029441713262096 3.3053733055322434 7.288846136430962 0.48536998676212
3.9851560672032003 -0.006053253291881555 1.5995294369595165 3.309784249633251 7.288188478685763 0.4854916413719146
3.973154896639995 -0.024728699185439185 1.5962990273198456 3.3141936151464906 7.287472077106923 0.485612730498421
3.937483257911122 -0.035567339287147615 1.5915084154287165 3.134741313527818 7.236731229877971 0.5087913077033273
3.925653771276621 -0.05377254510679341 1.5888314273217152 3.1381822887012376 7.2363328601693215 0.508906491327942
3.913906963954121 -0.07162075678160029 1.586329617290282 3.1416207729550827 7.23588036973044 0.5090211528478881
3.902243250531688 -0.08911578711289603 1.5840002893993246 3.1450560413998376 7.235374522027795 0.5091352987929576
3.890662974967757 -0.10626160791990791 1.5818407201255442 3.1484874034446073 7.2348160848195935 0.5092489355068814
3.879166414619272 -0.12306233270037814 1.5798481636151158 3.1519142014982213 7.234205829467509 0.5093620691535804
3.8677537840633662 -0.13952220045343489 1.5780198565731403 3.1553358097143462 7.233544530280785 0.5094747057232014
3.8564252387232387 -0.155645560595137 1.5763530228069773 3.1587516327792553 7.2328329638913615 0.5095868510379482
3.845180878308344 -0.17143685890112903 1.5748448774442734 3.162161104740945 7.232071908658791 0.5096985107577114
3.8340207500784675 -0.18690062441461408 1.5734926308453137 3.1655636878783318 7.231262144103727 0.509809690385508
3.8229448519407487 -0.2020414572614453 1.5722934922281935 3.1689588716092736 7.230404450368827 0.5099203952727325
3.811953135388228 -0.21686401731747718 1.571244673024243 3.17234617143622 7.229499607705967 0.5100306306242304
3.8010455082880523 -0.2313730136765233 1.5703433899801258 3.175725127928313 7.228548395988707 0.5101404015031976
3.7902218375270307 -0.24557319487022666 1.569586868022098 3.1790953057387945 7.227551594248983 0.5102497128359123
3.7794819515218308 -0.2594693397940053 1.5689723428970002 3.1824562926566067 7.226509980237063 0.5103585694163046
3.768825642600725 -0.27306624929587264 1.5684970636037359 3.185807698691112 7.225424330003802 0.5104669759103716
3.7582526692634253 -0.2863687383874589 1.568158294628172 3.189149155188879 7.22429541750434 0.5105749368604398
3.747762758325205 -0.29938162903891175 1.5679533179936591 3.1924803139815094 7.223124014222339 0.5106824566892821
3.7373556069511875 -0.3121097435216045 1.567879435138666 3.195800846563526 7.221910888813964 0.5107895397040961
3.727030884586355 -0.32455789826466286 1.567933968632337 3.199110443299344 7.220656806770791 0.5108961901003436
3.7167882347865664 -0.33673089819332636 1.5681142637381762 3.2024088126584003 7.219362530100899 0.5110024119654608
3.7066272769555724 -0.34863353151901255 1.5684176898354432 3.2056956804775316 7.218028817027398 0.5111082092824414
3.696547607992773 -0.36027056495272736 1.5688416417073126 3.208970789249712 7.2166564217037035 0.5112135859332971
3.686548803856205 -0.3716467393151228 1.5693835407042989 3.212233897438301 7.215246093944872 0.5113185457024001
3.676630421045027 -0.38276676551807287 1.5700408357909583 3.2154847788159655 7.21379857897435 0.511423092279711
3.6667919980055315 -0.3936353208941117 1.5708110044834185 3.2187232218274713 7.212314617185531 0.5115272292638973
3.6570330564645177 -0.40425704585147026 1.571691553684829 3.221949028975561 7.210794943917493 0.511630960165345
3.647353102693659 -0.41463654083377555 1.5726800204254254 3.2251620162291563 7.209240289244361 0.5117342884090673
3.6377516287083114 -0.42477836356468734 1.573773972513485 3.228362012453148 7.20765137777774 0.5118372173375136
3.6282281134040213 -0.4346870265589369 1.5749710091031028 3.2315488588590613 7.206028928481678 0.511939750213284
3.6187820236338473 -0.44436699488232434 1.5762687611843589 3.2347224084759 7.204373654499659 0.5120418902217496
3.609412815229425 -0.45382268414425986 1.5776648920011005 3.237882525640496 7.2026862629931205 0.5121436404735846
3.6001199339685783 -0.4630584587074231 1.5791570974012923 3.241029085506716 7.200967454991036 0.5122450040072114
3.590902816492113 -0.47207863010002904 1.5807431061245447 3.244161973572891 7.199217925250104 0.5123459837911621
3.581760891172318 -0.4808874556170515 1.5824206800312002 3.24728108522685 7.197438362125099 0.5124465827263601
3.5727420426168903 -0.4892448675354759 1.5842723071160054 3.250375578433189 7.195618384429755 0.5125468036483236
3.563844918134034 -0.49716139420764427 1.5862938269947477 3.2534453603261126 7.193758652561039 0.5126466493292938
3.5550681654431053 -0.5046473388856045 1.5884811584704508 3.256490356863672 7.191859828222516 0.512746122480291
3.546410433307348 -0.5117127845440332 1.5908302981379956 3.2595105119065972 7.189922574022857 0.5128452257530994
3.5378703721384155 -0.5183675985974705 1.5933373190111881 3.262505786332961 7.187947553090223 0.5129439617421867
3.529446634573611 -0.5246214375142502 1.5959983691720008 3.2654761571873894 7.185935428702089 0.5130423329865554
3.5211378760267893 -0.5304837513294502 1.5988096704417045 3.2684216168636064 7.183886863930075 0.5131403419715331
3.512942755213795 -0.5359637880591219 1.601767517073613 3.2713421723191223 7.181802521299337 0.5132379911305012
3.5048599346533136 -0.5410705980180299 1.6048682744671598 3.274237844320925 7.179683062462104 0.513335282846564
3.496888081143977 -0.5458130380430555 1.6081083779030285 3.277108666721069 7.177529147884952 0.5134322194541627
3.4890258662185296 -0.5501997756243877 1.6114843312990552 3.2799546857610946 7.17534143654941 0.5135288032406324
3.4812719665758536 -0.554239292946564 1.6149927059866345 3.2827759594042454 7.173120585665503 0.5136250364477076
3.473625064491613 -0.5579398908413873 1.6186301395073341 3.285572556694492 7.170867250397852 0.5137209212729761
3.4660838482082625 -0.5613096926546841 1.6223933344294683 3.288344557141392 7.168582083603956 0.5138164598712829
3.4586470123051365 -0.5643566480288398 1.6262790571843264 3.2910920501298646 7.166265735584286 0.5139116543560871
3.4513132580493187 -0.5670885366029885 1.6302841369218095 3.293815134353979 7.163918853843841 0.5140065068007725
3.4440812937279683 -0.5695129716327048 1.6344054643851846 3.296513917273885 7.1615420828648055 0.5141010192399131
3.4369498349627534 -0.571637403530987 1.638639990804697 3.2991885145950555 7.159136063889992 0.5141951936704965
3.429917605007031 -0.5734691233323008 1.6429847268097668 3.30183904976903 7.1567014347167 0.5142890320531042
3.4229833350263847 -0.5750152660813856 1.6474367413595048 3.3044656535148684 7.1542388295007076 0.5143825363130543
3.416145764363123 -0.5762828141485195 1.6519931606912834 3.3070684633605762 7.15174887857005 0.5144757083415028
3.409403640785301 -0.577278600472859 1.6566511672870976 3.3096476232037597 7.149232208248292 0.5145685499965094
3.402755720720844 -0.5780093117354828 1.6614079988574577 3.312203282890812 7.14668944068699 0.5146610631040655
3.396200769477297 -0.5784814914636784 1.6662609473425523 3.3147355978139483 7.144121193707052 0.5147532494590891
3.3897375614477396 -0.5787015430680176 1.6712073579304279 3.3172447285254396 7.141528080648708 0.5148451108263847
3.383364880303362 -0.5786757328137113 1.6762446280919248 3.3197308403684023 7.138910710229814 0.5149366489415709
3.3770815191732053 -0.5784101927277019 1.681370206632128 3.32219410312354 7.136269686412221 0.5150278655119768
3.370886280811536 -0.5779109234429194 1.6865815927580692 3.3246346906712376 7.133605608275944 0.515118762217508
3.364777977753319 -0.577183796981102 1.691876335162446 3.327052780668451 7.130919069900863 0.515209340711483
3.3587554324582376 -0.5762345594755367 1.697252031123102 3.3294485542398236 7.128210660255733 0.5152996026214418
3.352817477443691 -0.5750688338350567 1.7027063256180353 3.331822195682517 7.125480963094222 0.5153895495499259
3.346962955407191 -0.5736921223505942 1.7082369104556867 3.334173892184225 7.1227305568577695 0.5154791830752343
3.341190719338562 -0.5721098092455585 1.713841523420275 3.33650383355389 7.1199600145850255 0.515568504752151
3.3354996326223367 -0.570327163171293 1.719517947431945 3.3388122119646333 7.117169903827632 0.5156575161126501
3.329888569130733 -0.5683493396488053 1.7252640097214922 3.3410992217084465 7.114360786572151 0.5157462186665762
3.324356413307573 -0.5661813834579827 1.7310775810194379 3.3433650589621866 7.111533219167902 0.5158346139023021
3.3189020602435066 -0.5638282309754314 1.7369565747592244 3.34560992156446 7.108687752260526 0.5159227032873637
3.313524415742878 -0.561294712462088 1.7428989462943139 3.347834008802968 7.105824930731043 0.5160104882690741
3.30822239638258 -0.5585855543016971 1.7489026921289534 3.350037521211919 7.102945293640248 0.5160979702751174
3.302994929563202 -0.5557053811912589 1.7549658491624056 3.352220660379121 7.100049374178208 0.516185150714121
3.2978409535528033 -0.5526587182844807 1.7610864939464133 3.3543836287623816 7.097137699618715 0.5162720309762099
3.292759417523597 -0.5494499932892867 1.7672627419556965 3.3565266295148497 7.0942107912784875 0.5163586124335423
3.287749281581848 -0.5460835385203844 1.773492746871261 3.358649866318966 7.091269164480961 0.5164448964408263
3.2828095167912643 -0.5425635929078847 1.779774699876313 3.3607535432286717 7.0883133285244835 0.5165308843358198
3.2779391051901516 -0.5388943039629341 1.7861068289645812 3.362837864519562 7.085343786654768 0.5166165774398144
3.2731370398026014 -0.535079729701309 1.7924873982608327 3.364903034546672 7.082361036041416 0.5167019770581005
3.2684023246439637 -0.5311238405258922 1.798914707353386 3.3669492576095914 7.079365567758385 0.5167870844804203
3.2637339747208545 -0.5270305210689326 1.8053870906384297 3.368976737824619 7.076357866768222 0.5168719009814025
3.2591310160259335 -0.5228035719949709 1.8119029166759422 3.370985679003682 7.073338411909934 0.5169564278209844
3.254592485527689 -0.5184467117652962 1.8184605875570274 3.3729762845397415 7.070307675890337 0.5170406662448186
3.2501174311554437 -0.5139635783647678 1.8250585382824722 3.374948757298439 7.067266125278759 0.5171246174846673
3.2457049117798076 -0.5093577309918353 1.8316952361523429 3.3769032995157127 7.064214220504951 0.5172082827587824
3.241353997188777 -0.5046326517125557 1.83836918016643 3.3788401127011625 7.061152415860081 0.517291663272273
3.2370637680596905 -0.4997917470793929 1.8450789004353676 3.38075939754692 7.058081159500681 0.5173747602174614
3.2328333159272233 -0.49483834971557594 1.8518229576022418 3.3826613538417982 7.055000893455418 0.517457574774226
3.228661743147624 -0.4897757198657613 1.8585999422745112 3.3845461803905095 7.051912053634591 0.5175401081103345
3.22454816285936 -0.4846070469137371 1.865408474466073 3.3864140749377407 7.048815069842203 0.5176223613817634
3.220491698940358 -0.4793354508678871 1.8722472030492927 3.388265234096885 7.045710365790532 0.5177043357330101
3.216491485962 -0.47396398381511484 1.8791148052168372 3.3900998532832363 7.04259835911706 0.5177860322973917
3.212546669140045 -0.46849563134392036 1.8860099859531374 3.3919181266514586 7.0394794614036815 0.5178674521973357
3.208656404282628 -0.4629333139372951 1.892931477515324 3.393720247037153 7.036354078198069 0.51794859654466
3.204819857735498 -0.45727988833609223 1.8998780389234677 3.395506405902347 7.033222609037098 0.5180294664408445
3.201036206324621 -0.4515381488735184 1.9068484554599658 3.3972767932847403 7.030085447472261 0.5181100629772932
3.1973046372963223 -0.44571082878136514 1.9138415381779268 3.399031597750544 7.026942981096924 0.5181903872355871
3.193624348255067 -0.4398006014686071 1.920856123418385 3.4007710063507646 7.023795591575403 0.5182704402877301
3.189994547099043 -0.4338100817729498 1.927891072336204 3.402495204580772 7.0206436546737105 0.5183502231963855
3.1864144519536515 -0.4277418271859277 1.9349452704345156 3.4042043763430225 7.017487540291931 0.5184297370151055
3.1828832911030376 -0.4215983390521181 1.942017627107542 3.405898703912787 7.014327612498117 0.5185089827885527
3.179400302919777 -0.415382063743033 1.9491070751916695 3.407578367906755 7.011164229563644 0.518587961552714
3.175964735792831 -0.40909539380623605 1.9562125705246118 3.409243547254389 7.007997743999931 0.5186666743351088
3.1725758480538806 -0.40274066909022443 1.963333091512541 3.410894419171902 7.004828502596474 0.5187451221549888
3.1692329079021437 -0.39632017784559115 1.970467638705037 3.41253115913874 7.001656846460092 0.5188233060235323
3.1659351933277824 -0.3898361578029881 1.9776152343777191 3.414153940876458 6.998483111055348 0.5189012269440312
3.162681992033986 -0.3832907972283881 1.9847749221224338 3.4157629363298767 6.995307626246047 0.5189788859120732
3.1594726013578396 -0.37668623595613293 1.9919457664448577 3.4173583156504144 6.992130716337773 0.519056283915717
3.1563063281900554 -0.37002456640025083 1.999126852369391 3.4189402471814945 6.98895270012138 0.5191334219356618
3.1531824888936635 -0.36330783454450466 2.0063172850512134 3.420508897445927 6.985773890917398 0.5192103009454119
3.1501004092217393 -0.35653804091163965 2.0135161893953764 3.4220644311351736 6.982594596621271 0.5192869219114356
3.1470594242342504 -0.3497171415122666 2.020722709682806 3.423607011100406 6.9794151197493965 0.5193632857933193
3.144058878214106 -0.34284704877382466 2.027936009203099 3.425136798345263 6.976235757485886 0.519439393543915
3.141098124582472 -0.33592963245005136 2.0351552698939925 3.426653952020236 6.973056801730022 0.5195152461094865
3.138176525813433 -0.32896672051137954 2.0423796919873807 3.4281586294185873 6.96987853914433 0.5195908444298465
3.1352934533480656 -0.3219601000166674 2.0496084936617787 3.429650985973737 6.966701251203244 0.5196661894384926
3.1324482875079953 -0.31491151796665995 2.056840910701105 3.431131175258038 6.963525214242304 0.5197412820627382
3.129640417408486 -0.3078226821395853 2.0640761961596805 3.4325993489828637 6.960350699507837 0.5198161232238376
3.1268692408711414 -0.30069526190925333 2.071313620033326 3.4340556569999516 6.9571779732070915 0.5198907138371094
3.1241341643362612 -0.29353088904604285 2.078552468936461 3.4355002473039242 6.954007296558767 0.5199650548120545
3.1214346027749214 -0.2863311585011352 2.085792045785085 3.4369332660359335 6.950838925843912 0.5200391470524699
3.118769979600819 -0.27909762917436143 2.093031669485546 3.4383548574883616 6.947673112457143 0.5201129914565616
3.116139726581943 -0.2718318246660012 2.1002706746289883 3.4397651641105256 6.944510102958147 0.52018658891705
3.113543283752117 -0.2645352340128928 2.107508411191383 3.4411643265153242 6.941350139123435 0.5202599403212751
3.1109800993224592 -0.25720931240916856 2.1147442442390343 3.4425524834867773 6.938193457998311 0.520333046551297
3.1084496295928115 -0.24985548191196405 2.1219775536394754 3.443929771988406 6.935040291949019 0.5204059084839932
3.105951338863167 -0.2424751321324068 2.129207733777646 3.4452963271723998 6.931890868715038 0.5204785269911534
3.103484699345158 -0.23506962091220562 2.1364341932772644 3.446652282389533 6.928745411461499 0.5205509029395712
3.1010491910736224 -0.2276402749861426 2.1436563547272987 3.4479977691997714 6.925604138831686 0.5206230371911323
3.0986443018183034 -0.2201883906307731 2.1508736544134495 3.44933291738354 6.922467264999597 0.520694930602901
3.0962695269957075 -0.21271523429962325 2.158085542054547 3.4506578549535973 6.919334999722535 0.5207665840272024
3.0939243695811594 -0.20522204324517124 2.1652914805437815 3.4519727081674865 6.916207548393712 0.5208379983117049
3.0916083400210908 -0.197710026127895 2.1724909456946806 3.45327760154052 6.91308511209482 0.5209091742994961
