0.38064962755876985 2.1511656704821656 6.3244642210220245 5.154162264065632 4.887110291838282 0.007461308407239628
0.40943619461454567 2.159910907003316 6.314095013869162 5.1562211726898495 4.890215282154655 0.010703758119287435
0.4382227616703215 2.1686561435244665 6.303725806716299 5.158280081314068 4.893320272471028 0.013946207831335242
0.4670093287260973 2.1774013800456165 6.2933565995634355 5.160338989938285 4.8964252627874005 0.01718865754338305
0.4957958957818731 2.186146616566767 6.282987392410574 5.162397898562504 4.899530253103774 0.020431107255430854
0.524582462837649 2.1948918530879173 6.272618185257711 5.164456807186722 4.902635243420147 0.023673556967478665
0.5533690298934247 2.2036370896090673 6.262248978104848 5.166515715810939 4.90574023373652 0.02691600667952647
0.5821555969492006 2.212382326130218 6.2518797709519855 5.168574624435157 4.908845224052892 0.030158456391574273
0.6109421640049765 2.2211275626513682 6.241510563799123 5.170633533059376 4.9119502143692655 0.033400906103622084
0.6397287310607522 2.2298727991725187 6.23114135664626 5.172692441683592 4.915055204685638 0.03664335581566989
0.6685152981165281 2.238618035693669 6.220772149493397 5.174751350307811 4.918160195002011 0.0398858055277177
0.697301865172304 2.2473632722148196 6.210402942340535 5.176810258932029 4.921265185318385 0.0431282552397655
0.7260884322280797 2.2561085087359696 6.200033735187671 5.178869167556247 4.924370175634757 0.04637070495181331
0.6927702105842928 2.256164162406292 6.219991122533444 5.200124591915009 4.920735801601742 0.05386250675567984
0.641474286948527 2.253704410514533 6.248727260918294 5.226936902407454 4.9151505589412725 0.06258438416507284
0.5901783633127612 2.251244658622774 6.277463399303143 5.253749212899901 4.909565316280803 0.07130626157446585
0.5388824396769956 2.2487849067310144 6.306199537687993 5.280561523392347 4.903980073620334 0.08002813898385884
0.4875865160412298 2.2463251548392553 6.334935676072843 5.3073738338847924 4.898394830959863 0.08875001639325186
0.43629059240546414 2.2438654029474963 6.3636718144576925 5.334186144377238 4.892809588299394 0.09747189380264486
0.38499466876969834 2.2414056510557367 6.392407952842542 5.360998454869684 4.887224345638924 0.10619377121203785
0.3336987451339327 2.2389458991639777 6.421144091227392 5.387810765362129 4.881639102978455 0.11491564862143086
0.28240282149816687 2.2364861472722186 6.449880229612242 5.414623075854576 4.8760538603179855 0.12363752603082387
0.23110689786240118 2.234026395380459 6.478616367997092 5.441435386347022 4.870468617657516 0.13235940344021685
0.1798109742266354 2.2315666434887 6.507352506381942 5.468247696839468 4.864883374997047 0.14108128084960986
0.12851505059086973 2.229106891596941 6.536088644766791 5.495060007331913 4.859298132336576 0.14980315825900287
0.11396559833990946 2.236628728868992 6.54213386686225 5.503808149887748 4.853187666417949 0.1502527915412681
0.12935771536545754 2.252283712867111 6.529690194203388 5.49783734079153 4.846649240807491 0.1439620777569848
0.1447498323910056 2.2679386968652304 6.517246521544527 5.491866531695312 4.840110815197031 0.13767136397270147
0.1601419494165536 2.2835936808633495 6.5048028488856655 5.4858957225990945 4.833572389586571 0.13138065018841816
0.17553406644210168 2.2992486648614685 6.492359176226805 5.479924913502876 4.827033963976112 0.12508993640413482
0.19092618346764975 2.3149036488595875 6.479915503567944 5.473954104406658 4.820495538365654 0.11879922261985149
0.20631830049319783 2.3305586328577066 6.467471830909082 5.4679832953104395 4.813957112755194 0.11250850883556814
0.22171041751874582 2.3462136168558256 6.455028158250221 5.462012486214222 4.807418687144734 0.10621779505128484
0.23710253454429386 2.3618686008539447 6.442584485591359 5.456041677118003 4.8008802615342745 0.0999270812670015
0.25249465156984197 2.3775235848520637 6.430140812932499 5.450070868021785 4.794341835923816 0.09363636748271817
0.26788676859539 2.3931785688501828 6.417697140273638 5.444100058925567 4.787803410313356 0.08734565369843483
0.283278885620938 2.4088335528483023 6.405253467614776 5.438129249829349 4.781264984702897 0.08105493991415152
0.2969705220464592 2.4248400193914037 6.402810529371285 5.43773003438223 4.776008644488994 0.0800947655709764
0.3071549172344248 2.4415714186835324 6.4209941058594975 5.448822230836374 4.773396605405487 0.09012882882508708
0.31733931242239033 2.4583028179756607 6.439177682347709 5.459914427290519 4.77078456632198 0.10016289207919767
0.327523707610356 2.475034217267789 6.45736125883592 5.471006623744664 4.768172527238473 0.11019695533330832
0.3377081027983216 2.491765616559918 6.475544835324133 5.482098820198809 4.765560488154967 0.120231018587419
0.34789249798628724 2.508497015852046 6.493728411812345 5.493191016652954 4.762948449071461 0.13026508184152963
0.3580768931742528 2.5252284151441744 6.511911988300556 5.504283213107099 4.7603364099879535 0.14029914509564023
0.36826128836221844 2.541959814436303 6.530095564788768 5.515375409561244 4.757724370904447 0.15033320834975092
0.37844568355018404 2.5586912137284314 6.548279141276979 5.526467606015388 4.75511233182094 0.16036727160386155
0.38863007873814964 2.57542261302056 6.566462717765192 5.537559802469533 4.752500292737434 0.17040133485797224
0.3988144739261152 2.5921540123126885 6.584646294253402 5.548651998923678 4.749888253653927 0.18043539811208284
0.40899886911408084 2.608885411604817 6.602829870741615 5.5597441953778235 4.74727621457042 0.19046946136619347
0.417980358298518 2.625672621963155 6.625322106364132 5.5707341405331725 4.7443342285335826 0.20022304341142982
0.4163762746519046 2.642950969704141 6.685730542368548 5.580824274259122 4.738488709307421 0.20750839081857267
0.41477219100529117 2.6602293174451264 6.746138978372963 5.5909144079850694 4.732643190081261 0.2147937382257155
0.41316810735867776 2.677507665186112 6.80654741437738 5.601004541711018 4.726797670855101 0.22207908563285833
0.4115640237120644 2.6947860129270973 6.866955850381794 5.6110946754369655 4.720952151628941 0.22936443304000115
0.409959940065451 2.712064360668083 6.927364286386211 5.621184809162914 4.7151066324027795 0.23664978044714402
0.4083558564188376 2.729342708409069 6.987772722390626 5.631274942888862 4.70926111317662 0.24393512785428684
0.4067517727722242 2.7466210561500546 7.048181158395041 5.641365076614811 4.703415593950459 0.25122047526142954
0.40514768912561083 2.76389940389104 7.108589594399456 5.651455210340759 4.6975700747242985 0.2585058226685724
0.40354360547899737 2.7811777516320255 7.168998030403872 5.661545344066708 4.691724555498139 0.26579117007571523
0.401939521832384 2.798456099373011 7.229406466408288 5.671635477792655 4.685879036271978 0.27307651748285805
0.4003354381857706 2.815734447113997 7.289814902412703 5.681725611518604 4.680033517045818 0.2803618648900009
0.39873135453915715 2.8330127948549824 7.350223338417118 5.691815745244552 4.674187997819657 0.2876472122971438
0.41243544527133225 2.83947726592043 7.3599364521538195 5.701663430335208 4.673984745895605 0.2778966662105695
0.42827556033543107 2.8444328239613847 7.362575799992699 5.7114772853837295 4.674568787083474 0.26576901870626746
0.44411567539953006 2.8493883820023385 7.365215147831578 5.721291140432251 4.675152828271344 0.2536413712019653
0.45995579046362906 2.854343940043293 7.367854495670459 5.731104995480772 4.675736869459213 0.2415137236976631
0.4757959055277281 2.8592994980842468 7.370493843509339 5.740918850529294 4.676320910647082 0.22938607619336093
0.4916360205918271 2.8642550561252014 7.373133191348218 5.750732705577815 4.676904951834952 0.21725842868905876
0.5074761356559261 2.869210614166156 7.375772539187098 5.760546560626336 4.677488993022821 0.20513078118475658
0.5233162507200251 2.8741661722071097 7.378411887025978 5.770360415674858 4.678073034210691 0.1930031336804544
0.5391563657841241 2.8791217302480643 7.381051234864858 5.780174270723379 4.67865707539856 0.18087548617615223
0.554996480848223 2.8840772882890184 7.383690582703737 5.789988125771901 4.679241116586429 0.16874783867185017
0.5708365959123218 2.8890328463299726 7.386329930542617 5.799801980820422 4.679825157774299 0.156620191167548
0.5866767109764208 2.893988404370927 7.388969278381498 5.809615835868944 4.680409198962168 0.14449254366324582
0.5783102745064194 2.8946005822424574 7.392012950801256 5.8140936829655985 4.681291699034327 0.13879655984783598
0.5570841075339267 2.892905339398982 7.3952714206546055 5.8157367758378244 4.682332755388765 0.13651739736715024
0.535857940561434 2.8912100965555068 7.398529890507954 5.81737986871005 4.683373811743203 0.13423823488646452
0.5146317735889413 2.889514853712031 7.401788360361305 5.819022961582276 4.684414868097641 0.13195907240577878
0.49340560661644894 2.8878196108685557 7.405046830214654 5.820666054454502 4.685455924452079 0.1296799099250931
0.47217943964395626 2.8861243680250803 7.408305300068004 5.822309147326728 4.686496980806517 0.12740074744440733
0.45095327267146357 2.8844291251816045 7.4115637699213535 5.823952240198954 4.687538037160955 0.1251215849637216
0.4297271056989709 2.8827338823381288 7.414822239774702 5.82559533307118 4.6885790935153935 0.12284242248303587
0.4085009387264782 2.8810386394946534 7.418080709628052 5.827238425943406 4.689620149869832 0.12056326000235014
0.3872747717539855 2.8793433966511777 7.421339179481402 5.828881518815632 4.690661206224269 0.11828409752166441
0.36604860478149287 2.8776481538077023 7.424597649334752 5.830524611687858 4.6917022625787075 0.11600493504097867
0.34482243780900046 2.8759529109642266 7.427856119188101 5.832167704560084 4.692743318933145 0.11372577256029297
0.3351703167081352 2.8740834258642476 7.42961386579436 5.833358404981687 4.693623260337697 0.1119098908088925
0.34095025676944035 2.871981617755597 7.429370648071163 5.833945915469124 4.694288381809067 0.1107117166965391
0.3467301968307456 2.869879809646945 7.429127430347968 5.834533425956565 4.694953503280438 0.10951354258418569
0.35251013689205074 2.8677780015382943 7.428884212624771 5.835120936444003 4.695618624751809 0.10831536847183228
0.3582900769533559 2.8656761934296435 7.428640994901574 5.835708446931441 4.6962837462231795 0.10711719435947886
0.36407001701466113 2.863574385320992 7.428397777178379 5.83629595741888 4.69694886769455 0.10591902024712546
0.3698499570759663 2.861472577212341 7.428154559455182 5.836883467906318 4.69761398916592 0.10472084613477206
0.37562989713727146 2.8593707691036903 7.427911341731987 5.837470978393757 4.698279110637291 0.10352267202241866
0.3814098371985766 2.857268960995039 7.42766812400879 5.838058488881195 4.698944232108661 0.10232449791006526
0.3871897772598818 2.855167152886388 7.4274249062855935 5.838645999368634 4.699609353580032 0.10112632379771185
0.39296971732118696 2.853065344777737 7.427181688562397 5.839233509856072 4.700274475051403 0.09992814968535844
0.3987496573824922 2.8509635366690858 7.426938470839201 5.839821020343511 4.700939596522773 0.09872997557300503
0.4093546062270115 2.8499468076789203 7.4264009833030755 5.840086708597226 4.701966668000862 0.09708663618035077
0.43877708932606796 2.853161887250849 7.424715843496523 5.839097290139422 4.7044053445051555 0.09370715219452296
0.4681995724251238 2.856376966822777 7.42303070368997 5.838107871681617 4.706844021009448 0.0903276682086952
0.49762205552418026 2.8595920463947055 7.421345563883417 5.8371184532238125 4.709282697513741 0.08694818422286738
0.5270445386232361 2.862807125966634 7.4196604240768655 5.8361290347660075 4.711721374018034 0.08356870023703962
0.5564670217222925 2.8660222055385627 7.417975284270312 5.8351396163082025 4.714160050522327 0.08018921625121181
0.5858895048213484 2.869237285110491 7.41629014446376 5.8341501978503985 4.71659872702662 0.07680973226538405
0.6153119879204042 2.8724523646824194 7.414605004657208 5.833160779392594 4.719037403530913 0.0734302482795563
0.6447344710194607 2.875667444254348 7.412919864850656 5.832171360934789 4.721476080035206 0.07005076429372847
0.6741569541185165 2.8788825238262765 7.411234725044102 5.831181942476984 4.723914756539498 0.06667128030790073
0.703579437217573 2.882097603398205 7.409549585237551 5.83019252401918 4.7263534330437915 0.06329179632207291
0.7330019203166288 2.8853126829701337 7.407864445430998 5.829203105561375 4.728792109548085 0.05991231233624515
0.7624244034156852 2.888527762542062 7.406179305624446 5.828213687103571 4.731230786052377 0.056532828350417334
0.7105832574932378 2.897334437477549 7.423960048479906 5.841646588087514 4.733312774554649 0.05616469150727817
0.6570491192995094 2.9062576039831107 7.442146330557493 5.855379954059828 4.735387332056877 0.05585929106294498
0.6035149811057801 2.9151807704886723 7.460332612635078 5.86911332003214 4.737461889559105 0.055553890618611795
0.5499808429120516 2.924103936994234 7.478518894712664 5.882846686004453 4.739536447061334 0.05524849017427863
0.4964467047183221 2.9330271034997955 7.496705176790251 5.896580051976766 4.741611004563563 0.05494308972994544
0.44291256652459376 2.9419502700053566 7.514891458867837 5.910313417949079 4.743685562065791 0.05463768928561227
0.3893784283308643 2.9508734365109186 7.533077740945423 5.924046783921392 4.74576011956802 0.05433228884127908
0.33584429013713596 2.9597966030164797 7.551264023023009 5.9377801498937055 4.747834677070249 0.0540268883969459
0.28231015194340764 2.9687197695220413 7.569450305100595 5.951513515866018 4.749909234572478 0.05372148795261273
0.22877601374967815 2.9776429360276024 7.5876365871781815 5.965246881838332 4.7519837920747054 0.05341608750827956
0.1752418755559498 2.986566102533164 7.605822869255767 5.978980247810645 4.754058349576934 0.05311068706394637
0.12170773736222029 2.9954892690387256 7.624009151333354 5.992713613782957 4.756132907079163 0.052805286619613194
0.155966007347355 2.999240757607351 7.63651734371072 6.001550587767495 4.760662925899213 0.05362742863612824
0.21869749079590628 3.001314945223456 7.64718399348261 6.008799542728971 4.765989310552069 0.054815260099404885
0.28142897424445623 3.003389132839562 7.657850643254498 6.016048497690447 4.771315695204925 0.05600309156268152
0.3441604576930061 3.005463320455667 7.668517293026388 6.0232974526519225 4.7766420798577816 0.05719092302595814
0.40689194114155736 3.007537508071773 7.679183942798278 6.030546407613398 4.781968464510638 0.058378754489234796
0.46962342459010736 3.0096116956878785 7.689850592570167 6.037795362574874 4.787294849163494 0.05956658595251142
0.5323549080386586 3.0116858833039837 7.700517242342056 6.04504431753635 4.792621233816351 0.060754417415788076
0.5950863914872085 3.013760070920089 7.7111838921139455 6.052293272497825 4.797947618469207 0.0619422488790647
0.6578178749357598 3.0158342585361946 7.721850541885836 6.059542227459301 4.803274003122063 0.06313008034234137
0.7205493583843097 3.0179084461523003 7.732517191657724 6.0667911824207765 4.808600387774919 0.064317911805618
0.7832808418328597 3.0199826337684055 7.743183841429614 6.0740401373822515 4.8139267724277754 0.06550574326889462
0.846012325281411 3.022056821384511 7.753850491201504 6.081289092343728 4.819253157080632 0.06669357473217127
0.8401730002484853 3.0255448939528424 7.757527205966273 6.085404003549573 4.821261141142293 0.06458079150514563
0.7736748830973277 3.0302837109019887 7.755020516686283 6.08674649143313 4.820333616988666 0.05954823374439087
0.7071767659461716 3.035022527851135 7.752513827406293 6.088088979316687 4.819406092835039 0.05451567598363621
0.6406786487950141 3.039761344800281 7.750007138126303 6.089431467200244 4.818478568681413 0.04948311822288144
0.5741805316438581 3.0445001617494274 7.7475004488463135 6.090773955083801 4.817551044527786 0.04445056046212678
0.5076824144927006 3.0492389786985736 7.744993759566323 6.092116442967358 4.81662352037416 0.03941800270137201
0.44118429734154446 3.05397779564772 7.742487070286332 6.093458930850915 4.815695996220533 0.034385444940617356
0.3746861801903884 3.0587166125968657 7.739980381006342 6.094801418734472 4.8147684720669055 0.0293528871798627
0.30818806303923085 3.0634554295460124 7.737473691726352 6.096143906618028 4.813840947913279 0.024320329419107934
0.24168994588807485 3.0681942464951577 7.734967002446362 6.097486394501585 4.812913423759653 0.019287771658353273
0.17519182873691733 3.072933063444304 7.7324603131663725 6.098828882385143 4.811985899606026 0.014255213897598507
0.10869371158576124 3.07767188039345 7.729953623886383 6.1001713702687 4.811058375452399 0.009222656136843848
0.062483015371771 3.080665405480917 7.727147809669493 6.102722191186983 4.809605359441622 0.0066956030387659935
0.06225713994869315 3.07970293568191 7.723663978928963 6.108011900317314 4.806961228554638 0.009847693842755724
0.0620312645256153 3.0787404658829027 7.720180148188434 6.113301609447645 4.804317097667654 0.012999784646745458
0.061805389102537446 3.0777779960838956 7.716696317447905 6.118591318577976 4.801672966780669 0.016151875450735258
0.0615795136794596 3.076815526284889 7.713212486707375 6.123881027708308 4.799028835893685 0.01930396625472499
0.06135363825638175 3.075853056485882 7.709728655966847 6.129170736838638 4.796384705006701 0.02245605705871479
0.0611277628333039 3.074890586686875 7.706244825226317 6.134460445968969 4.793740574119717 0.025608147862704524
0.06090188741022605 3.073928116887868 7.7027609944857875 6.1397501550993 4.791096443232732 0.028760238666694325
0.0606760119871482 3.0729656470888607 7.699277163745259 6.1450398642296316 4.788452312345748 0.03191232947068406
0.060450136564070354 3.0720031772898535 7.69579333300473 6.150329573359961 4.785808181458764 0.03506442027467379
0.060224261140992504 3.071040707490847 7.6923095022642 6.155619282490293 4.783164050571779 0.03821651107866359
0.05999838571791465 3.0700782376918396 7.688825671523671 6.160908991620624 4.780519919684795 0.04136860188265332
0.059522166810760335 3.069653800027628 7.686080740531483 6.166152236545884 4.777650610553079 0.045242595158578584
0.056229583707745744 3.0752822238798627 7.691648431708138 6.170872759164084 4.7722480461681345 0.05723799124377764
0.05293700060473108 3.0809106477320976 7.697216122884793 6.175593281782285 4.76684548178319 0.06923338732897696
0.04964441750171649 3.0865390715843324 7.702783814061449 6.180313804400484 4.761442917398245 0.08122878341417601
0.0463518343987019 3.092167495436567 7.708351505238104 6.185034327018685 4.756040353013301 0.09322417949937507
0.043059251295687245 3.097795919288802 7.71391919641476 6.189754849636885 4.750637788628357 0.10521957558457438
0.039766668192672654 3.1034243431410364 7.719486887591414 6.194475372255085 4.745235224243412 0.11721497166977345
0.03647408508965799 3.1090527669932713 7.72505457876807 6.199195894873286 4.739832659858467 0.12921036775497274
0.03318150198664341 3.114681190845506 7.730622269944725 6.203916417491486 4.734430095473523 0.1412057638401718
0.029888918883628747 3.120309614697741 7.73618996112138 6.208636940109686 4.729027531088578 0.15320115992537112
0.026596335780614155 3.1259380385499758 7.741757652298035 6.2133574627278865 4.723624966703634 0.16519655601057018
0.02330375267759957 3.1315664624022106 7.7473253434746905 6.2180779853460875 4.718222402318689 0.17719195209576924
0.02001116957458491 3.137194886254445 7.752893034651346 6.222798507964288 4.712819837933744 0.18918734818096855
0.022566682951045046 3.145245738539512 7.763296288136949 6.232679433238097 4.707841511121485 0.18277724663458042
0.026096879074084426 3.1537003288967176 7.774505468674046 6.243420425621174 4.702933890571339 0.17329956214959408
0.029627075197123726 3.162154919253923 7.785714649211141 6.254161418004251 4.698026270021193 0.1638218776646079
0.033157271320163106 3.170609509611128 7.796923829748238 6.264902410387329 4.693118649471047 0.15434419317962153
0.036687467443202414 3.1790640999683335 7.808133010285333 6.275643402770405 4.688211028920901 0.14486650869463538
0.04021766356624179 3.187518690325539 7.819342190822429 6.286384395153482 4.6833034083707545 0.13538882420964904
0.04374785968928109 3.1959732806827446 7.830551371359524 6.29712538753656 4.678395787820609 0.12591113972466286
0.047278055812320405 3.20442787103995 7.841760551896622 6.307866379919637 4.673488167270463 0.11643345523967671
0.050808251935359774 3.2128824613971556 7.852969732433717 6.318607372302714 4.668580546720317 0.10695577075469034
0.05433844805839908 3.221337051754361 7.864178912970813 6.329348364685791 4.663672926170171 0.0974780862697042
0.057868644181438465 3.229791642111566 7.875388093507908 6.340089357068869 4.658765305620025 0.08800040178471782
0.061398840304477766 3.2382462324687715 7.886597274045004 6.350830349451945 4.653857685069879 0.07852271729973168
0.07397389251123175 3.2428399426356886 7.886794434013275 6.358668093787781 4.649422043249626 0.07491143253315989
0.09180079663756167 3.2451918514017932 7.8805975175222285 6.364820081192962 4.645260453595114 0.07470644437728054
0.1096277007638916 3.247543760167898 7.874400601031181 6.3709720685981415 4.641098863940603 0.07450145622140118
0.12745460489022192 3.2498956689340024 7.868203684540134 6.377124056003321 4.636937274286092 0.07429646806552181
0.14528150901655185 3.252247577700107 7.862006768049087 6.383276043408501 4.632775684631581 0.07409147990964246
0.16310841314288216 3.254599486466211 7.855809851558041 6.389428030813681 4.62861409497707 0.0738864917537631
0.18093531726921205 3.256951395232316 7.849612935066993 6.39558001821886 4.624452505322559 0.07368150359788375
0.1987622213955424 3.2593033039984207 7.8434160185759465 6.401732005624041 4.620290915668049 0.07347651544200438
0.21658912552187232 3.2616552127645253 7.8372191020849 6.40788399302922 4.616129326013538 0.07327152728612503
0.2344160296482022 3.2640071215306294 7.831022185593852 6.4140359804344005 4.611967736359027 0.07306653913024566
0.25224293377453255 3.266359030296734 7.824825269102805 6.42018796783958 4.607806146704515 0.07286155097436631
0.2700698379008625 3.2687109390628386 7.818628352611759 6.426339955244759 4.603644557050004 0.07265656281848695
0.27968050919470844 3.2794745929701667 7.825788874753787 6.4296523130765815 4.601348368616283 0.07034825404146279
0.2773776428814516 3.302435277332271 7.852317682913777 6.428847208027033 4.601757011952706 0.0649901303637782
0.2750747765681949 3.3253959616943747 7.878846491073766 6.428042102977485 4.602165655289128 0.059632006686093836
0.2727719102549382 3.348356646056478 7.905375299233755 6.427236997927936 4.60257429862555 0.054273883008409476
0.2704690439416815 3.371317330418581 7.931904107393745 6.426431892878387 4.602982941961972 0.04891575933072512
0.26816617762842476 3.394278014780684 7.958432915553733 6.425626787828839 4.603391585298395 0.04355763565304076
0.26586331131516794 3.4172386991427888 7.984961723713724 6.4248216827792906 4.6038002286348165 0.03819951197535616
0.2635604450019112 3.4401993835048916 8.011490531873713 6.424016577729742 4.60420887197124 0.0328413882976718
0.2612575786886545 3.4631600678669954 8.038019340033703 6.423211472680194 4.604617515307662 0.02748326461998744
0.25895471237539786 3.4861207522290987 8.06454814819369 6.422406367630645 4.605026158644084 0.02212514094230308
0.256651846062141 3.509081436591203 8.091076956353682 6.421601262581096 4.605434801980507 0.01676701726461849
0.2543489797488843 3.5320421209533066 8.11760576451367 6.420796157531547 4.605843445316928 0.01140889358693413
0.25496959112974193 3.5542108679395037 8.138234160979186 6.421426481425793 4.603733304403987 0.007431701403663573
0.26858343670666357 3.5728598932550097 8.13263850546926 6.428436489514676 4.590428566827204 0.009591982528898991
0.2821972822835852 3.591508918570516 8.127042849959334 6.43544649760356 4.577123829250421 0.011752263654134409
0.29581112786050745 3.6101579438860223 8.12144719444941 6.442456505692444 4.563819091673636 0.013912544779369922
0.30942497343742914 3.628806969201528 8.115851538939483 6.449466513781328 4.550514354096854 0.01607282590460534
0.3230388190143507 3.6474559945170335 8.110255883429556 6.456476521870211 4.53720961652007 0.01823310702984076
0.3366526645912724 3.6661050198325396 8.10466022791963 6.463486529959095 4.523904878943288 0.02039338815507618
0.35026651016819405 3.684754045148045 8.099064572409706 6.4704965380479775 4.5106001413665044 0.022553669280311595
0.3638803557451163 3.703403070463552 8.09346891689978 6.477506546136861 4.497295403789721 0.024713950405547108
0.377494201322038 3.7220520957790573 8.087873261389854 6.4845165542257455 4.483990666212938 0.026874231530782527
0.3911080468989596 3.7407011210945633 8.082277605879927 6.491526562314629 4.470685928636154 0.029034512656017947
0.40472189247588125 3.7593501464100694 8.076681950370002 6.4985365704035125 4.457381191059371 0.031194793781253363
0.4183357380528035 3.777999171725576 8.071086294860075 6.505546578492396 4.444076453482587 0.033355074906488875
0.5240692924012351 3.823561935574756 8.063643484126965 6.506804755841439 4.435448542398162 0.036631085568886036
0.6337228343569641 3.870269964893454 8.056122071043932 6.507818174435593 4.427019645207029 0.039954574083928364
0.743376376312693 3.916977994212152 8.048600657960899 6.50883159302975 4.4185907480158955 0.0432780625989707
0.853029918268422 3.9636860235308493 8.041079244877864 6.509845011623905 4.410161850824762 0.046601551114013026
0.9626834602241557 4.010394052849549 8.03355783179483 6.510858430218061 4.401732953633628 0.0499250396290555
1.0723370021798848 4.057102082168248 8.026036418711797 6.511871848812216 4.393304056442495 0.05324852814409783
1.1819905441356138 4.103810111486945 8.018515005628764 6.5128852674063715 4.3848751592513615 0.056572016659140155
1.2916440860913425 4.1505181408056435 8.01099359254573 6.513898686000527 4.376446262060227 0.05989550517418248
1.4012976280470717 4.197226170124341 8.003472179462698 6.514912104594683 4.368017364869095 0.06321899368922482
1.5109511700028053 4.243934199443041 7.9959507663796625 6.515925523188837 4.359588467677961 0.06654248220426728
1.6206047119585343 4.2906422287617385 7.988429353296629 6.5169389417829935 4.3511595704868276 0.06986597071930963
1.7302582539142632 4.337350258080437 7.980907940213596 6.51795236037715 4.342730673295694 0.07318945923435195
1.7953032062108834 4.3665677659895925 7.965512282594855 6.504536783554171 4.332401060389543 0.06998700776880981
1.8442395011306039 4.389469252278636 7.947273147782667 6.485910736163891 4.321385077919636 0.06442796686583394
1.8931757960503224 4.412370738567679 7.929034012970478 6.4672846887736135 4.31036909544973 0.0588689259628583
1.9421120909700407 4.435272224856723 7.910794878158288 6.448658641383335 4.299353112979822 0.053309885059882677
1.991048385889759 4.458173711145765 7.892555743346101 6.430032593993057 4.288337130509915 0.047750844156907044
2.0399846808094773 4.481075197434808 7.874316608533912 6.4114065466027785 4.277321148040008 0.04219180325393142
2.0889209757291978 4.5039766837238515 7.856077473721721 6.392780499212499 4.266305165570101 0.03663276235095554
2.1378572706489165 4.526878170012894 7.837838338909533 6.374154451822221 4.255289183100194 0.031073721447979912
2.1867935655686344 4.549779656301938 7.8195992040973445 6.355528404431944 4.244273200630287 0.025514680545004283
2.235729860488353 4.57268114259098 7.801360069285155 6.336902357041665 4.2332572181603805 0.01995563964202865
2.2846661554080736 4.595582628880025 7.783120934472965 6.318276309651387 4.222241235690473 0.014396598739052777
2.333602450327792 4.618484115169068 7.764881799660777 6.299650262261109 4.211225253220566 0.008837557836077146
2.39459181150192 4.633220702463498 7.753304191116091 6.287027374370579 4.205448831923724 0.00957504273914608
2.467152116280282 4.6401189867231025 7.748121647788209 6.280167519599811 4.204702389353026 0.016357192416017862
2.5397124210586433 4.647017270982706 7.742939104460327 6.273307664829042 4.203955946782329 0.02313934209288964
2.612272725837008 4.65391555524231 7.7377565611324455 6.266447810058272 4.203209504211631 0.029921491769761718
2.68483303061537 4.660813839501914 7.732574017804563 6.259587955287504 4.202463061640933 0.0367036414466335
2.757393335393731 4.667712123761517 7.727391474476681 6.252728100516736 4.201716619070235 0.04348579112350528
2.829953640172093 4.674610408021121 7.722208931148799 6.2458682457459656 4.2009701764995375 0.05026794080037706
2.9025139449504547 4.681508692280725 7.717026387820917 6.239008390975197 4.20022373392884 0.05705009047724885
2.975074249728819 4.68840697654033 7.7118438444930355 6.232148536204428 4.199477291358142 0.06383224015412092
3.047634554507181 4.695305260799933 7.706661301165153 6.22528868143366 4.198730848787444 0.07061438983099269
3.120194859285543 4.702203545059537 7.701478757837271 6.21842882666289 4.197984406216746 0.07739653950786449
3.1927551640639042 4.709101829319141 7.696296214509388 6.211568971892122 4.197237963646048 0.08417868918473627
3.269006762185531 4.720749203413591 7.692402588772478 6.205558077414043 4.201656751355285 0.08736024588223268
3.3544865936653108 4.744269302095159 7.6917312570129965 6.20166958366769 4.21898861476436 0.08154032013129016
3.4399664251450903 4.767789400776726 7.691059925253516 6.197781089921338 4.236320478173434 0.07572039438034765
3.5254462566248703 4.791309499458293 7.690388593494035 6.193892596174987 4.253652341582509 0.06990046862940515
3.61092608810465 4.814829598139861 7.689717261734553 6.190004102428634 4.270984204991583 0.06408054287846264
3.696405919584433 4.838349696821429 7.689045929975071 6.1861156086822815 4.288316068400658 0.05826061712751987
3.781885751064213 4.861869795502996 7.68837459821559 6.1822271149359285 4.305647931809732 0.05244069137657736
3.8673655825439925 4.885389894184564 7.687703266456109 6.178338621189576 4.3229797952188065 0.04662076562563485
3.952845414023772 4.908909992866131 7.687031934696628 6.174450127443224 4.34031165862788 0.04080083987469234
4.038325245503552 4.932430091547698 7.686360602937146 6.170561633696872 4.3576435220369545 0.03498091412374983
4.123805076983334 4.955950190229267 7.685689271177665 6.16667313995052 4.37497538544603 0.02916098837280707
4.209284908463115 4.979470288910834 7.6850179394181835 6.162784646204167 4.392307248855103 0.02334106262186456
4.2920866637204975 5.002328923443469 7.684149885785329 6.159174497336946 4.408934341355969 0.01815107653875082
4.333824583567788 5.015045107692474 7.6802654300940985 6.159832303283068 4.41475494659761 0.022620165362347587
4.37556250341508 5.027761291941479 7.676380974402866 6.1604901092291895 4.420575551839253 0.02708925418594455
4.41730042326237 5.040477476190484 7.672496518711634 6.16114791517531 4.4263961570808945 0.03155834300954132
4.459038343109661 5.053193660439488 7.668612063020403 6.161805721121432 4.432216762322536 0.03602743183313809
4.500776262956951 5.065909844688493 7.664727607329171 6.162463527067555 4.438037367564178 0.04049652065673486
4.542514182804242 5.078626028937498 7.660843151637939 6.163121333013676 4.443857972805819 0.04496560948033163
4.584252102651535 5.091342213186503 7.656958695946708 6.163779138959798 4.449678578047462 0.0494346983039286
4.625990022498825 5.104058397435508 7.653074240255476 6.164436944905919 4.4554991832891035 0.05390378712752537
4.667727942346115 5.1167745816845125 7.6491897845642445 6.165094750852041 4.461319788530746 0.05837287595112213
4.709465862193405 5.129490765933517 7.645305328873013 6.1657525567981635 4.467140393772388 0.0628419647747189
4.751203782040698 5.142206950182523 7.641420873181781 6.166410362744284 4.47296099901403 0.06731105359831586
4.7929417018879885 5.154923134431527 7.63753641749055 6.167068168690407 4.478781604255672 0.07178014242191263
4.866277373883698 5.153188986989747 7.631807245309437 6.162530416087894 4.485264935235497 0.0691350269272372
4.945778460932758 5.148635262632692 7.625718128447371 6.1569788959636975 4.49187757855448 0.0651017740046062
5.025279547981818 5.144081538275638 7.619629011585306 6.151427375839501 4.498490221873464 0.061068521081975226
5.104780635030882 5.139527813918583 7.613539894723241 6.145875855715303 4.505102865192448 0.05703526815934405
5.184281722079942 5.134974089561528 7.607450777861175 6.140324335591107 4.511715508511432 0.05300201523671306
5.263782809129003 5.130420365204474 7.6013616609991095 6.13477281546691 4.518328151830415 0.04896876231408207
5.343283896178063 5.125866640847418 7.5952725441370434 6.129221295342712 4.524940795149399 0.04493550939145108
5.422784983227123 5.121312916490364 7.589183427274978 6.123669775218516 4.531553438468382 0.040902256468820085
5.502286070276186 5.116759192133308 7.583094310412912 6.118118255094318 4.538166081787367 0.03686900354618892
5.581787157325246 5.1122054677762545 7.577005193550847 6.112566734970121 4.54477872510635 0.032835750623557924
5.6612882443743064 5.1076517434192 7.570916076688782 6.107015214845925 4.5513913684253335 0.028802497700926938
5.7407893314233664 5.103098019062145 7.564826959826716 6.101463694721727 4.558004011744317 0.02476924477829594
5.78662860358902 5.102409082361613 7.5594969305329585 6.090949701945334 4.565275512894071 0.02964304328692663
5.811148726328512 5.104167844510214 7.554647656699127 6.077292809822549 4.572964290669979 0.04015797436868966
5.8356688490680035 5.105926606658814 7.549798382865298 6.063635917699765 4.580653068445886 0.05067290545045269
5.860188971807495 5.107685368807416 7.544949109031468 6.049979025576981 4.588341846221795 0.06118783653221574
5.884709094546987 5.109444130956017 7.540099835197639 6.036322133454196 4.596030623997702 0.07170276761397877
5.90922921728648 5.1112028931046165 7.535250561363808 6.022665241331412 4.60371940177361 0.08221769869574225
5.9337493400259715 5.112961655253217 7.530401287529978 6.009008349208626 4.611408179549517 0.0927326297775053
5.958269462765463 5.114720417401818 7.525552013696149 5.995351457085842 4.619096957325426 0.10324756085926834
5.982789585504955 5.116479179550419 7.520702739862319 5.981694564963059 4.6267857351013335 0.11376249194103137
6.007309708244447 5.11823794169902 7.5158534660284895 5.968037672840274 4.634474512877241 0.1242774230227944
6.0318298309839395 5.119996703847621 7.51100419219466 5.954380780717488 4.64216329065315 0.1347923541045579
6.056349953723432 5.1217554659962214 7.506154918360829 5.940723888594704 4.649852068429057 0.1453072851863209
6.074035594079301 5.126003902919375 7.487788458079126 5.9256359728977275 4.659381026726434 0.16066774808760573
6.08092994646103 5.134183405276032 7.448079071827093 5.908288546294132 4.671815533215603 0.18367905070392532
6.087824298842758 5.142362907632689 7.4083696855750585 5.890941119690536 4.684250039704773 0.20669035332024593
6.094718651224486 5.150542409989347 7.368660299323025 5.87359369308694 4.696684546193942 0.22970165593656555
6.101613003606214 5.158721912346004 7.328950913070994 5.856246266483344 4.709119052683111 0.25271295855288517
6.108507355987943 5.166901414702661 7.2892415268189605 5.838898839879748 4.72155355917228 0.27572426116920473
6.115401708369671 5.175080917059319 7.249532140566928 5.821551413276153 4.73398806566145 0.29873556378552435
6.1222960607514 5.183260419415976 7.209822754314893 5.804203986672556 4.746422572150619 0.32174686640184497
6.129190413133128 5.191439921772633 7.170113368062861 5.786856560068961 4.758857078639789 0.3447581690181646
6.136084765514856 5.19961942412929 7.1304039818108285 5.769509133465366 4.7712915851289575 0.36776947163448415
6.1429791178965845 5.207798926485948 7.090694595558796 5.75216170686177 4.783726091618127 0.39078077425080376
6.149873470278313 5.215978428842606 7.050985209306761 5.734814280258174 4.796160598107297 0.4137920768671244
6.156007311308656 5.22010336331447 7.008257373419739 5.714917838341253 4.812917061638456 0.4282999565955683
6.158243531663144 5.203448637376774 6.950059983153394 5.6819576929435405 4.85182355500981 0.3992277940236493
6.160479752017633 5.186793911439079 6.891862592887048 5.648997547545829 4.8907300483811635 0.3701556314517303
6.162715972372122 5.170139185501383 6.833665202620702 5.616037402148116 4.929636541752518 0.3410834688798113
6.164952192726609 5.153484459563686 6.7754678123543535 5.583077256750402 4.968543035123873 0.31201130630789103
6.1671884130810986 5.136829733625991 6.717270422088008 5.550117111352689 5.007449528495227 0.28293914373597207
6.169424633435587 5.120175007688294 6.659073031821663 5.517156965954977 5.046356021866581 0.25386698116405304
6.171660853790076 5.103520281750599 6.600875641555317 5.484196820557265 5.085262515237935 0.22479481859213407
6.1738970741445645 5.086865555812903 6.542678251288971 5.451236675159552 5.1241690086092895 0.19572265602021507
6.176133294499053 5.070210829875206 6.484480861022623 5.4182765297618385 5.163075501980645 0.1666504934482948
6.178369514853541 5.053556103937511 6.426283470756277 5.385316384364126 5.201981995351999 0.1375783308763758
6.1806057352080295 5.036901377999815 6.368086080489931 5.352356238966413 5.240888488723353 0.10850616830445681
6.182841955562519 5.020246652062119 6.309888690223586 5.319396093568701 5.279794982094707 0.07943400573253782
6.130510129141319 4.979489824775271 6.225182783251314 5.256314128541639 5.335830173339175 0.07452864086981775
6.074619517060836 4.93716112131348 6.138748059972136 5.191267697017013 5.392982453575365 0.07119937150987242
6.018728904980353 4.894832417851688 6.05231333669296 5.126221265492387 5.450134733811556 0.06787010214992709
5.962838292899871 4.852503714389897 5.965878613413782 5.061174833967761 5.507287014047746 0.06454083278998177
5.906947680819388 4.810175010928106 5.8794438901346044 4.996128402443135 5.564439294283936 0.06121156343003644
5.851057068738903 4.767846307466312 5.793009166855423 4.931081970918506 5.62159157452013 0.05788229407009097
5.7951664566584205 4.725517604004521 5.706574443576246 4.866035539393881 5.67874385475632 0.05455302471014564
5.7392758445779375 4.68318890054273 5.620139720297068 4.800989107869254 5.73589613499251 0.05122375535020032
5.683385232497455 4.640860197080939 5.5337049970178915 4.735942676344628 5.793048415228701 0.047894485990255
5.6274946204169725 4.598531493619147 5.447270273738714 4.670896244820002 5.850200695464891 0.04456521663030967
5.571604008336488 4.556202790157354 5.360835550459534 4.605849813295373 5.907352975701084 0.041235947270364205
5.515713396256005 4.513874086695563 5.274400827180356 4.540803381770747 5.964505255937275 0.03790667791041888
5.492700097668206 4.457503103204324 5.186824005409659 4.507991365708239 6.024286126648707 0.03672761235705586
5.482837724477482 4.395515207701307 5.098790344242356 4.488073115830581 6.085118433550235 0.036408628326325826
5.472975351286758 4.333527312198287 5.010756683075049 4.46815486595292 6.1459507404517675 0.036089644295595774
5.463112978096034 4.271539416695269 4.9227230219077445 4.4482366160752616 6.206783047353296 0.035770660264865736
5.45325060490531 4.209551521192251 4.834689360740441 4.428318366197603 6.2676153542548265 0.03545167623413569
5.443388231714586 4.1475636256892345 4.746655699573137 4.408400116319942 6.328447661156355 0.035132692203405654
5.433525858523862 4.085575730186217 4.6586220384058326 4.388481866442284 6.389279968057885 0.034813708172675616
5.4236634853331385 4.023587834683196 4.570588377238526 4.368563616564623 6.450112274959416 0.034494724141945564
5.413801112142414 3.9615999391801795 4.482554716071222 4.348645366686965 6.510944581860946 0.034175740111215526
5.403938738951689 3.8996120436771617 4.394521054903918 4.328727116809305 6.571776888762475 0.03385675608048549
5.394076365760966 3.837624148174144 4.306487393736615 4.3088088669316456 6.6326091956640045 0.03353777204975544
5.384213992570241 3.775636252671124 4.218453732569307 4.288890617053986 6.693441502565536 0.0332187880190254
5.383607474471492 3.7382016866296466 4.15328862087187 4.278128800461353 6.73234805401421 0.03277807037521748
5.392642472093548 3.72634350544394 4.111944914872212 4.276904935207291 6.74841527686616 0.03221054688445345
5.401677469715604 3.7144853242582334 4.070601208872554 4.275681069953228 6.76448249971811 0.031643023393689414
5.41071246733766 3.702627143072527 4.029257502872896 4.274457204699166 6.7805497225700595 0.031075499902925383
5.419747464959716 3.6907689618868194 3.9879137968732357 4.2732333394451025 6.796616945422011 0.030507976412161325
5.428782462581773 3.6789107807011128 3.9465700908735775 4.27200947419104 6.812684168273961 0.02994045292139729
5.437817460203829 3.667052599515406 3.9052263848739193 4.270785608936977 6.828751391125911 0.029372929430633257
5.4468524578258855 3.655194418329699 3.863882678874261 4.269561743682915 6.844818613977861 0.028805405939869223
5.455887455447941 3.6433362371439926 3.822538972874603 4.268337878428852 6.8608858368298105 0.028237882449105196
5.464922453069998 3.6314780559582855 3.781195266874943 4.267114013174789 6.876953059681762 0.027670358958341135
5.473957450692054 3.619619874772579 3.7398515608752847 4.265890147920726 6.893020282533711 0.0271028354675771
5.48299244831411 3.607761693586872 3.698507854875627 4.2646662826666635 6.909087505385661 0.02653531197681307
5.489099210968555 3.5828290307031128 3.659836930832717 4.264962415781815 6.938481916230946 0.026247226815114946
5.487097015251152 3.5216901108093523 3.6285675568238784 4.269467775150174 7.004782386134701 0.026732970872368707
5.4850948195337486 3.460551190915595 3.597298182815041 4.273973134518534 7.071082856038455 0.02721871492962244
5.483092623816345 3.3994122710218377 3.566028808806204 4.278478493886894 7.137383325942207 0.027704458986876172
5.481090428098942 3.3382733511280804 3.534759434797367 4.282983853255253 7.20368379584596 0.028190203044129905
5.479088232381539 3.2771344312343227 3.50349006078853 4.287489212623613 7.269984265749713 0.02867594710138364
5.4770860366641365 3.2159955113405627 3.4722206867796914 4.291994571991973 7.336284735653468 0.0291616911586374
5.475083840946732 3.154856591446805 3.440951312770854 4.296499931360332 7.402585205557221 0.02964743521589113
5.47308164522933 3.0937176715530477 3.409681938762017 4.301005290728692 7.468885675460974 0.030133179273144864
5.471079449511927 3.0325787516592904 3.3784125647531797 4.305510650097052 7.535186145364726 0.030618923330398597
5.469077253794524 2.9714398317655326 3.347143190744343 4.310016009465411 7.601486615268479 0.031104667387652336
5.46707505807712 2.9103009118717726 3.3158738167355044 4.314521368833771 7.667787085172235 0.03159041144490609
5.466600031533664 2.851353291805466 3.283255525266844 4.316301794930656 7.733167184810639 0.03235064070555613
5.5020134805779595 2.8439012176842726 3.2189376734923254 4.254046289147879 7.776918583213341 0.03956127224602106
5.537426929622256 2.8364491435630788 3.154619821717807 4.191790783365102 7.820669981616041 0.046771903786486
5.5728403786665535 2.828997069441885 3.090301969943286 4.129535277582322 7.864421380018745 0.05398253532695124
5.608253827710849 2.821544995320691 3.0259841181687674 4.067279771799544 7.908172778421447 0.061193166867416174
5.643667276755146 2.8140929211994976 2.961666266394249 4.005024266016767 7.951924176824148 0.0684037984078811
5.679080725799441 2.8066408470783037 2.89734841461973 3.9427687602339905 7.99567557522685 0.07561442994834605
5.714494174843738 2.79918877295711 2.8330305628452117 3.8805132544512126 8.03942697362955 0.08282506148881098
5.749907623888035 2.791736698835916 2.76871271107069 3.818257748668433 8.083178372032254 0.09003569302927622
5.78532107293233 2.784284624714722 2.7043948592961717 3.7560022428856557 8.126929770434955 0.09724632456974117
5.820734521976626 2.7768325505935287 2.6400770075216538 3.6937467371028787 8.170681168837657 0.1044569561102061
5.856147971020922 2.769380476472335 2.5757591557471353 3.6314912313201013 8.214432567240358 0.11166758765067103
5.89156142006522 2.761928402351141 2.511441303972614 3.5692357255373213 8.258183965643061 0.11887821919113628
5.878382133170281 2.704563504225071 2.4649051425725803 3.541721258332609 8.25397633542839 0.11552049499402806
5.854269480689014 2.6359682206979005 2.4223698615068034 3.5220235248079597 8.23897792377481 0.10978489075596566
5.830156828207746 2.567372937170724 2.379834580441023 3.502325791283309 8.223979512121227 0.10404928651790277
5.806044175726479 2.4987776536435535 2.337299299375246 3.48262805775866 8.208981100467646 0.09831368227984034
5.781931523245212 2.430182370116383 2.2947640183094697 3.462930324234011 8.193982688814067 0.09257807804177795
5.757818870763945 2.361587086589213 2.252228737243693 3.4432325907093615 8.178984277160485 0.08684247380371554
5.733706218282677 2.2929918030620424 2.2096934561779165 3.4235348571847126 8.163985865506906 0.08110686956565313
5.709593565801411 2.224396519534872 2.1671581751121396 3.4038371236600637 8.148987453853325 0.07537126532759073
5.685480913320143 2.1558012360077012 2.1246228940463627 3.3841393901354144 8.133989042199744 0.06963566108952832
5.661368260838876 2.087205952480531 2.082087612980586 3.364441656610765 8.118990630546163 0.06390005685146592
5.637255608357609 2.0186106689533605 2.0395523319148094 3.344743923086116 8.103992218892582 0.058164452613403514
5.613142955876341 1.9500153854261841 1.997017050849029 3.325046189561465 8.088993807239001 0.05242884837534061
5.587638865816382 1.9132721549398573 1.9764821530465728 3.320958107176486 8.088469704798461 0.050159997357362346
5.561175163633188 1.898495857585145 1.9711199333567502 3.3276353014395545 8.09792788457381 0.0502820106290971
5.534711461449994 1.8837195602304324 1.9657577136669278 3.334312495702623 8.107386064349159 0.050404023900831846
5.5082477592668 1.86894326287572 1.960395493977105 3.3409896899656917 8.116844244124508 0.0505260371725666
5.4817840570836065 1.8541669655210078 1.9550332742872827 3.3476668842287602 8.126302423899856 0.05064805044430135
5.455320354900413 1.839390668166295 1.9496710545974603 3.354344078491829 8.135760603675205 0.050770063716036096
5.428856652717219 1.8246143708115827 1.9443088349076376 3.3610212727548974 8.145218783450556 0.05089207698777085
5.402392950534026 1.8098380734568704 1.9389466152178152 3.3676984670179655 8.154676963225905 0.05101409025950561
5.375929248350829 1.7950617761021568 1.933584395527992 3.374375661281035 8.164135143001253 0.051136103531240366
5.349465546167635 1.7802854787474442 1.9282221758381697 3.3810528555441035 8.173593322776602 0.05125811680297511
5.323001843984441 1.765509181392732 1.9228599561483473 3.387730049807172 8.183051502551953 0.051380130074709866
5.296538141801247 1.7507328840380196 1.9174977364585246 3.39440724407024 8.192509682327302 0.051502143346444616
5.2743231915477224 1.7325344408224803 1.9134705424314575 3.3974557420575286 8.199321176522684 0.050423013585121974
5.259425536284179 1.7084423019577393 1.9117425592680253 3.3942548186809733 8.20157448999701 0.0472752486002004
5.244527881020637 1.6843501630929982 1.9100145761045928 3.3910538953044176 8.20382780347134 0.04412748361527883
5.229630225757095 1.6602580242282572 1.9082865929411605 3.3878529719278623 8.206081116945668 0.040979718630357265
5.2147325704935525 1.6361658853635161 1.9065586097777283 3.384652048551307 8.208334430419995 0.03783195364543569
5.19983491523001 1.6120737464987749 1.9048306266142958 3.3814511251747508 8.210587743894324 0.03468418866051412
5.184937259966468 1.587981607634032 1.9031026434508633 3.3782502017981955 8.212841057368653 0.03153642367559228
5.170039604702925 1.5638894687692908 1.9013746602874309 3.3750492784216397 8.21509437084298 0.02838865869067071
5.155141949439383 1.5397973299045498 1.8996466771239984 3.371848355045084 8.217347684317309 0.02524089370574914
5.14024429417584 1.5157051910398087 1.8979186939605661 3.3686474316685286 8.219600997791638 0.022093128720827568
5.125346638912299 1.4916130521750677 1.8961907107971339 3.3654465082919733 8.221854311265965 0.018945363735905996
5.110448983648756 1.4675209133103266 1.8944627276337014 3.3622455849154176 8.224107624740293 0.015797598750984427
5.096414411833689 1.4434547933669368 1.891925847225731 3.357871108870886 8.224085380481558 0.013809939520933593
5.087558340709474 1.419544786951655 1.8845355833505302 3.3464553168184987 8.210409789824443 0.018782914820109305
5.078702269585261 1.3956347805363731 1.8771453194753294 3.335039524766111 8.196734199167325 0.02375589011928502
5.069846198461046 1.3717247741210894 1.869755055600128 3.323623732713723 8.183058608510207 0.02872886541846116
5.060990127336831 1.3478147677058074 1.862364791724927 3.3122079406613354 8.16938301785309 0.03370184071763688
5.052134056212617 1.3239047612905257 1.8549745278497265 3.3007921486089478 8.155707427195974 0.03867481601681259
5.0432779850884035 1.299994754875244 1.8475842639745257 3.2893763565565606 8.142031836538855 0.043647791315988296
5.03442191396419 1.276084748459962 1.8401940000993249 3.2779605645041734 8.12835624588174 0.048620766615164006
5.025565842839975 1.25217474204468 1.832803736224124 3.2665447724517858 8.114680655224623 0.05359374191433972
5.01670977171576 1.2282647356293983 1.8254134723489235 3.2551289803993986 8.101005064567506 0.05856671721351544
5.007853700591546 1.2043547292141166 1.8180232084737227 3.2437131883470105 8.087329473910389 0.06353969251269115
4.998997629467332 1.1804447227988346 1.8106329445985219 3.2322973962946233 8.073653883253272 0.06851266781186685
4.990141558343117 1.1565347163835507 1.8032426807233204 3.220881604242235 8.059978292596155 0.07348564311104301
4.985709168936701 1.111879840340476 1.80604329342576 3.2347643314064167 8.116441504200637 0.07119507104706652
4.981669995682977 1.0653809758860424 1.8097497618239897 3.250895815834293 8.179139276006149 0.06825885032858779
4.977630822429253 1.0188821114316087 1.8134562302222192 3.267027300262169 8.241837047811659 0.06532262961010907
4.97359164917553 0.9723832469771749 1.8171626986204488 3.2831587846900447 8.30453481961717 0.06238640889163034
4.969552475921806 0.9258843825227413 1.8208691670186783 3.299290269117921 8.367232591422681 0.05945018817315162
4.965513302668083 0.8793855180683077 1.824575635416908 3.3154217535457975 8.429930363228195 0.056513967454672895
4.961474129414359 0.8328866536138739 1.8282821038151376 3.3315532379736736 8.492628135033705 0.05357774673619417
4.957434956160636 0.7863877891594404 1.8319885722133673 3.3476847224015494 8.555325906839217 0.050641526017715446
4.953395782906912 0.7398889247050027 1.835695040611597 3.3638162068294273 8.618023678644732 0.04770530529923647
4.949356609653188 0.693390060250569 1.8394015090098266 3.3799476912573034 8.680721450450244 0.04476908458075774
4.945317436399465 0.6468911957961354 1.843107977408056 3.3960791756851796 8.743419222255756 0.04183286386227902
4.941278263145741 0.6003923313417017 1.8468144458062858 3.4122106601130557 8.806116994061266 0.0388966431438003
4.916461866742731 0.5755022059332733 1.8520068956280826 3.4183606650774956 8.82062514766343 0.03854914219871307
4.882479048362092 0.5601453477510241 1.8578549254896886 3.420107076161008 8.813873175587638 0.03934372350659272
4.848496229981455 0.5447884895687748 1.8637029553512947 3.4218534872445208 8.80712120351185 0.04013830481447237
4.814513411600817 0.5294316313865255 1.8695509852129009 3.4235998983280336 8.80036923143606 0.04093288612235202
4.780530593220179 0.5140747732042762 1.8753990150745066 3.4253463094115455 8.793617259360271 0.041727467430231674
4.7465477748395415 0.4987179150220269 1.8812470449361127 3.4270927204950583 8.786865287284481 0.04252204873811132
4.712564956458901 0.4833610568397763 1.887095074797719 3.4288391315785707 8.780113315208691 0.04331663004599104
4.678582138078263 0.46800419865752707 1.892943104659325 3.430585542662083 8.773361343132901 0.044111211353870694
4.644599319697625 0.4526473404752777 1.8987911345209314 3.4323319537455954 8.766609371057113 0.04490579266175034
4.610616501316987 0.43729048229302847 1.904639164382537 3.4340783648291078 8.759857398981323 0.04570037396963
4.576633682936349 0.42193362411077917 1.9104871942441433 3.43582477591262 8.753105426905533 0.046494955277509645
4.5426508645557115 0.40657676592852987 1.9163352241057492 3.437571186996133 8.746353454829745 0.04728953658538929
4.501457708897265 0.3866682308244076 1.9264324583234766 3.4513274785231416 8.671238690078004 0.047324659355913797
4.452113737185643 0.36161432180860204 1.941333140943777 3.478660156638453 8.518844246649094 0.046501263779862786
4.402769765474021 0.3365604127927965 1.9562338235640773 3.505992834753764 8.366449803220183 0.04567786820381179
4.353425793762394 0.31150650377698874 1.9711345061843788 3.5333255128690775 8.214055359791258 0.04485447262776071
4.304081822050772 0.2864525947611832 1.9860351888046792 3.560658190984389 8.061660916362348 0.04403107705170971
4.254737850339151 0.2613986857453776 2.0009358714249794 3.5879908690996998 7.909266472933436 0.043207681475658705
4.205393878627527 0.2363447767295721 2.01583655404528 3.615323547215011 7.756872029504526 0.0423842858996077
4.156049906915905 0.21129086771376654 2.03073723666558 3.642656225330322 7.604477586075616 0.0415608903235567
4.106705935204284 0.18623695869796097 2.0456379192858805 3.669988903445633 7.452083142646704 0.040737494747505695
4.057361963492661 0.1611830496821554 2.0605386019061807 3.6973215815609444 7.299688699217793 0.039914099171454685
4.008017991781038 0.13612914066634985 2.075439284526481 3.7246542596762557 7.147294255788882 0.03909070359540369
3.9586740200694166 0.1110752316505443 2.0903399671467815 3.7519869377915667 6.9948998123599715 0.03826730801935268
3.9187814832781296 0.09257862211721873 2.1035729016109745 3.7784123814985997 6.892754924998317 0.0376082340107034
3.9080308708245575 0.09430035265487947 2.1116636125938344 3.802040519113431 6.945546168844073 0.03745581816820967
3.8972802583709854 0.09602208319254021 2.1197543235766942 3.8256686567282636 6.998337412689829 0.03730340232571593
3.8865296459174132 0.09774381373020097 2.127845034559554 3.849296794343095 7.051128656535585 0.0371509864832222
3.8757790334638407 0.09946554426786172 2.135935745542414 3.872924931957927 7.103919900381342 0.036998570640728465
3.8650284210102686 0.10118727480552248 2.144026456525274 3.896553069572759 7.156711144227097 0.036846154798234734
3.8542778085566964 0.10290900534318323 2.1521171675081336 3.920181207187591 7.209502388072854 0.036693738955741004
3.8435271961031243 0.10463073588084398 2.1602078784909935 3.943809344802423 7.2622936319186095 0.036541323113247266
3.8327765836495518 0.10635246641850472 2.1682985894738533 3.967437482417255 7.315084875764366 0.036388907270753536
3.8220259711959788 0.10807419695616563 2.176389300456714 3.9910656200320886 7.367876119610127 0.036236491428259784
3.8112753587424066 0.10979592749382638 2.184480011439574 4.014693757646921 7.420667363455882 0.036084075585766054
3.800524746288834 0.11151765803148714 2.1925707224224333 4.038321895261753 7.473458607301638 0.03593165974327232
3.7886698819411295 0.11318631469034551 2.20080705872369 4.061705145468807 7.524690757425391 0.03574560418157543
3.7238109266750303 0.1123074251666895 2.2160334103080097 4.073333800102537 7.50108640889301 0.033944842098126336
3.6589519714089316 0.11142853564303347 2.231259761892329 4.084962454736267 7.477482060360628 0.03214408001467725
3.594093016142833 0.11054964611937747 2.2464861134766476 4.096591109369998 7.453877711828246 0.03034331793122816
3.5292340608767345 0.10967075659572144 2.261712465060967 4.108219764003728 7.430273363295863 0.02854255584777907
3.4643751056106358 0.10879186707206542 2.276938816645286 4.119848418637458 7.406669014763481 0.02674179376432998
3.399516150344537 0.1079129775484094 2.292165168229605 4.1314770732711885 7.3830646662311 0.02494103168088089
3.3346571950784325 0.10703408802475331 2.3073915198139257 4.14310572790492 7.359460317698716 0.023140269597431644
3.269798239812334 0.10615519850109728 2.322617871398245 4.15473438253865 7.335855969166333 0.021339507513982555
3.204939284546235 0.10527630897744127 2.337844222982564 4.16636303717238 7.312251620633951 0.019538745430533466
3.1400803292801363 0.10439741945378525 2.353070574566883 4.177991691806111 7.288647272101569 0.017737983347084374
3.0752213740140375 0.10351852993012924 2.368296926151202 4.189620346439841 7.265042923569187 0.01593722126363529
3.010362418747939 0.1026396404064732 2.383523277735521 4.201249001073571 7.241438575036804 0.014136459180186198
2.989751156366596 0.10671673150181997 2.40051095118681 4.203028354764005 7.238588395542596 0.015374977919721085
2.9804854562633976 0.11206458685844978 2.4179502456296302 4.202282246674105 7.241059797853048 0.01739279943438023
2.971219756160199 0.11741244221507957 2.4353895400724497 4.201536138584206 7.2435312001635 0.019410620949039375
2.961954056057 0.12276029757170982 2.452828834515271 4.200790030494308 7.246002602473952 0.021428442463698696
2.9526883559538017 0.12810815292833963 2.4702681289580912 4.200043922404408 7.248474004784404 0.02344626397835784
2.943422655850603 0.1334560082849694 2.4877074234009107 4.19929781431451 7.250945407094857 0.025464085493016986
2.9341569557474054 0.13880386364159922 2.5051467178437306 4.1985517062246105 7.253416809405309 0.027481907007676134
2.924891255644207 0.144151718998229 2.52258601228655 4.197805598134711 7.255888211715762 0.02949972852233528
2.9156255555410087 0.1494995743548588 2.5400253067293703 4.197059490044812 7.258359614026213 0.03151755003699443
2.90635985543781 0.15484742971148863 2.5574646011721898 4.196313381954913 7.260831016336667 0.03353537155165357
2.897094155334612 0.1601952850681184 2.5749038956150097 4.195567273865014 7.263302418647118 0.035553193066312716
2.8878284552314133 0.1655431404247482 2.5923431900578295 4.194821165775115 7.265773820957571 0.03757101458097186
2.878683228718662 0.16547107472254155 2.6088643217046394 4.2018366607288025 7.233521849810987 0.036986722676629856
2.869628357398747 0.16133406822620716 2.6246968312544396 4.2146733579651805 7.175227348571626 0.034450845708036866
2.8605734860788314 0.15719706172987277 2.64052934080424 4.227510055201558 7.116932847332266 0.03191496873944388
2.8515186147589167 0.15306005523353838 2.6563618503540405 4.240346752437936 7.0586383460929065 0.0293790917708509
2.8424637434390014 0.148923048737204 2.6721943599038407 4.253183449674313 7.000343844853547 0.026843214802257914
2.8334088721190867 0.1447860422408696 2.6880268694536404 4.266020146910691 6.942049343614187 0.02430733783366493
2.8243540007991714 0.14064903574453524 2.703859379003441 4.278856844147068 6.883754842374827 0.021771460865071948
2.815299129479256 0.13651202924820083 2.7196918885532413 4.291693541383446 6.825460341135468 0.01923558389647896
2.806244258159341 0.13237502275186647 2.735524398103042 4.304530238619824 6.767165839896108 0.016699706927885978
2.7971893868394253 0.12823801625553172 2.7513569076528435 4.317366935856202 6.708871338656743 0.014163829959292773
2.78813451551951 0.12410100975919731 2.7671894172026437 4.33020363309258 6.6505768374173835 0.011627952990699788
2.7790796441995953 0.11996400326286294 2.783021926752444 4.343040330328958 6.592282336178023 0.009092076022106804
2.7688769555372876 0.11697493580744514 2.7971343177988968 4.357501521838534 6.562837153919992 0.009893626799103317
2.756513669524595 0.11614669478198802 2.808008838721402 4.375020584921194 6.587696572097402 0.01697739450897428
2.744150383511902 0.1153184537565309 2.818883359643907 4.392539648003853 6.612555990274812 0.02406116221884524
2.7317870974992093 0.11449021273107376 2.8297578805664125 4.410058711086513 6.637415408452222 0.031144929928716203
2.7194238114865166 0.11366197170561665 2.840632401488918 4.427577774169172 6.662274826629632 0.03822869763858717
2.707060525473824 0.1128337306801595 2.8515069224114233 4.445096837251831 6.6871342448070425 0.045312465348458134
2.6946972394611306 0.11200548965470239 2.8623814433339287 4.46261590033449 6.711993662984452 0.05239623305832909
2.6823339534484374 0.11117724862924519 2.8732559642564346 4.480134963417151 6.736853081161864 0.05948000076820067
2.669970667435744 0.11034900760378807 2.88413048517894 4.49765402649981 6.761712499339274 0.06656376847807163
2.657607381423052 0.10952076657833096 2.8950050061014454 4.515173089582469 6.786571917516683 0.0736475361879426
2.6452440954103587 0.10869252555287383 2.9058795270239504 4.5326921526651285 6.811431335694094 0.08073130389781355
2.632880809397666 0.1078642845274167 2.9167540479464558 4.5502112157477885 6.836290753871504 0.08781507160768452
2.621172474402325 0.10707662814673582 2.9276874829790507 4.566104460624866 6.852837604471599 0.09398333617948922
2.614157955031341 0.10657982838695147 2.939043135800624 4.570346008361944 6.809811054100924 0.0935904949284837
2.6071434356603578 0.10608302862716712 2.9503987886221967 4.57458755609902 6.766784503730249 0.09319765367747818
2.600128916289374 0.10558622886738275 2.9617544414437704 4.578829103836098 6.7237579533595735 0.09280481242647266
2.593114396918389 0.10508942910759836 2.973110094265344 4.583070651573175 6.680731402988895 0.09241197117546711
2.5860998775474053 0.10459262934781399 2.984465747086917 4.5873121993102535 6.63770485261822 0.0920191299244616
2.579085358176422 0.10409582958802964 2.99582139990849 4.59155374704733 6.594678302247544 0.09162628867345607
2.5720708388054376 0.10359902982824529 3.0071770527300634 4.595795294784407 6.55165175187687 0.09123344742245056
2.5650563194344542 0.10310223006846093 3.018532705551636 4.600036842521486 6.508625201506193 0.09084060617144504
2.5580418000634704 0.10260543030867658 3.0298883583732095 4.604278390258562 6.465598651135519 0.09044776492043952
2.5510272806924865 0.10210863054889222 3.0412440111947823 4.60851993799564 6.422572100764844 0.090054923669434
2.5440127613215027 0.10161183078910786 3.0525996640163555 4.612761485732718 6.379545550394169 0.08966208241842849
2.5369982419505193 0.10111503102932351 3.0639553168379283 4.617003033469795 6.336519000023493 0.08926924116742296
2.5284543082846795 0.10575098133847816 3.0749499197197716 4.628204048986428 6.34414140468646 0.0850057724664677
2.5197365775398803 0.11097019870092123 3.0859034941993717 4.640195913114373 6.357519372421434 0.08030245973710924
2.511018846795081 0.1161894160633643 3.096857068678972 4.652187777242317 6.370897340156407 0.07559914700775076
2.5023011160502815 0.12140863342580736 3.1078106431585715 4.6641796413702625 6.384275307891382 0.0708958342783923
2.4935833853054823 0.12662785078825042 3.118764217638172 4.676171505498208 6.3976532756263556 0.06619252154903382
2.484865654560683 0.1318470681506935 3.1297177921177717 4.688163369626152 6.411031243361329 0.06148920881967535
2.4761479238158834 0.13706628551313654 3.140671366597372 4.7001552337540975 6.424409211096304 0.05678589609031688
2.4674301930710842 0.14228550287557962 3.151624941076972 4.712147097882043 6.437787178831277 0.05208258336095841
2.458712462326285 0.1475047202380227 3.1625785155565715 4.724138962009988 6.451165146566251 0.04737927063159994
2.449994731581485 0.15272393760046624 3.173532090036173 4.736130826137933 6.464543114301225 0.04267595790224106
2.4412770008366853 0.15794315496290928 3.1844856645157726 4.748122690265879 6.4779210820362 0.03797264517288259
2.432559270091886 0.16316237232535236 3.1954392389953727 4.760114554393824 6.4912990497711744 0.03326933244352411
2.4241215282667183 0.16494705439682825 3.2082612586639945 4.773997949072557 6.492048491107541 0.031227244808351828
2.4158195386450076 0.16506650723632005 3.221989191151536 4.7887984494728855 6.486675010553674 0.03047544812793649
2.4075175490232974 0.16518596007581188 3.235717123639078 4.803598949873214 6.481301529999809 0.029723651447521156
2.3992155594015867 0.16530541291530365 3.249445056126619 4.818399450273541 6.475928049445942 0.028971854767105815
2.3909135697798765 0.16542486575479545 3.2631729886141607 4.83319995067387 6.4705545688920765 0.028220058086690477
2.3826115801581658 0.16554431859428725 3.276900921101702 4.848000451074197 6.465181088338211 0.02746826140627514
2.3743095905364555 0.16566377143377906 3.2906288535892436 4.862800951474526 6.459807607784344 0.0267164647258598
2.3660076009147444 0.16578322427327086 3.304356786076786 4.877601451874855 6.454434127230478 0.025964668045444398
2.357705611293034 0.16590267711276266 3.318084718564328 4.892401952275184 6.449060646676611 0.02521287136502906
2.3494036216713234 0.16602212995225446 3.331812651051869 4.907202452675511 6.4436871661227455 0.02446107468461372
2.3411016320496127 0.16614158279174626 3.3455405835394108 4.922002953075839 6.438313685568879 0.023709278004198385
2.3327996424279025 0.16626103563123806 3.359268516026952 4.936803453476168 6.432940205015013 0.022957481323783047
2.3086897308690486 0.1642865920984471 3.3625741650375436 4.939644729393435 6.426351513943151 0.029608948824512087
2.265179187841879 0.15974236665421782 3.353088829780967 4.927808775263309 6.4182714281446565 0.04534624054755579
2.2216686448147094 0.15519814120998854 3.34360349452439 4.915972821133183 6.410191342346162 0.06108353227059949
2.17815810178754 0.1506539157657593 3.334118159267814 4.904136867003057 6.402111256547668 0.07682082399364319
2.134647558760367 0.14610969032152962 3.3246328240112364 4.892300912872931 6.394031170749172 0.09255811571668826
2.0911370157331977 0.14156546487730035 3.3151474887546604 4.880464958742804 6.385951084950678 0.10829540743973197
2.0476264727060283 0.1370212394330711 3.3056621534980843 4.868629004612679 6.377870999152183 0.12403269916277568
2.004115929678859 0.13247701398884182 3.2961768182415074 4.856793050482553 6.369790913353689 0.13976999088581937
1.960605386651689 0.12793278854461257 3.286691482984931 4.844957096352426 6.361710827555195 0.1555072826088631
1.9170948436245197 0.12338856310038329 3.2772061477283545 4.833121142222301 6.3536307417567 0.1712445743319068
1.8735843005973505 0.11884433765615404 3.267720812471778 4.821285188092175 6.345550655958205 0.18698186605495049
1.830073757570181 0.11430011221192478 3.258235477215202 4.80944923396205 6.337470570159711 0.2027191577779942
1.7992682259232204 0.1112278174196668 3.2550646914678563 4.799985047436521 6.329178005388671 0.21204627133465712
1.8123527335897245 0.1132403739705842 3.273707804025134 4.798714239908698 6.320151422348835 0.19922913304381432
1.8254372412562272 0.11525293052150143 3.29235091658241 4.797443432380874 6.311124839309 0.18641199475297268
1.8385217489227297 0.11726548707241868 3.310994029139686 4.79617262485305 6.302098256269165 0.173594856462131
1.8516062565892324 0.11927804362333591 3.329637141696962 4.7949018173252265 6.29307167322933 0.16077771817128933
1.864690764255735 0.12129060017425314 3.348280254254238 4.793631009797402 6.284045090189495 0.14796057988044764
1.877775271922238 0.12330315672517038 3.3669233668115144 4.792360202269579 6.27501850714966 0.13514344158960595
1.8908597795887407 0.12531571327608762 3.3855664793687903 4.791089394741755 6.265991924109825 0.12232630329876429
1.9039442872552435 0.12732826982700485 3.4042095919260666 4.789818587213932 6.256965341069989 0.10950916500792261
1.9170287949217464 0.1293408263779221 3.4228527044833426 4.788547779686109 6.247938758030155 0.09669202671708092
1.9301133025882502 0.1313533829288395 3.4414958170406202 4.787276972158285 6.238912174990318 0.08387488842623814
1.943197810254753 0.13336593947975675 3.4601389295978966 4.786006164630462 6.2298855919504845 0.07105775013539646
1.9562823179212556 0.13537849603067398 3.4787820421551725 4.784735357102638 6.220859008910649 0.058240611844554785
