0.5890676245256734 0.21240963691974377 -1.4934193899997168 -1.1528840742983382 0.24564312659209783 2.424766998826607 -1.107689025276763 -0.6335190147546974
0.5838565917844449 0.20317625452324647 -1.4824870507445187 -1.1436060018824192 0.26641083543093885 2.4291744793818486 -1.0802877242637323 -0.6390294871123562
0.5786455590432164 0.19394287212674918 -1.4715547114893206 -1.1343279294665003 0.2871785442697799 2.433581959937089 -1.0528864232507016 -0.644539959470015
0.5734345263019878 0.18470948973025192 -1.4606223722341225 -1.1250498570505814 0.30794625310862095 2.4379894404923306 -1.0254851222376709 -0.6500504318276737
0.5682234935607593 0.17547610733375463 -1.4496900329789244 -1.1157717846346626 0.32871396194746194 2.4423969210475716 -0.9980838212246402 -0.6555609041853325
0.5630124608195308 0.1662427249372574 -1.4387576937237265 -1.1064937122187437 0.349481670786303 2.446804401602813 -0.9706825202116096 -0.6610713765429914
0.5578014280783024 0.15700934254076007 -1.4278253544685284 -1.0972156398028248 0.37024937962514404 2.451211882158054 -0.9432812191985788 -0.6665818489006501
0.5525903953370739 0.1477759601442628 -1.4168930152133303 -1.0879375673869058 0.3910170884639851 2.4556193627132954 -0.9158799181855481 -0.672092321258309
0.5473793625958454 0.13854257774776552 -1.4059606759581325 -1.078659494970987 0.41178479730282613 2.460026843268536 -0.8884786171725174 -0.6776027936159679
0.5421683298546168 0.12930919535126822 -1.3950283367029344 -1.0693814225550682 0.4325525061416672 2.4644343238237774 -0.8610773161594869 -0.6831132659736266
0.5369572971133882 0.12007581295477096 -1.3840959974477363 -1.0601033501391492 0.4533202149805082 2.4688418043790183 -0.8336760151464561 -0.6886237383312854
0.5317462643721598 0.11084243055827368 -1.3731636581925382 -1.0508252777232303 0.4740879238193492 2.4732492849342598 -0.8062747141334254 -0.6941342106889442
0.5265352316309312 0.1016090481617764 -1.36223131893734 -1.0415472053073114 0.49485563265819027 2.4776567654895008 -0.7788734131203946 -0.699644683046603
0.5352368041355231 0.05022932584598935 -1.3558642241314072 -0.9928686785990739 0.4696606195582152 2.4817277712148855 -0.7823097028755267 -0.7008924960110289
0.5479657097375892 -0.013350652762223636 -1.3508186474555246 -0.9327847572272705 0.431160608002267 2.4857013763316274 -0.7946726636424952 -0.7009063812563611
0.5606946153396554 -0.0769306313704368 -1.345773070779642 -0.8727008358554669 0.3926605964463187 2.4896749814483696 -0.807035624409464 -0.7009202665016931
0.5734235209417216 -0.14051060997864978 -1.3407274941037595 -0.8126169144836636 0.3541605848903705 2.4936485865651115 -0.8193985851764325 -0.7009341517470253
0.5861524265437876 -0.20409058858686294 -1.335681917427877 -0.7525329931118601 0.31566057333442227 2.4976221916818533 -0.8317615459434011 -0.7009480369923575
0.5988813321458537 -0.2676705671950759 -1.3306363407519943 -0.6924490717400567 0.27716056177847403 2.5015957967985956 -0.8441245067103698 -0.7009619222376897
0.6116102377479199 -0.33125054580328905 -1.3255907640761118 -0.6323651503682531 0.23866055022252575 2.505569401915338 -0.8564874674773384 -0.7009758074830218
0.6243391433499861 -0.394830524411502 -1.3205451874002292 -0.5722812289964496 0.2001605386665776 2.5095430070320797 -0.868850428244307 -0.700989692728354
0.6370680489520522 -0.45841050301971525 -1.3154996107243466 -0.5121973076246462 0.16166052711062928 2.5135166121488215 -0.8812133890112755 -0.7010035779736861
0.6497969545541183 -0.5219904816279283 -1.3104540340484643 -0.4521133862528428 0.12316051555468112 2.5174902172655638 -0.8935763497782442 -0.7010174632190183
0.6625258601561845 -0.5855704602361413 -1.3054084573725817 -0.3920294648810392 0.08466050399873283 2.5214638223823056 -0.9059393105452128 -0.7010313484643504
0.6752547657582506 -0.6491504388443544 -1.3003628806966994 -0.33194554350923583 0.046160492442784654 2.525437427499048 -0.9183022713121813 -0.7010452337096826
0.6733513705890445 -0.6504230196346148 -1.3063070196655935 -0.33801651482595335 0.03716725467207509 2.525854220981387 -0.9270088319409864 -0.7042931198806555
0.6595253599765794 -0.6009266096102466 -1.3212057417524545 -0.3979914727777625 0.05221657331896755 2.5233728716505084 -0.9327361035683249 -0.7101761179169652
0.6456993493641143 -0.5514301995858784 -1.3361044638393154 -0.45796643072957166 0.06726589196586 2.52089152231963 -0.9384633751956635 -0.7160591159532751
0.6318733387516493 -0.5019337895615106 -1.3510031859261762 -0.5179413886813804 0.08231521061275238 2.518410172988752 -0.9441906468230018 -0.721942113989585
0.6180473281391843 -0.45243737953714247 -1.3659019080130372 -0.5779163466331896 0.09736452925964484 2.5159288236578736 -0.9499179184503403 -0.7278251120258947
0.6042213175267191 -0.40294096951277425 -1.380800630099898 -0.6378913045849987 0.1124138479065373 2.5134474743269952 -0.9556451900776787 -0.7337081100622046
0.590395306914254 -0.35344455948840614 -1.395699352186759 -0.6978662625368078 0.12746316655342974 2.5109661249961173 -0.9613724617050171 -0.7395911080985145
0.576569296301789 -0.30394814946403825 -1.4105980742736197 -0.7578412204886167 0.14251248520032211 2.508484775665239 -0.9670997333323557 -0.7454741061348242
0.562743285689324 -0.25445173943967014 -1.4254967963604808 -0.8178161784404258 0.15756180384721458 2.5060034263343605 -0.972827004959694 -0.7513571041711341
0.548917275076859 -0.20495532941530203 -1.4403955184473416 -0.8777911363922348 0.17261112249410704 2.503522077003482 -0.9785542765870325 -0.757240102207444
0.5350912644643938 -0.15545891939093387 -1.4552942405342024 -0.9377660943440439 0.1876604411409995 2.5010407276726037 -0.984281548214371 -0.7631231002437538
0.5212652538519288 -0.10596250936656601 -1.4701929626210632 -0.9977410522958527 0.20270975978789188 2.4985593783417257 -0.9900088198417094 -0.7690060982800636
0.5092433028451527 -0.06895742395571142 -1.4824831269268117 -1.0427195663675062 0.21514220432533848 2.494105266166397 -0.9909076427445642 -0.7735404819211168
0.5009422247751101 -0.05771569556022871 -1.4893931408090155 -1.056767914936338 0.222177346012053 2.48558233062439 -0.9818477901531713 -0.7752933483719535
0.4926411467050674 -0.04647396716474606 -1.496303154691219 -1.07081626350517 0.22921248769876748 2.477059395082383 -0.9727879375617785 -0.7770462148227901
0.4843400686350248 -0.03523223876926335 -1.5032131685734234 -1.084864612074002 0.23624762938548202 2.468536459540376 -0.9637280849703855 -0.7787990812736266
0.4760389905649822 -0.023990510373780645 -1.510123182455627 -1.098912960642834 0.24328277107219656 2.4600135239983683 -0.9546682323789926 -0.7805519477244632
0.46773791249493957 -0.012748781978297933 -1.517033196337831 -1.112961309211666 0.2503179127589111 2.451490588456361 -0.9456083797875996 -0.7823048141752997
0.45943683442489697 -0.0015070535828152903 -1.5239432102200345 -1.1270096577804978 0.25735305444562556 2.442967652914354 -0.9365485271962068 -0.7840576806261363
0.4511357563548543 0.009734674812667418 -1.5308532241022386 -1.1410580063493299 0.2643881961323401 2.434444717372347 -0.9274886746048139 -0.785810547076973
0.4428346782848117 0.02097640320815013 -1.5377632379844424 -1.155106354918162 0.27142333781905464 2.42592178183034 -0.9184288220134209 -0.7875634135278096
0.43453360021476906 0.032218131603632835 -1.5446732518666462 -1.1691547034869938 0.27845847950576913 2.4173988462883327 -0.9093689694220282 -0.7893162799786462
0.4262325221447265 0.04345985999911548 -1.55158326574885 -1.1832030520558257 0.28549362119248367 2.408875910746325 -0.9003091168306352 -0.7910691464294828
0.4179314440746838 0.05470158839459819 -1.5584932796310538 -1.1972514006246575 0.29252876287919816 2.400352975204318 -0.8912492642392423 -0.7928220128803194
0.4112486966503449 0.04533995779758564 -1.5553400354748745 -1.1922816116300532 0.29887533374079295 2.3827864130896423 -0.8823558964544321 -0.7932490631328062
0.4188072589081992 -0.14533123193339653 -1.463630120580919 -1.0199522120771969 0.29916248134133394 2.2856359371354724 -0.8749275949675495 -0.7820089308398142
0.4263658211660534 -0.33600242166437877 -1.3719202056869637 -0.8476228125243408 0.299449628941875 2.1884854611813025 -0.8674992934806669 -0.7707687985468223
0.4339243834239077 -0.5266736113953608 -1.2802102907930086 -0.6752934129714847 0.29973677654241604 2.0913349852271326 -0.8600709919937842 -0.7595286662538304
0.44148294568176194 -0.717344801126343 -1.1885003758990533 -0.5029640134186286 0.30002392414295703 1.994184509272963 -0.8526426905069016 -0.7482885339608385
0.44904150793961617 -0.9080159908573253 -1.096790461005098 -0.3306346138657724 0.300311071743498 1.8970340333187932 -0.845214389020019 -0.7370484016678465
0.4566000701974704 -1.0986871805883074 -1.0050805461111425 -0.15830521431291628 0.3005982193440391 1.7998835573646235 -0.8377860875331364 -0.7258082693748547
0.4641586324553246 -1.2893583703192875 -0.9133706312171883 0.01402418523993798 0.3008853669445801 1.7027330814104547 -0.8303577860462538 -0.7145681370818628
0.4717171947131789 -1.4800295600502695 -0.821660716323233 0.18635358479279407 0.3011725145451211 1.605582605456285 -0.8229294845593711 -0.7033280047888708
0.4792757569710332 -1.6707007497812518 -0.7299508014292777 0.35868298434565027 0.30145966214566217 1.5084321295021152 -0.8155011830724885 -0.692087872495879
0.4868343192288874 -1.8613719395122341 -0.6382408865353224 0.5310123838985065 0.30174680974620316 1.4112816535479453 -0.808072881585606 -0.680847740202887
0.49439288148674165 -2.052043129243216 -0.5465309716413671 0.7033417834513626 0.3020339573467442 1.3141311775937756 -0.8006445800987232 -0.6696076079098952
0.5019514437445959 -2.242714318974198 -0.4548210567474117 0.8756711830042188 0.30232110494728526 1.216980701639606 -0.7932162786118405 -0.6583674756169032
0.5010387084410027 -2.265822583519548 -0.4437824079121114 0.8938024424963463 0.302568083053426 1.201435789106367 -0.7892579272071522 -0.6641626430371308
0.4989439316172075 -2.265549974783182 -0.4440002148059256 0.8904176824451167 0.30280945611383653 1.1972776993760486 -0.7857837548837001 -0.6723348290219935
0.49684915479341224 -2.2652773660468157 -0.4442180216997398 0.8870329223938869 0.303050829174247 1.1931196096457302 -0.7823095825602482 -0.6805070150068565
0.494754377969617 -2.2650047573104497 -0.44443582859355407 0.8836481623426572 0.3032922022346575 1.1889615199154115 -0.778835410236796 -0.6886792009917193
0.4926596011458218 -2.2647321485740832 -0.44465363548736825 0.8802634022914273 0.3035335752950681 1.1848034301850932 -0.7753612379133441 -0.6968513869765822
0.4905648243220266 -2.264459539837717 -0.4448714423811825 0.8768786422401976 0.3037749483554786 1.1806453404547745 -0.7718870655898921 -0.7050235729614451
0.48847004749823136 -2.264186931101351 -0.4450892492749967 0.873493882188968 0.3040163214158891 1.1764872507244561 -0.76841289326644 -0.713195758946308
0.48637527067443614 -2.2639143223649847 -0.44530705616881094 0.8701091221377382 0.3042576944762996 1.1723291609941375 -0.7649387209429881 -0.721367944931171
0.48428049385064087 -2.263641713628618 -0.4455248630626252 0.8667243620865085 0.3044990675367101 1.1681710712638191 -0.7614645486195359 -0.7295401309160339
0.48218571702684565 -2.263369104892252 -0.4457426699564394 0.8633396020352788 0.3047404405971206 1.1640129815335007 -0.757990376296084 -0.7377123169008967
0.4800909402030505 -2.263096496155886 -0.4459604768502536 0.859954841984049 0.3049818136575311 1.1598548918031821 -0.754516203972632 -0.7458845028857596
0.47799616337925527 -2.26282388741952 -0.4461782837440678 0.8565700819328192 0.3052231867179417 1.1556968020728637 -0.75104203164918 -0.7540566888706225
0.48198203878343354 -2.261775967124937 -0.44695571327922723 0.8529317193907373 0.3060320631345416 1.155802316460121 -0.778911529141397 -0.7596426181930015
0.48919826068372285 -2.260316162565051 -0.4480304423426013 0.8491586305253902 0.30714242570911726 1.1581728705348402 -0.8234323512231888 -0.763854598663436
0.49641448258401216 -2.2588563580051657 -0.4491051714059753 0.8453855416600433 0.30825278828369296 1.1605434246095594 -0.8679531733049805 -0.7680665791338706
0.5036307044843015 -2.25739655344528 -0.4501799004693494 0.8416124527946962 0.3093631508582686 1.1629139786842786 -0.9124739953867722 -0.7722785596043049
0.5108469263845907 -2.2559367488853943 -0.45125462953272344 0.8378393639293491 0.31047351343284424 1.1652845327589978 -0.9569948174685634 -0.7764905400747395
0.51806314828488 -2.254476944325509 -0.45232935859609746 0.834066275064002 0.3115838760074199 1.167655086833717 -1.001515639550355 -0.780702520545174
0.5252793701851692 -2.253017139765623 -0.4534040876594715 0.8302931861986549 0.3126942385819955 1.1700256409084364 -1.0460364616321467 -0.7849145010156084
0.5324955920854586 -2.251557335205737 -0.45447881672284557 0.8265200973333078 0.31380460115657116 1.1723961949831554 -1.0905572837139383 -0.789126481486043
0.5397118139857479 -2.2500975306458515 -0.45555354578621965 0.8227470084679609 0.31491496373114686 1.1747667490578748 -1.13507810579573 -0.7933384619564775
0.5469280358860372 -2.248637726085966 -0.4566282748495937 0.8189739196026138 0.31602532630572244 1.177137303132594 -1.1795989278775216 -0.797550442426912
0.5541442577863265 -2.24717792152608 -0.45770300391296775 0.8152008307372667 0.31713568888029814 1.1795078572073132 -1.2241197499593133 -0.8017624228973464
0.5613604796866157 -2.245718116966194 -0.4587777329763418 0.8114277418719197 0.3182460514548738 1.1818784112820324 -1.2686405720411047 -0.8059744033677809
0.5645340696981256 -2.2449143259493947 -0.4593351578166086 0.8086881172448728 0.3190102956969573 1.183348791863043 -1.2923097965455073 -0.8092335350506643
0.5623174838579291 -2.2449852196567086 -0.4592028436927324 0.8073264449355595 0.3193130488290514 1.183618941119109 -1.2881768909467242 -0.8112222016834795
0.5601008980177327 -2.245056113364022 -0.4590705295688562 0.8059647726262461 0.3196158019611455 1.1838890903751749 -1.2840439853479408 -0.8132108683162946
0.5578843121775363 -2.2451270070713365 -0.45893821544498004 0.8046031003169328 0.3199185550932395 1.1841592396312408 -1.2799110797491575 -0.8151995349491098
0.55566772633734 -2.2451979007786504 -0.4588059013211039 0.8032414280076196 0.3202213082253336 1.1844293888873065 -1.2757781741503744 -0.8171882015819251
0.5534511404971435 -2.2452687944859644 -0.4586735871972277 0.8018797556983064 0.32052406135742767 1.1846995381433725 -1.271645268551591 -0.8191768682147402
0.551234554656947 -2.2453396881932783 -0.45854127307335146 0.800518083388993 0.3208268144895217 1.1849696873994384 -1.2675123629528078 -0.8211655348475554
0.5490179688167508 -2.2454105819005923 -0.4584089589494753 0.7991564110796798 0.3211295676216158 1.1852398366555041 -1.2633794573540245 -0.8231542014803706
0.5468013829765543 -2.2454814756079062 -0.45827664482559904 0.7977947387703666 0.32143232075370987 1.1855099859115699 -1.2592465517552414 -0.8251428681131857
0.544584797136358 -2.24555236931522 -0.45814433070172295 0.7964330664610532 0.3217350738858039 1.185780135167636 -1.2551136461564583 -0.8271315347460009
0.5423682112961615 -2.2456232630225346 -0.45801201657784674 0.7950713941517399 0.32203782701789796 1.1860502844237015 -1.250980740557675 -0.829120201378816
0.5401516254559651 -2.2456941567298485 -0.4578797024539705 0.7937097218424266 0.32234058014999206 1.1863204336797675 -1.2468478349588916 -0.8311088680116313
0.5357200463341405 -2.245991823453943 -0.45765752115045505 0.7924938663974229 0.32315721117343804 1.187855189692 -1.2320799064158958 -0.834422704602323
0.5226499934139642 -2.2471739049434794 -0.45708485784634634 0.7918466967232266 0.32597796597315676 1.194321912053282 -1.1758353883904669 -0.8429047040287339
0.5095799404937883 -2.248355986433016 -0.4565121945422377 0.7911995270490302 0.32879872077287536 1.2007886344145642 -1.119590870365039 -0.8513867034551446
0.49650988757361203 -2.2495380679225527 -0.45593953123812897 0.7905523573748338 0.3316194755725941 1.2072553567758462 -1.0633463523396098 -0.8598687028815553
0.4834398346534361 -2.2507201494120896 -0.45536686793402026 0.7899051877006373 0.33444023037231274 1.2137220791371282 -1.0071018343141822 -0.868350702307966
0.47036978173325994 -2.251902230901626 -0.4547942046299116 0.789258018026441 0.33726098517203146 1.2201888014984101 -0.9508573162887533 -0.8768327017343769
0.45729972881308395 -2.253084312391163 -0.45422154132580284 0.7886108483522446 0.34008173997175006 1.2266555238596921 -0.8946127982633254 -0.8853147011607875
0.44422967589290807 -2.2542663938806995 -0.4536488780216942 0.7879636786780482 0.3429024947714687 1.2331222462209743 -0.8383682802378976 -0.8937967005871981
0.4311596229727318 -2.255448475370236 -0.4530762147175854 0.7873165090038519 0.34572324957118744 1.2395889685822563 -0.7821237622124685 -0.9022787000136089
0.41808957005255587 -2.256630556859773 -0.45250355141347676 0.7866693393296555 0.34854400437090605 1.2460556909435385 -0.7258792441870408 -0.9107606994400196
0.40501951713237966 -2.25781263834931 -0.45193088810936805 0.786022169655459 0.35136475917062476 1.2525224133048205 -0.6696347261616117 -0.9192426988664304
0.3919494642122037 -2.2589947198388463 -0.45135822480525933 0.7853749999812628 0.3541855139703434 1.2589891356661025 -0.613390208136184 -0.9277246982928411
0.3788794112920275 -2.2601768013283827 -0.4507855615011506 0.7847278303070664 0.35700626877006214 1.2654558580273847 -0.5571456901107549 -0.9362066977192518
0.38350284810846924 -2.2590116797859148 -0.4541275654532873 0.781020328586959 0.3601756599065448 1.2685362743404534 -0.5882238028349351 -0.9429727141889891
0.38849489929442377 -2.25779765818028 -0.45755112497326245 0.7772490699492287 0.3633523143000435 1.271546142610851 -0.6211211370330649 -0.9497029810137956
0.39348695048037846 -2.2565836365746454 -0.4609746844932376 0.7734778113114982 0.3665289686935422 1.2745560108812486 -0.6540184712311956 -0.9564332478386022
0.398479001666333 -2.255369614969011 -0.4643982440132127 0.7697065526737679 0.36970562308704086 1.2775658791516462 -0.6869158054293254 -0.9631635146634087
0.4034710528522876 -2.254155593363376 -0.4678218035331879 0.7659352940360373 0.37288227748053954 1.2805757474220438 -0.7198131396274561 -0.9698937814882154
0.40846310403824215 -2.2529415717577415 -0.471245363053163 0.7621640353983069 0.37605893187403816 1.2835856156924415 -0.752710473825586 -0.976624048313022
0.41345515522419685 -2.251727550152107 -0.4746689225731382 0.7583927767605765 0.37923558626753695 1.286595483962839 -0.7856078080237165 -0.9833543151378286
0.4184472064101513 -2.250513528546472 -0.4780924820931133 0.7546215181228461 0.3824122406610355 1.2896053522332367 -0.8185051422218463 -0.9900845819626349
0.4234392575961059 -2.2492995069408375 -0.4815160416130884 0.7508502594851156 0.3855888950545342 1.2926152205036343 -0.8514024764199764 -0.9968148487874415
0.4284313087820606 -2.248085485335203 -0.48493960113306367 0.7470790008473852 0.3887655494480329 1.2956250887740322 -0.8842998106181069 -1.0035451156122481
0.43342335996801507 -2.246871463729568 -0.48836316065303875 0.7433077422096548 0.39194220384153156 1.2986349570444295 -0.9171971448162368 -1.0102753824370545
0.43841541115396976 -2.2456574421239335 -0.49178672017301395 0.7395364835719243 0.39511885823503023 1.3016448253148274 -0.9500944790143674 -1.0170056492618613
0.43933858826105726 -2.246754562705393 -0.4938614636193514 0.73833573131833 0.3969093063640678 1.2847460639525838 -0.9683121748609573 -1.0189601953300815
0.4389421305317554 -2.2486012429150994 -0.4954987532039686 0.7379686568109419 0.39825017408300994 1.2613904497365107 -0.9817689069178588 -1.0193658589907602
0.43854567280245355 -2.250447923124806 -0.4971360427885857 0.7376015823035538 0.399591041801952 1.2380348355204378 -0.9952256389747598 -1.0197715226514388
0.43814921507315174 -2.252294603334512 -0.49877333237320287 0.7372345077961657 0.4009319095208941 1.2146792213043651 -1.008682371031661 -1.0201771863121174
0.4377527573438499 -2.254141283544218 -0.50041062195782 0.7368674332887777 0.40227277723983623 1.1913236070882918 -1.0221391030885625 -1.0205828499727962
0.437356299614548 -2.255987963753925 -0.5020479115424372 0.7365003587813895 0.4036136449587783 1.167967992872219 -1.0355958351454637 -1.0209885136334749
0.43695984188524617 -2.2578346439636308 -0.5036852011270543 0.7361332842740015 0.4049545126777204 1.144612378656146 -1.0490525672023652 -1.0213941772941535
0.43656338415594437 -2.2596813241733376 -0.5053224907116716 0.7357662097666133 0.4062953803966625 1.121256764440073 -1.0625092992592662 -1.0217998409548321
0.4361669264266425 -2.261528004383044 -0.5069597802962886 0.7353991352592253 0.4076362481156046 1.097901150224 -1.0759660313161676 -1.0222055046155107
0.4357704686973407 -2.2633746845927503 -0.5085970698809058 0.7350320607518372 0.40897711583454666 1.074545536007927 -1.0894227633730689 -1.0226111682761894
0.43537401096803885 -2.2652213648024566 -0.510234359465523 0.7346649862444491 0.4103179835534888 1.0511899217918543 -1.1028794954299699 -1.0230168319368682
0.434977553238737 -2.2670680450121625 -0.5118716490501402 0.734297911737061 0.41165885127243085 1.027834307575781 -1.1163362274868716 -1.0234224955975468
0.4327307644633024 -2.268845997663306 -0.5142136505288133 0.7335751852657085 0.41226799955239485 1.0340985140310064 -1.1141953706184893 -1.0243116840566728
0.4288471443778271 -2.2705631528587973 -0.51717905099069 0.7325378435954641 0.4122298575594166 1.0665648695416121 -1.0982566466238943 -1.0256286059913486
0.42496352429235196 -2.2722803080542886 -0.5201444514525665 0.7315005019252198 0.4121917155664383 1.099031225052217 -1.0823179226292998 -1.0269455279260242
0.4210799042068767 -2.27399746324978 -0.5231098519144431 0.7304631602549755 0.41215357357346005 1.1314975805628227 -1.0663791986347047 -1.0282624498607
0.41719628412140153 -2.2757146184452712 -0.5260752523763197 0.7294258185847312 0.4121154315804818 1.1639639360734277 -1.0504404746401101 -1.0295793717953756
0.41331266403592626 -2.2774317736407625 -0.5290406528381963 0.7283884769144868 0.41207728958750356 1.1964302915840337 -1.0345017506455152 -1.0308962937300512
0.4094290439504511 -2.279148928836254 -0.5320060533000729 0.7273511352442426 0.4120391475945253 1.2288966470946385 -1.0185630266509205 -1.032213215664727
0.40554542386497594 -2.280866084031745 -0.5349714537619494 0.7263137935739983 0.412001005601547 1.2613630026052436 -1.002624302656326 -1.0335301375994026
0.40166180377950067 -2.2825832392272365 -0.5379368542238261 0.725276451903754 0.4119628636085687 1.2938293581158493 -0.986685578661731 -1.0348470595340784
0.3977781836940255 -2.284300394422728 -0.5409022546857026 0.7242391102335097 0.41192472161559046 1.3262957136264544 -0.9707468546671363 -1.036163981468754
0.39389456360855024 -2.286017549618219 -0.5438676551475793 0.7232017685632655 0.41188657962261227 1.35876206913706 -0.9548081306725412 -1.0374809034034298
0.3900109435230751 -2.2877347048137104 -0.5468330556094558 0.7221644268930211 0.41184843762963397 1.3912284246476652 -0.9388694066779466 -1.0387978253381054
0.3852367646572173 -2.288702090900184 -0.5498291803057512 0.7207313470030245 0.4117110773345186 1.4170577466269427 -0.9229930516066087 -1.0370984359014792
0.3784439858891594 -2.2879700003395507 -0.5528949466000624 0.7184012604815897 0.4113488222212259 1.4278431259352105 -0.9072580660946538 -1.0285620740232357
0.37165120712110156 -2.2872379097789173 -0.5559607128943738 0.7160711739601547 0.4109865671079332 1.4386285052434782 -0.8915230805826987 -1.0200257121449923
0.3648584283530435 -2.2865058192182843 -0.559026479188685 0.7137410874387198 0.4106243119946404 1.4494138845517461 -0.8757880950707433 -1.0114893502667486
0.3580656495849856 -2.285773728657651 -0.5620922454829962 0.7114110009172849 0.41026205688134765 1.4601992638600136 -0.8600531095587883 -1.0029529883885049
0.3512728708169276 -2.2850416380970175 -0.5651580117773076 0.70908091439585 0.40989980176805496 1.4709846431682816 -0.8443181240468329 -0.9944166265102612
0.3444800920488697 -2.2843095475363846 -0.5682237780716188 0.7067508278744151 0.4095375466547622 1.481770022476549 -0.828583138534878 -0.9858802646320176
0.3376873132808117 -2.283577456975751 -0.5712895443659302 0.7044207413529802 0.4091752915414695 1.4925554017848173 -0.8128481530229226 -0.9773439027537738
0.33089453451275375 -2.282845366415118 -0.5743553106602414 0.7020906548315453 0.4088130364281768 1.5033407810930846 -0.7971131675109675 -0.9688075408755303
0.32410175574469585 -2.282113275854485 -0.5774210769545526 0.6997605683101105 0.408450781314884 1.5141261604013523 -0.7813781819990124 -0.9602711789972868
0.31730897697663785 -2.2813811852938515 -0.5804868432488639 0.6974304817886756 0.40808852620159125 1.5249115397096205 -0.7656431964870573 -0.9517348171190432
0.31051619820857995 -2.280649094733218 -0.5835526095431752 0.6951003952672405 0.40772627108829856 1.5356969190178877 -0.7499082109751022 -0.9431984552407995
0.30402098915948506 -2.280097227306863 -0.5866268205522968 0.6928064769864973 0.40776042638639265 1.5457933444911525 -0.7353763046434685 -0.9355990752042667
0.30087343944872524 -2.2815728701411424 -0.5897960346030329 0.6909194514135354 0.4122541988125887 1.5481390393206307 -0.7343790390904541 -0.9385407408869808
0.2977258897379653 -2.2830485129754208 -0.592965248653769 0.6890324258405733 0.41674797123878476 1.5504847341501091 -0.7333817735374397 -0.941482406569695
0.29457834002720545 -2.2845241558096996 -0.5961344627045051 0.6871454002676115 0.4212417436649808 1.5528304289795871 -0.7323845079844254 -0.9444240722524091
0.29143079031644564 -2.2859997986439784 -0.5993036767552412 0.6852583746946496 0.4257355160911769 1.5551761238090653 -0.7313872424314111 -0.9473657379351232
0.2882832406056857 -2.287475441478257 -0.6024728908059774 0.6833713491216875 0.43022928851737297 1.5575218186385436 -0.7303899768783968 -0.9503074036178374
0.28513569089492596 -2.2889510843125356 -0.6056421048567135 0.6814843235487256 0.434723060943569 1.559867513468022 -0.7293927113253824 -0.9532490693005515
0.28198814118416604 -2.290426727146815 -0.6088113189074498 0.6795972979757636 0.43921683336976514 1.5622132082975 -0.7283954457723679 -0.9561907349832657
0.2788405914734062 -2.291902369981093 -0.6119805329581859 0.6777102724028017 0.4437106057959611 1.5645589031269784 -0.7273981802193537 -0.9591324006659798
0.2756930417626463 -2.293378012815372 -0.6151497470089221 0.6758232468298396 0.44820437822215725 1.5669045979564566 -0.7264009146663393 -0.9620740663486941
0.27254549205188644 -2.294853655649651 -0.6183189610596582 0.6739362212568777 0.45269815064835334 1.5692502927859346 -0.7254036491133249 -0.9650157320314081
0.26939794234112663 -2.2963292984839296 -0.6214881751103943 0.6720491956839156 0.45719192307454937 1.5715959876154129 -0.7244063835603105 -0.9679573977141223
0.2662503926303667 -2.2978049413182084 -0.6246573891611304 0.6701621701109538 0.46168569550074545 1.5739416824448913 -0.7234091180072961 -0.9708990633968365
0.2635941929589759 -2.296484656974482 -0.6294576525939412 0.666433445351073 0.4639975713330931 1.5728047262679514 -0.7205165889602453 -0.9720551001143009
0.2610198849608132 -2.2946983847677545 -0.634529757590431 0.6623977707267054 0.4659457977331327 1.5710873282566087 -0.7173081826641882 -0.9729135320042236
0.2584455769626506 -2.292912112561027 -0.6396018625869208 0.658362096102338 0.4678940241331723 1.5693699302452657 -0.7140997763681312 -0.9737719638941463
0.25587126896448786 -2.2911258403542996 -0.6446739675834106 0.6543264214779705 0.46984225053321194 1.5676525322339228 -0.710891370072074 -0.9746303957840691
0.25329696096632526 -2.2893395681475726 -0.6497460725799004 0.6502907468536032 0.4717904769332515 1.56593513422258 -0.707682963776017 -0.9754888276739919
0.25072265296816254 -2.287553295940845 -0.6548181775763902 0.6462550722292357 0.47373870333329116 1.564217736211237 -0.70447455747996 -0.9763472595639147
0.24814834496999988 -2.2857670237341177 -0.65989028257288 0.6422193976048682 0.4756869297333307 1.5625003381998943 -0.7012661511839029 -0.9772056914538374
0.24557403697183727 -2.28398075152739 -0.6649623875693697 0.6381837229805009 0.47763515613337026 1.5607829401885513 -0.698057744887846 -0.9780641233437601
0.24299972897367456 -2.2821944793206628 -0.6700344925658596 0.6341480483561335 0.4795833825334098 1.5590655421772086 -0.6948493385917889 -0.9789225552336829
0.24042542097551192 -2.2804082071139353 -0.6751065975623493 0.6301123737317661 0.4815316089334495 1.5573481441658656 -0.6916409322957318 -0.9797809871236057
0.23785111297734923 -2.2786219349072083 -0.6801787025588392 0.6260766991073985 0.48347983533348904 1.5556307461545227 -0.6884325259996747 -0.9806394190135285
0.2352768049791866 -2.2768356627004804 -0.6852508075553289 0.6220410244830312 0.48542806173352865 1.5539133481431797 -0.6852241197036177 -0.9814978509034512
0.23122254383180818 -2.2789432378195316 -0.6889503358704556 0.6208454534088393 0.48839339287011324 1.5512263279416496 -0.6804489328301967 -0.9822101851402756
0.22630895504940146 -2.283311756547098 -0.691852884177049 0.6212989747186204 0.4919493009504981 1.5479763013071075 -0.6747640023957259 -0.9828376884817525
0.2213953662669947 -2.287680275274665 -0.6947554324836425 0.6217524960284014 0.49550520903088296 1.5447262746725654 -0.669079071961255 -0.9834651918232292
0.2164817774845878 -2.2920487940022323 -0.6976579807902359 0.6222060173381825 0.49906111711126794 1.5414762480380233 -0.6633941415267841 -0.984092695164706
0.21156818870218103 -2.296417312729799 -0.7005605290968292 0.6226595386479634 0.5026170251916527 1.5382262214034812 -0.6577092110923132 -0.9847201985061829
0.20665459991977414 -2.300785831457366 -0.7034630774034225 0.6231130599577446 0.5061729332720377 1.534976194768939 -0.6520242806578422 -0.9853477018476597
0.20174101113736742 -2.305154350184933 -0.7063656257100159 0.6235665812675256 0.5097288413524226 1.531726168134397 -0.6463393502233714 -0.9859752051891366
0.19682742235496054 -2.3095228689124996 -0.7092681740166094 0.6240201025773067 0.5132847494328074 1.5284761414998547 -0.6406544197889004 -0.9866027085306135
0.19191383357255376 -2.3138913876400666 -0.7121707223232027 0.6244736238870877 0.5168406575131924 1.5252261148653126 -0.6349694893544295 -0.9872302118720903
0.187000244790147 -2.3182599063676337 -0.7150732706297961 0.6249271451968688 0.5203965655935772 1.5219760882307705 -0.6292845589199587 -0.987857715213567
0.18208665600774013 -2.3226284250952007 -0.7179758189363895 0.6253806665066498 0.5239524736739621 1.5187260615962284 -0.6235996284854878 -0.9884852185550439
0.17717306722533335 -2.326996943822768 -0.7208783672429828 0.6258341878164309 0.527508381754347 1.5154760349616863 -0.6179146980510168 -0.9891127218965207
0.16443771558367343 -2.3092321527289794 -0.7336081479697706 0.5924753523391086 0.5305411929542758 1.5104006341269594 -0.6110332245464684 -0.9913061206978111
0.14036080779609442 -2.2593740623942216 -0.7605874157058427 0.5100885995204794 0.5328155136775435 1.5026784407019638 -0.6024167635903068 -0.9957700679158314
0.11628390000851646 -2.2095159720594664 -0.7875666834419135 0.4277018467018534 0.535089834400811 1.4949562472769689 -0.5938003026341458 -1.0002340151338518
0.0922069922209385 -2.159657881724711 -0.8145459511779845 0.34531509388322756 0.5373641551240786 1.4872340538519737 -0.5851838416779848 -1.004697962351872
0.06813008443336055 -2.109799791389956 -0.8415252189140553 0.2629283410646017 0.5396384758473461 1.4795118604269786 -0.5765673807218237 -1.0091619095698923
0.044053176645782594 -2.059941701055201 -0.8685044866501261 0.18054158824597585 0.5419127965706138 1.4717896670019837 -0.5679509197656625 -1.0136258567879124
0.019976268858203597 -2.010083610720443 -0.8954837543861982 0.09815483542734646 0.5441871172938814 1.4640674735769883 -0.5593344588095011 -1.0180898040059327
-0.004100638929374359 -1.9602255203856878 -0.922463022122269 0.01576808260872059 0.546461438017149 1.4563452801519932 -0.55071799785334 -1.022553751223953
-0.028177546716952308 -1.9103674300509326 -0.9494422898583399 -0.06661867020990522 0.5487357587404165 1.4486230867269982 -0.5421015368971789 -1.0270176984419732
-0.05225445450453027 -1.860509339716177 -0.9764215575944108 -0.1490054230285311 0.5510100794636841 1.440900893302003 -0.5334850759410177 -1.0314816456599936
-0.07633136229210927 -1.8106512493814197 -1.0034008253304827 -0.2313921758471605 0.5532844001869517 1.4331786998770075 -0.5248686149848563 -1.035945592878014
-0.10040827007968722 -1.7607931590466643 -1.0303800930665536 -0.3137789286657863 0.5555587209102193 1.4254565064520126 -0.5162521540286951 -1.040409540096034
-0.11970648637414336 -1.7279022223725091 -1.0498746562085581 -0.3705824759611517 0.5588358887985553 1.4181129015433493 -0.5070173075214724 -1.044244896797336
-0.11776607381027962 -1.7704208575232454 -1.036103865599154 -0.3136828875975781 0.5665701551983071 1.4124519122628276 -0.4950340807873092 -1.0452865178687774
-0.11582566124641591 -1.8129394926739815 -1.0223330749897501 -0.25678329923400467 0.5743044215980588 1.4067909229823061 -0.48305085405314596 -1.046328138940219
-0.11388524868255212 -1.8554581278247197 -1.0085622843803455 -0.1998837108704286 0.5820386879978108 1.4011299337017842 -0.47106762731898233 -1.0473697600116605
-0.11194483611868838 -1.8979767629754558 -0.9947914937709416 -0.14298412250685505 0.5897729543975626 1.3954689444212627 -0.4590844005848191 -1.0484113810831022
-0.11000442355482468 -1.940495398126192 -0.9810207031615376 -0.08608453414328152 0.5975072207973143 1.389807955140741 -0.4471011738506559 -1.0494530021545438
-0.10806401099096094 -1.9830140332769284 -0.9672499125521337 -0.02918494577970801 0.6052414871970662 1.3841469658602192 -0.43511794711649276 -1.0504946232259855
-0.10612359842709723 -2.0255326684276644 -0.9534791219427297 0.02771464258386555 0.6129757535968179 1.378485976579698 -0.42313472038232947 -1.051536244297427
-0.10418318586323343 -2.068051303578403 -0.9397083313333251 0.08461423094744155 0.6207100199965699 1.3728249872991758 -0.4111514936481658 -1.0525778653688687
-0.1022427732993697 -2.110569938729139 -0.9259375407239212 0.1415138193110151 0.6284442863963217 1.3671639980186543 -0.3991682669140026 -1.0536194864403103
-0.10030236073550598 -2.153088573879875 -0.9121667501145172 0.19841340767458865 0.6361785527960734 1.3615030087381326 -0.38718504017983935 -1.0546611075117518
-0.09836194817164227 -2.1956072090306114 -0.8983959595051132 0.2553129960381622 0.6439128191958251 1.355842019457611 -0.37520181344567616 -1.0557027285831935
-0.09642153560777846 -2.2381258441813494 -0.8846251688957087 0.3122125844017382 0.6516470855955773 1.3501810301770891 -0.36321858671151247 -1.056744349654635
-0.11582687983170055 -2.239352088479282 -0.8856069506982666 0.30342497233580057 0.656203064815058 1.3009525078058355 -0.33217404436879033 -1.0555685422446364
-0.1361405541316984 -2.238821209762201 -0.8872165015396312 0.2918421602515866 0.6606237977715483 1.2498700478562532 -0.3003183822129383 -1.0542983761758529
-0.1564542284316962 -2.238290331045121 -0.8888260523809957 0.2802593481673726 0.6650445307280388 1.1987875879066712 -0.26846272005708627 -1.0530282101070694
-0.17676790273169407 -2.237759452328041 -0.8904356032223603 0.26867653608315867 0.6694652636845292 1.1477051279570887 -0.2366070579012342 -1.051758044038286
-0.19708157703169277 -2.2372285736109605 -0.8920451540637249 0.2570937239989442 0.6738859966410199 1.0966226680075044 -0.20475139574538076 -1.0504878779695028
-0.21739525133169063 -2.23669769489388 -0.8936547049050895 0.2455109119147302 0.6783067295975103 1.0455402080579221 -0.17289573358952873 -1.0492177119007193
-0.23770892563168847 -2.2361668161768 -0.8952642557464541 0.23392809983051627 0.6827274625540007 0.9944577481083399 -0.14104007143367667 -1.0479475458319358
-0.2580225999316863 -2.23563593745972 -0.8968738065878186 0.2223452877463023 0.6871481955104912 0.9433752881587578 -0.1091844092778246 -1.0466773797631526
-0.2783362742316841 -2.235105058742639 -0.8984833574291833 0.21076247566208833 0.6915689284669817 0.8922928282091755 -0.07732874712197257 -1.045407213694369
-0.29864994853168286 -2.234574180025559 -0.9000929082705479 0.19917966357787387 0.6959896614234722 0.8412103682595911 -0.045473084966119126 -1.0441370476255858
-0.3189636228316807 -2.2340433013084784 -0.9017024591119124 0.1875968514936599 0.7004103943799627 0.7901279083100089 -0.013617422810267083 -1.0428668815568023
-0.33927729713167853 -2.2335124225913985 -0.903312009953277 0.17601403940944596 0.7048311273364531 0.7390454483604267 0.01823823934558497 -1.0415967154880188
-0.3586179933627186 -2.2379053359891534 -0.9041665110775872 0.1679967123870674 0.7129374538895752 0.7128851946095273 0.048693241362868955 -1.0414035504318127
-0.37760733640219135 -2.2440762854283767 -0.9047483553596277 0.16126692163701817 0.7223746892414815 0.6957246264303745 0.07864244944122684 -1.0415993024079262
-0.3965966794416633 -2.2502472348676 -0.9053301996416682 0.15453713088696922 0.7318119245933873 0.6785640582512225 0.10859165751958341 -1.0417950543840395
-0.4155860224811353 -2.256418184306823 -0.9059120439237087 0.14780734013692026 0.7412491599452933 0.6614034900720704 0.13854086559794002 -1.041990806360153
-0.43457536552060727 -2.2625891337460464 -0.9064938882057493 0.1410775493868713 0.750686395297199 0.6442429218929184 0.1684900736762966 -1.0421865583362664
-0.45356470856007913 -2.2687600831852697 -0.9070757324877897 0.13434775863682233 0.7601236306491049 0.6270823537137663 0.19843928175465314 -1.0423823103123797
-0.472554051599552 -2.2749310326244934 -0.9076575767698303 0.1276179678867731 0.7695608660010111 0.6099217855346135 0.22838848983301105 -1.0425780622884933
-0.4915433946390239 -2.2811019820637166 -0.9082394210518707 0.12088817713672415 0.778998101352917 0.5927612173554615 0.2583376979113676 -1.0427738142646066
-0.5105327376784958 -2.2872729315029403 -0.9088212653339114 0.11415838638667519 0.7884353367048229 0.5756006491763095 0.2882869059897242 -1.04296956624072
-0.5295220807179678 -2.2934438809421636 -0.9094031096159518 0.10742859563662623 0.7978725720567288 0.5584400809971575 0.3182361140680808 -1.0431653182168334
-0.5485114237574407 -2.299614830381387 -0.9099849538979924 0.10069880488657698 0.807309807408635 0.5412795128180047 0.34818532214643866 -1.043361070192947
-0.5675007667969125 -2.30578577982061 -0.9105667981800328 0.09396901413652803 0.8167470427605409 0.5241189446388527 0.37813453022479526 -1.0435568221690603
-0.5908560845010864 -2.3128275561755194 -0.9041279094490244 0.08663306683571476 0.8307431473254103 0.4949598362842885 0.4111504785013576 -1.0409253270663377
-0.6184027378833741 -2.3207053263694872 -0.8909491170254892 0.07871520924616775 0.8491157663347249 0.4542821293613287 0.4471104973681974 -1.0355796747679324
-0.6459493912656618 -2.328583096563456 -0.8777703246019538 0.07079735165662072 0.8674883853440395 0.4136044224383689 0.48307051623503733 -1.030234022469527
-0.6734960446479508 -2.3364608667574243 -0.864591532178418 0.06287949406707338 0.8858610043533549 0.3729267155154074 0.5190305351018788 -1.0248883701711216
-0.7010426980302384 -2.3443386369513926 -0.8514127397548827 0.05496163647752637 0.9042336233626695 0.3322490085924476 0.5549905539687187 -1.0195427178727163
-0.7285893514125261 -2.3522164071453604 -0.8382339473313474 0.04704377888797936 0.9226062423719841 0.29157130166948775 0.5909505728355585 -1.014197065574311
-0.7561360047948138 -2.3600941773393287 -0.8250551549078121 0.03912592129843235 0.9409788613812986 0.250893594746528 0.6269105917023984 -1.0088514132759057
-0.7836826581771016 -2.367971947533297 -0.8118763624842769 0.031208063708885334 0.9593514803906134 0.2102158878235682 0.6628706105692383 -1.0035057609775004
-0.8112293115593905 -2.3758497177272657 -0.7986975700607408 0.023290206119337985 0.9777240993999287 0.16953818090060666 0.6988306294360798 -0.9981601086790949
-0.8387759649416783 -2.3837274879212336 -0.7855187776372057 0.015372348529790972 0.9960967184092432 0.12886047397764686 0.7347906483029196 -0.9928144563806895
-0.8663226183239658 -2.391605258115202 -0.7723399852136703 0.007454490940243961 1.0144693374185578 0.08818276705468707 0.7707506671697595 -0.9874688040822843
-0.8938692717062536 -2.39948302830917 -0.7591611927901349 -0.0004633666493030495 1.0328419564278724 0.04750506013172728 0.8067106860365993 -0.9821231517838791
-0.9193349814946263 -2.404547830541845 -0.746789176179686 -0.007708383113049141 1.0499873824977535 0.0031200546552584505 0.841077076419438 -0.9798398648159453
-0.9395983322982074 -2.402580212871287 -0.7364340991019547 -0.013271296762291836 1.0640648262190489 -0.0505331972049762 0.8714593955922683 -0.9852124911741911
-0.9598616831017885 -2.4006125952007284 -0.7260790220242233 -0.018834210411534526 1.078142269940344 -0.10418644906521085 0.9018417147650987 -0.9905851175324368
-0.9801250339053699 -2.39864497753017 -0.715723944946492 -0.024397124060777223 1.0922197136616392 -0.15783970092544553 0.932224033937929 -0.9959577438906826
-1.000388384708951 -2.396677359859612 -0.7053688678687607 -0.029960037710019913 1.1062971573829343 -0.21149295278568014 0.9626063531107593 -1.0013303702489282
-1.020651735512533 -2.394709742189053 -0.695013790791029 -0.035522951359262846 1.1203746011042304 -0.26514620464591715 0.992988672283591 -1.0067029966071743
-1.0409150863161143 -2.392742124518495 -0.6846587137132976 -0.04108586500850555 1.1344520448255255 -0.3187994565061518 1.0233709914564213 -1.01207562296542
-1.0611784371196953 -2.390774506847937 -0.6743036366355661 -0.04664877865774824 1.1485294885468207 -0.37245270836638644 1.0537533106292516 -1.0174482493236656
-1.0814417879232765 -2.3888068891773786 -0.6639485595578349 -0.05221169230699093 1.1626069322681158 -0.42610596022662106 1.084135629802082 -1.0228208756819115
-1.1017051387268577 -2.38683927150682 -0.6535934824801036 -0.05777460595623363 1.176684375989411 -0.4797592120868558 1.1145179489749122 -1.0281935020401571
-1.1219684895304396 -2.3848716538362615 -0.6432384054023718 -0.06333751960547655 1.1907618197107068 -0.5334124639470927 1.1449002681477438 -1.033566128398403
-1.1422318403340208 -2.3829040361657032 -0.6328833283246406 -0.06890043325471926 1.204839263432002 -0.5870657158073274 1.1752825873205741 -1.0389387547566489
-1.1622589012931566 -2.381246564127259 -0.6227422332771302 -0.0741743409198705 1.2190241835918274 -0.6394233721175896 1.204964165042587 -1.0435988772300961
-1.178662851304127 -2.384344658447905 -0.615882196026343 -0.07501682349561833 1.2348570758091162 -0.6719152299949352 1.2239010405187283 -1.0373339401366306
-1.195066801315098 -2.3874427527685507 -0.6090221587755555 -0.0758593060713662 1.2506899680264059 -0.7044070878722822 1.24283791599487 -1.0310690030431648
-1.2114707513260683 -2.3905408470891967 -0.6021621215247683 -0.07670178864711405 1.2665228602436946 -0.7368989457496278 1.2617747914710113 -1.0248040659496995
-1.2278747013370388 -2.3936389414098422 -0.5953020842739811 -0.0775442712228619 1.2823557524609837 -0.7693908036269734 1.2807116669471523 -1.018539128856234
-1.2442786513480093 -2.396737035730488 -0.588442047023194 -0.07838675379860972 1.2981886446782724 -0.8018826615043191 1.2996485424232935 -1.0122741917627684
-1.2606826013589796 -2.399835130051134 -0.5815820097724069 -0.07922923637435755 1.3140215368955612 -0.8343745193816646 1.3185854178994347 -1.006009254669303
-1.2770865513699508 -2.4029332243717794 -0.5747219725216194 -0.08007171895010542 1.329854429112851 -0.8668663772590117 1.3375222933755766 -0.9997443175758371
-1.293490501380921 -2.406031318692425 -0.5678619352708323 -0.08091420152585327 1.3456873213301397 -0.8993582351363574 1.3564591688517178 -0.9934793804823716
-1.3098944513918913 -2.4091294130130705 -0.5610018980200451 -0.08175668410160111 1.3615202135474287 -0.9318500930137029 1.375396044327859 -0.9872144433889063
-1.3262984014028618 -2.4122275073337165 -0.5541418607692579 -0.08259916667734894 1.3773531057647175 -0.9643419508910485 1.394332919804 -0.9809495062954408
-1.3427023514138328 -2.415325601654362 -0.5472818235184704 -0.08344164925309681 1.3931859979820072 -0.9968338087683956 1.413269795280142 -0.974684569201975
-1.3591063014248033 -2.418423695975008 -0.5404217862676833 -0.08428413182884466 1.409018890199296 -1.029325666645741 1.4322066707562833 -0.9684196321085096
-1.3750239536398199 -2.408899538748203 -0.5482527523054833 -0.08004187039363901 1.4020348949528347 -1.0496000556682048 1.4638384018378505 -0.9715832484996679
-1.3908467184800166 -2.3969125031706757 -0.5589502555703248 -0.07480746378556441 1.3905988241036908 -1.0674905483287402 1.4979471779155988 -0.9765865826439238
-1.4066694833202131 -2.3849254675931486 -0.5696477588351664 -0.06957305717748978 1.3791627532545467 -1.0853810409892757 1.532055953993347 -0.9815899167881795
-1.4224922481604103 -2.372938432015621 -0.5803452621000084 -0.06433865056941494 1.3677266824054022 -1.1032715336498118 1.5661647300710966 -0.9865932509324357
-1.4383150130006066 -2.360951396438094 -0.5910427653648498 -0.05910424396134033 1.356290611556258 -1.1211620263103472 1.6002735061488447 -0.9915965850766915
-1.4541377778408031 -2.348964360860567 -0.6017402686296914 -0.0538698373532657 1.3448545407071142 -1.1390525189708827 1.6343822822265928 -0.9965999192209473
-1.4699605426809996 -2.3369773252830397 -0.6124377718945329 -0.04863543074519108 1.33341846985797 -1.156943011631418 1.6684910583043409 -1.001603253365203
-1.4857833075211961 -2.3249902897055126 -0.6231352751593744 -0.04340102413711647 1.3219823990088262 -1.1748335042919535 1.702599834382089 -1.006606587509459
-1.5016060723613935 -2.313003254127985 -0.6338327784242164 -0.03816661752904162 1.3105463281596816 -1.1927239969524899 1.7367086104598384 -1.011609921653715
-1.5174288372015898 -2.301016218550458 -0.6445302816890579 -0.032932210920967 1.2991102573105375 -1.2106144896130253 1.7708173865375865 -1.0166132557979708
-1.5332516020417866 -2.2890291829729312 -0.6552277849538993 -0.027697804312892385 1.2876741864613932 -1.2285049822735608 1.8049261626153348 -1.0216165899422267
-1.5490743668819829 -2.277042147395404 -0.665925288218741 -0.02246339770481777 1.2762381156122493 -1.246395474934096 1.8390349386930829 -1.0266199240864824
-1.5561099507180147 -2.2715031556250818 -0.6651146312762328 -0.017509956613324065 1.2750960878393227 -1.25772024773351 1.858855244812562 -1.0303253014218037
-1.5575803199180747 -2.2700479249326575 -0.6570154728690695 -0.012734460348998633 1.280473620681334 -1.2648867312875467 1.869626186625136 -1.0332086394447995
-1.5590506891181346 -2.2685926942402332 -0.6489163144619063 -0.0079589640846732 1.285851153523346 -1.2720532148415828 1.88039712843771 -1.0360919774677952
-1.5605210583181943 -2.2671374635478085 -0.6408171560547431 -0.003183467820347766 1.2912286863653575 -1.279219698395619 1.8911680702502838 -1.038975315490791
-1.5619914275182545 -2.265682232855384 -0.6327179976475799 0.001592028443977666 1.2966062192073688 -1.2863861819496554 1.9019390120628574 -1.0418586535137868
-1.5634617967183144 -2.2642270021629596 -0.6246188392404163 0.006367524708303306 1.3019837520493809 -1.2935526655036922 1.9127099538754315 -1.0447419915367826
-1.5649321659183744 -2.262771771470535 -0.616519680833253 0.01114302097262874 1.307361284891392 -1.3007191490577283 1.9234808956880056 -1.0476253295597784
-1.5664025351184343 -2.2613165407781106 -0.6084205224260898 0.01591851723695417 1.3127388177334038 -1.3078856326117647 1.9342518375005793 -1.0505086675827742
-1.5678729043184942 -2.259861310085686 -0.6003213640189266 0.020694013501279605 1.3181163505754152 -1.3150521161658009 1.9450227793131531 -1.05339200560577
-1.5693432735185542 -2.2584060793932617 -0.5922222056117634 0.02546950976560504 1.3234938834174268 -1.3222185997198372 1.955793721125727 -1.0562753436287657
-1.5708136427186141 -2.256950848700837 -0.5841230472045997 0.030245006029930677 1.3288714162594388 -1.3293850832738738 1.9665646629383011 -1.0591586816517615
-1.572284011918674 -2.2554956180084127 -0.5760238887974365 0.03502050229425611 1.3342489491014502 -1.3365515668279102 1.9773356047508752 -1.0620420196747573
-1.570666805267831 -2.2528548896252487 -0.5619189815566853 0.04119904123333384 1.3421683457389106 -1.3425230237932617 1.9832367140075042 -1.0634166741939475
-1.5641744788524041 -2.2483423227830235 -0.538331312999742 0.04959291071149427 1.3541012115270796 -1.3466075966712165 1.9814486139652732 -1.0624091968650233
-1.557682152436977 -2.2438297559407983 -0.5147436444427977 0.05798678018965506 1.3660340773152493 -1.3506921695491714 1.979660513923042 -1.0614017195360992
-1.5511898260215502 -2.239317189098573 -0.49115597588585447 0.06638064966781548 1.3779669431034185 -1.3547767424271262 1.977872413880811 -1.060394242207175
-1.5446974996061231 -2.234804622256348 -0.4675683073289112 0.07477451914597591 1.3898998088915877 -1.3588613153050808 1.9760843138385802 -1.0593867648782507
-1.5382051731906963 -2.2302920554141226 -0.4439806387719679 0.08316838862413634 1.4018326746797567 -1.3629458881830356 1.974296213796349 -1.0583792875493265
-1.5317128467752694 -2.2257794885718973 -0.42039297021502464 0.09156225810229676 1.4137655404679257 -1.3670304610609902 1.972508113754118 -1.0573718102204026
-1.5252205203598421 -2.221266921729672 -0.3968053016580803 0.09995612758045756 1.4256984062560956 -1.371115033938945 1.9707200137118868 -1.0563643328914782
-1.5187281939444153 -2.216754354887447 -0.373217633101137 0.108349997058618 1.4376312720442646 -1.3751996068169 1.968931913669656 -1.0553568555625543
-1.5122358675289884 -2.2122417880452216 -0.34962996454419376 0.11674386653677843 1.4495641378324338 -1.3792841796948547 1.9671438136274249 -1.05434937823363
-1.5057435411135616 -2.2077292212029964 -0.32604229598725043 0.12513773601493886 1.4614970036206028 -1.3833687525728093 1.9653557135851938 -1.0533419009047058
-1.4992512146981343 -2.203216654360771 -0.30245462743030616 0.13353160549309964 1.4734298694087726 -1.3874533254507642 1.9635676135429627 -1.0523344235757817
-1.4930995290471034 -2.198086388543605 -0.2781404879039182 0.14404353171216314 1.4870702196681667 -1.3913937350538668 1.9619317731755028 -1.05222379489433
-1.4886936273136033 -2.1897904154798646 -0.2501031846591263 0.16541049872835467 1.5094614278425884 -1.3945953078733513 1.9610762636412447 -1.0567095155311739
-1.484287725580103 -2.181494442416125 -0.22206588141433437 0.18677746574454626 1.5318526360170102 -1.3977968806928358 1.9602207541069867 -1.0611952361680181
-1.4798818238466025 -2.1731984693523847 -0.19402857816954244 0.20814443276073785 1.554243844191432 -1.4009984535123206 1.9593652445727288 -1.065680956804862
-1.475475922113102 -2.1649024962886445 -0.16599127492474933 0.22951139977693036 1.5766350523658543 -1.4042000263318053 1.9585097350384706 -1.0701666774417062
-1.4710700203796017 -2.1566065232249048 -0.1379539716799574 0.2508783667931219 1.5990262605402759 -1.40740159915129 1.9576542255042129 -1.0746523980785503
-1.4666641186461014 -2.1483105501611646 -0.1099166684351655 0.2722453338093135 1.6214174687146978 -1.4106031719707746 1.956798715969955 -1.0791381187153943
-1.462258216912601 -2.140014577097425 -0.08187936519037359 0.29361230082550505 1.6438086768891194 -1.413804744790259 1.9559432064356967 -1.0836238393522384
-1.4578523151791005 -2.1317186040336846 -0.05384206194558167 0.3149792678416966 1.6661998850635409 -1.4170063176097438 1.9550876969014386 -1.0881095599890824
-1.4534464134456002 -2.1234226309699444 -0.025804758700788542 0.3363462348578891 1.6885910932379637 -1.4202078904292286 1.9542321873671806 -1.0925952806259267
-1.4490405117120997 -2.1151266579062042 0.002232544544003373 0.35771320187408073 1.7109823014123855 -1.4234094632487133 1.9533766778329227 -1.097081001262771
-1.4446346099785994 -2.1068306848424645 0.030269847788795285 0.37908016889027224 1.7333735095868072 -1.4266110360681978 1.9525211682986647 -1.1015667218996148
-1.440228708245099 -2.0985347117787243 0.058307151033587204 0.4004471359064638 1.7557647177612288 -1.4298126088876824 1.9516656587644068 -1.1060524425364588
-1.454650224184129 -1.9510453901222882 0.08510987359858771 0.2821632234280431 1.75917140867498 -1.4014811389018444 1.9619599156598386 -1.1258425662040368
-1.4702996151887586 -1.7944782413837226 0.11183208003229622 0.15477164489562753 1.761339978897817 -1.3710931661243553 1.9729813312354678 -1.1466308031127488
-1.4859490061933882 -1.6379110926451572 0.13855428646600473 0.02738006636321194 1.763508549120654 -1.3407051933468659 1.9840027468110968 -1.167419040021461
-1.501598397198018 -1.4813439439065914 0.16527649289971322 -0.10001151216920373 1.7656771193434908 -1.310317220569377 1.9950241623867262 -1.1882072769301733
-1.5172477882026476 -1.3247767951680258 0.19199869933342173 -0.2274030907016193 1.7678456895663281 -1.2799292477918878 2.006045577962355 -1.2089955138388855
-1.5328971792072779 -1.1682096464294534 0.21872090576713138 -0.35479466923404035 1.7700142597891653 -1.2495412750143973 2.017066993537985 -1.2297837507475986
-1.5485465702119074 -1.0116424976908878 0.2454431122008399 -0.48218624776645613 1.7721828300120024 -1.219153302236908 2.028088409113614 -1.2505719876563108
-1.5641959612165373 -0.8550753489523222 0.2721653186345484 -0.6095778262988717 1.7743514002348393 -1.188765329459419 2.039109824689243 -1.271360224565023
-1.5798453522211668 -0.6985082002137566 0.2988875250682569 -0.7369694048312873 1.7765199704576764 -1.1583773566819298 2.0501312402648724 -1.292148461473735
-1.5954947432257964 -0.541941051475191 0.3256097315019654 -0.8643609833637029 1.7786885406805135 -1.1279893839044406 2.0611526558405013 -1.3129366983824473
-1.6111441342304267 -0.38537390273661853 0.352331937935675 -0.9917525618961239 1.7808571109033506 -1.0976014111269503 2.0721740714161307 -1.3337249352911604
-1.6267935252350565 -0.22880675399805295 0.3790541443693835 -1.1191441404285396 1.7830256811261875 -1.0672134383494611 2.08319548699176 -1.3545131721998727
-1.6208781103306173 -0.17724874943993113 0.42013264363147074 -1.133774295150199 1.7819441661391904 -1.0563857875166953 2.08309853607053 -1.3645921056436994
-1.6063367730625497 -0.16769440255398937 0.4669536600249097 -1.1032998803475533 1.7795626170682597 -1.0533822654618192 2.0785542385505558 -1.3703873177015717
-1.5917954357944821 -0.15814005566804723 0.5137746764183507 -1.072825465544906 1.7771810679973286 -1.0503787434069431 2.0740099410305812 -1.3761825297594443
-1.5772540985264147 -0.14858570878210547 0.5605956928117897 -1.0423510507422602 1.7747995189263976 -1.0473752213520673 2.069465643510607 -1.381977741817317
-1.5627127612583473 -0.13903136189616372 0.6074167092052287 -1.0118766359396145 1.7724179698554665 -1.0443716992971914 2.0649213459906335 -1.3877729538751893
-1.5481714239902802 -0.12947701501022196 0.6542377255986677 -0.9814022211369686 1.7700364207845356 -1.0413681772423153 2.0603770484706594 -1.3935681659330617
-1.533630086722213 -0.1199226681242802 0.7010587419921066 -0.9509278063343227 1.7676548717136047 -1.0383646551874395 2.055832750950685 -1.3993633779909342
-1.519088749454145 -0.11036832123833804 0.7478797583855477 -0.9204533915316757 1.7652733226426736 -1.0353611331325632 2.0512884534307108 -1.4051585900488068
-1.5045474121860778 -0.10081397435239628 0.7947007747789866 -0.8899789767290298 1.7628917735717426 -1.0323576110776873 2.0467441559107367 -1.4109538021066792
-1.4900060749180104 -0.09125962746645452 0.8415217911724256 -0.8595045619263839 1.7605102245008117 -1.0293540890228114 2.0421998583907626 -1.4167490141645516
-1.475464737649943 -0.08170528058051277 0.8883428075658646 -0.8290301471237381 1.7581286754298806 -1.0263505669679356 2.0376555608707885 -1.4225442262224242
-1.4609234003818752 -0.0721509336945706 0.9351638239593056 -0.798555732321091 1.7557471263589497 -1.0233470449130593 2.0331112633508144 -1.4283394382802967
-1.4522070602499029 -0.06662897326443194 0.9654665008583033 -0.7774695834405041 1.7518789490041529 -1.0243705608422362 2.032372709740903 -1.4341668895599113
-1.449558425468029 -0.06530741539242146 0.9785625741172581 -0.7661628782287283 1.7464622005203294 -1.0295889080048013 2.035598472703974 -1.440027923362174
-1.4469097906861552 -0.063985857520411 0.9916586473762128 -0.7548561730169527 1.7410454520365057 -1.0348072551673664 2.0388242356670445 -1.4458889571644367
-1.4442611559042815 -0.06266429964840053 1.0047547206351677 -0.743549467805177 1.735628703552682 -1.0400256023299315 2.0420499986301155 -1.4517499909666993
-1.4416125211224076 -0.061342741776390014 1.0178507938941228 -0.7322427625934007 1.7302119550688582 -1.0452439494924968 2.0452757615931865 -1.457611024768962
-1.438963886340534 -0.06002118390437955 1.0309468671530775 -0.720936057381625 1.7247952065850345 -1.0504622966550619 2.048501524556257 -1.4634720585712246
-1.4363152515586601 -0.05869962603236908 1.0440429404120324 -0.7096293521698493 1.719378458101211 -1.055680643817627 2.0517272875193284 -1.4693330923734873
-1.4336666167767866 -0.057378068160358606 1.057139013670987 -0.6983226469580736 1.7139617096173874 -1.060898990980192 2.054953050482399 -1.47519412617575
-1.4310179819949127 -0.05605651028834814 1.070235086929942 -0.6870159417462979 1.7085449611335637 -1.0661173381427573 2.05817881344547 -1.4810551599780126
-1.4283693472130388 -0.05473495241633762 1.0833311601888973 -0.6757092365345216 1.70312821264974 -1.0713356853053226 2.061404576408541 -1.4869161937802753
-1.4257207124311653 -0.05341339454432715 1.096427233447852 -0.664402531322746 1.6977114641659161 -1.0765540324678877 2.064630339371612 -1.492777227582538
-1.4230720776492916 -0.052091836672316684 1.1095233067068069 -0.6530958261109702 1.6922947156820927 -1.0817723796304528 2.067856102334683 -1.4986382613848006
-1.415705453768468 -0.05344588276298783 1.1206332250014452 -0.6307487010521534 1.6805985779744603 -1.0850322122180807 2.0682292430596108 -1.5068676452492191
-1.3952736293059347 -0.062209293673394034 1.1262430218564383 -0.5778281056476784 1.6515133624162768 -1.0828684659828052 2.0607028145096797 -1.5216555369780704
-1.3748418048434026 -0.07097270458379985 1.131852818711431 -0.5249075102432058 1.622428146858095 -1.08070471974753 2.053176385959749 -1.5364434287069209
-1.3544099803808705 -0.07973611549420567 1.1374626155664238 -0.471986914838733 1.5933429312999128 -1.0785409735122542 2.0456499574098186 -1.5512313204357715
-1.3339781559183381 -0.0884995264046115 1.1430724124214162 -0.41906631943426026 1.5642577157417308 -1.076377227276979 2.038123528859888 -1.566019212164622
-1.313546331455806 -0.09726293731501731 1.148682209276409 -0.3661457240297875 1.5351725001835488 -1.0742134810417032 2.0305971003099574 -1.5808071038934726
-1.2931145069932728 -0.10602634822542353 1.154292006131402 -0.3132251286253125 1.5060872846253655 -1.0720497348064277 2.0230706717600264 -1.5955949956223237
-1.2726826825307407 -0.11478975913582934 1.1599018029863948 -0.2603045332208398 1.4770020690671835 -1.0698859885711522 2.015544243210096 -1.6103828873511743
-1.2522508580682084 -0.12355317004623516 1.1655115998413874 -0.20738393781636702 1.4479168535090015 -1.0677222423358768 2.0080178146601657 -1.6251707790800247
-1.2318190336056762 -0.13231658095664098 1.17112139669638 -0.1544633424118943 1.4188316379508192 -1.0655584961006013 2.0004913861102347 -1.6399586708088751
-1.211387209143144 -0.1410799918670468 1.1767311935513727 -0.10154274700742154 1.3897464223926375 -1.0633947498653258 1.9929649575603043 -1.654746562537726
-1.190955384680611 -0.149843402777453 1.1823409904063655 -0.048622151602946515 1.360661206834454 -1.0612310036300503 1.9854385290103733 -1.6695344542665769
-1.1713171948315784 -0.15769136873543377 1.1913531730957707 0.00518690548299701 1.3312356952443036 -1.0608190432587201 1.977390256972879 -1.6833283469758207
-1.170329418399796 -0.14402637831141987 1.280321422893882 0.07987481208350969 1.2938132269028966 -1.1015740506901177 1.9570786629776273 -1.6737632627242935
-1.1693416419680136 -0.13036138788740595 1.3692896726919939 0.15456271868402235 1.2563907585614895 -1.1423290581215153 1.9367670689823762 -1.6641981784727669
-1.1683538655362313 -0.11669639746339144 1.4582579224901093 0.2292506252845383 1.2189682902200807 -1.1830840655529145 1.9164554749871237 -1.6546330942212395
-1.1673660891044488 -0.10303140703937753 1.5472261722882208 0.303938531885051 1.1815458218786734 -1.223839072984312 1.8961438809918723 -1.6450680099697128
-1.1663783126726666 -0.08936641661536364 1.6361944220863323 0.37862643848556365 1.1441233535372661 -1.2645940804157094 1.8758322869966209 -1.635502925718186
-1.165390536240884 -0.07570142619134973 1.725162671884444 0.4533143450860763 1.106700885195859 -1.305349087847107 1.8555206930013695 -1.625937841466659
-1.1644027598091018 -0.06203643576733581 1.8141309216825556 0.528002251686589 1.0692784168544518 -1.3461040952785046 1.8352090990061178 -1.6163727572151323
-1.1634149833773193 -0.04837144534332131 1.903099171480671 0.6026901582871049 1.031855948513043 -1.3868591027099038 1.8148975050108656 -1.6068076729636052
-1.1624272069455368 -0.0347064549193074 1.9920674212787826 0.6773780648876175 0.9944334801716358 -1.4276141101413014 1.7945859110156142 -1.5972425887120782
-1.1614394305137545 -0.02104146449529349 2.081035671076894 0.7520659714881303 0.9570110118302286 -1.4683691175726987 1.7742743170203628 -1.5876775044605511
-1.1604516540819723 -0.007376474071279577 2.170003920875006 0.826753878088643 0.9195885434888214 -1.5091241250040963 1.7539627230251114 -1.5781124202090244
-1.1594638776501898 0.006288516352734927 2.2589721706731214 0.9014417846891588 0.8821660751474126 -1.5498791324354957 1.733651129029859 -1.568547335957497
-1.1475185369629202 0.014985328325638498 2.2326944984141885 0.8795557790885803 0.8737671626073316 -1.5434190573750985 1.727304168701157 -1.5664880442100104
-1.1331077443181654 0.022564300147042676 2.180486493692418 0.8359406432427545 0.8718985501225485 -1.5263355887540468 1.7240992509474282 -1.5661175557759328
-1.118696951673409 0.03014327196844751 2.1282784889706434 0.7923255073969251 0.8700299376377653 -1.509252120132994 1.7208943331936997 -1.5657470673418552
-1.1042861590286543 0.03772224378985169 2.0760704842488735 0.7487103715510992 0.8681613251529822 -1.4921686515119423 1.717689415439971 -1.5653765789077774
-1.0898753663838994 0.04530121561125587 2.0238624795271036 0.7050952357052735 0.8662927126681992 -1.4750851828908909 1.7144844976862423 -1.5650060904736998
-1.0754645737391446 0.05288018743266005 1.9716544748053333 0.6614800998594477 0.8644241001834161 -1.4580017142698392 1.7112795799325136 -1.5646356020396222
-1.0610537810943896 0.06045915925406422 1.9194464700835634 0.6178649640136219 0.862555487698633 -1.440918245648788 1.708074662178785 -1.5642651136055443
-1.0466429884496349 0.0680381310754684 1.8672384653617933 0.5742498281677961 0.86068687521385 -1.4238347770277362 1.7048697444250565 -1.5638946251714665
-1.03223219580488 0.07561710289687258 1.8150304606400232 0.5306346923219705 0.858818262729067 -1.4067513084066847 1.701664826671328 -1.563524136737389
-1.0178214031601251 0.08319607471827677 1.7628224559182533 0.48701955647614464 0.8569496502442839 -1.3896678397856332 1.6984599089175991 -1.5631536483033113
-1.0034106105153702 0.09077504653968094 1.7106144511964831 0.4434044206303189 0.855081037759501 -1.3725843711645818 1.6952549911638704 -1.5627831598692337
-0.9889998178706141 0.09835401836108577 1.6584064464747084 0.39978928478448933 0.8532124252747176 -1.3555009025435287 1.6920500734101416 -1.5624126714351558
-0.9731729771790439 0.10438735313553227 1.6396259229586498 0.3857556751785979 0.8487618090761272 -1.3455954785911752 1.6789336255837957 -1.5650921859791334
-0.9563695516276012 0.1093547313258701 1.643898834756873 0.39212311815196993 0.8425305006611179 -1.3406404302724062 1.658981639776335 -1.5698751508528042
-0.9395661260761585 0.11432210951620794 1.6481717465550962 0.39849056112534187 0.8362991922461087 -1.3356853819536372 1.6390296539688745 -1.574658115726475
-0.9227627005247158 0.11928948770654578 1.6524446583533192 0.40485800409871386 0.8300678838310994 -1.330730333634868 1.6190776681614139 -1.5794410806001458
-0.9059592749732731 0.12425686589688362 1.6567175701515424 0.41122544707208586 0.8238365754160901 -1.325775285316099 1.5991256823539532 -1.5842240454738161
-0.8891558494218303 0.12922424408722144 1.6609904819497654 0.41759289004545785 0.8176052670010808 -1.3208202369973296 1.5791736965464924 -1.589007010347487
-0.8723524238703877 0.1341916222775593 1.6652633937479888 0.42396033301882985 0.8113739585860716 -1.3158651886785608 1.559221710739032 -1.5937899752211577
-0.855548998318945 0.13915900046789714 1.6695363055462118 0.43032777599220184 0.8051426501710623 -1.3109101403597916 1.5392697249315712 -1.5985729400948285
-0.8387455727675008 0.1441263786582354 1.6738092173444352 0.4366952189655744 0.7989113417560526 -1.3059550920410221 1.5193177391241088 -1.6033559049684993
-0.8219421472160581 0.14909375684857323 1.6780821291426586 0.4430626619389464 0.7926800333410433 -1.301000043722253 1.4993657533166482 -1.6081388698421701
-0.8051387216646153 0.15406113503891106 1.6823550409408816 0.4494301049123184 0.786448724926034 -1.296044995403484 1.4794137675091876 -1.6129218347158407
-0.7883352961131727 0.1590285132292489 1.6866279527391048 0.4557975478856904 0.7802174165110247 -1.2910899470847148 1.459461781701727 -1.6177047995895113
-0.7734302696877386 0.16118488478563792 1.6921989967065896 0.46392434189872056 0.7755067872390368 -1.2852352780778489 1.4416197696331765 -1.6216050105590143
-0.7617947084237643 0.15850007825022608 1.700005712743359 0.4750811293689399 0.7734151053800301 -1.2778312623303711 1.427411601226083 -1.6239849231380055
-0.7501591471597899 0.1558152717148142 1.7078124287801284 0.4862379168391593 0.7713234235210233 -1.2704272465828936 1.4132034328189893 -1.6263648357169966
-0.7385235858958156 0.15313046517940238 1.7156191448168976 0.49739470430937865 0.7692317416620167 -1.263023230835416 1.3989952644118957 -1.628744748295988
-0.7268880246318411 0.1504456586439905 1.7234258608536672 0.508551491779598 0.7671400598030099 -1.2556192150879382 1.3847870960048019 -1.6311246608749792
-0.7152524633678667 0.14776085210857867 1.7312325768904364 0.5197082792498174 0.7650483779440032 -1.2482151993404607 1.3705789275977083 -1.6335045734539704
-0.7036169021038914 0.14507604557316656 1.7390392929272063 0.5308650667200377 0.7629566960849963 -1.2408111835929823 1.3563707591906133 -1.635884486032962
-0.691981340839917 0.14239123903775472 1.746846008963976 0.5420218541902571 0.7608650142259896 -1.2334071678455047 1.3421625907835197 -1.6382643986119532
-0.6803457795759426 0.13970643250234285 1.754652725000745 0.5531786416604765 0.7587733323669829 -1.226003152098027 1.327954422376426 -1.6406443111909446
-0.6687102183119682 0.13702162596693102 1.7624594410375143 0.5643354291306959 0.7566816505079761 -1.2185991363505493 1.3137462539693323 -1.6430242237699355
-0.6570746570479938 0.13433681943151915 1.7702661570742837 0.5754922166009152 0.7545899686489694 -1.2111951206030718 1.2995380855622387 -1.645404136348927
-0.6454390957840195 0.1316520128961073 1.778072873111053 0.5866490040711345 0.7524982867899627 -1.2037911048555943 1.2853299171551449 -1.647784048927918
-0.6337782352026832 0.131167559030651 1.7826067296791626 0.5972308207772323 0.7467482851210174 -1.1968596235576925 1.2718074558556705 -1.6497471332900837
-0.6219655787171761 0.1438852211849322 1.7675034294353082 0.6043628128985994 0.7190483645924343 -1.192763348957248 1.2623992372019106 -1.6492092483512948
-0.6101529222316691 0.15660288333921335 1.7524001291914533 0.6114948050199662 0.6913484440638512 -1.1886670743568035 1.252991018548151 -1.648671363412506
-0.5983402657461608 0.16932054549349562 1.7372968289475976 0.6186267971413338 0.6636485235352656 -1.184570799756359 1.2435827998943907 -1.6481334784737172
-0.5865276092606537 0.1820382076477768 1.7221935287037429 0.6257587892627008 0.6359486030066825 -1.1804745251559146 1.2341745812406308 -1.647595593534928
-0.5747149527751465 0.19475586980205797 1.7070902284598883 0.6328907813840677 0.6082486824780994 -1.17637825055547 1.2247663625868712 -1.647057708596139
-0.5629022962896394 0.20747353195633916 1.6919869282160338 0.6400227735054347 0.5805487619495162 -1.1722819759550256 1.2153581439331116 -1.6465198236573502
-0.5510896398041323 0.22019119411062033 1.676883627972179 0.6471547656268016 0.5528488414209332 -1.1681857013545813 1.205949925279352 -1.6459819387185612
-0.5392769833186252 0.2329088562649015 1.6617803277283245 0.6542867577481686 0.5251489208923501 -1.1640894267541368 1.1965417066255923 -1.645444053779772
-0.5274643268331181 0.24562651841918268 1.64667702748447 0.6614187498695356 0.4974490003637669 -1.1599931521536926 1.1871334879718327 -1.6449061688409832
-0.5156516703476108 0.2583441805734638 1.6315737272406152 0.6685507419909025 0.46974907983518377 -1.155896877553248 1.177725269318073 -1.6443682839021945
-0.5038390138621038 0.271061842727745 1.6164704269967607 0.6756827341122694 0.4420491593066006 -1.1518006029528036 1.1683170506643135 -1.6438303989634053
-0.4920263573765956 0.2837795048820273 1.6013671267529048 0.682814726233637 0.41434923877801505 -1.147704328352359 1.1589088320105527 -1.6432925140246164
-0.48244354863079764 0.26798350122349535 1.6789943457808314 0.7748441931429596 0.40890080925921424 -1.1480660720630174 1.1545315628881714 -1.6444568924932332
-0.47305894857297376 0.24965294949271408 1.764864277632914 0.8744201022556537 0.40543029005239345 -1.1488240840679957 1.15060148927969 -1.6457725832647303
-0.46367434851514977 0.2313223977619328 1.8507342094849966 0.9739960113683479 0.40195977084557266 -1.1495820960729741 1.1466714156712086 -1.6470882740362276
-0.4542897484573259 0.2129918460311515 1.9366041413370794 1.073571920481042 0.3984892516387519 -1.1503401080779527 1.142741342062727 -1.6484039648077249
-0.444905148399502 0.1946612943003702 2.0224740731891617 1.1731478295937363 0.3950187324319311 -1.1510981200829313 1.1388112684542457 -1.6497196555792222
-0.43552054834167814 0.17633074256958897 2.1083440050412445 1.2727237387064305 0.39154821322511024 -1.1518561320879097 1.1348811948457644 -1.6510353463507195
-0.4261359482838542 0.15800019083880767 2.194213936893327 1.3722996478191247 0.3880776940182895 -1.152614144092888 1.130951121237283 -1.6523510371222168
-0.4167513482260303 0.1396696391080264 2.2800838687454097 1.4718755569318187 0.38460717481146867 -1.1533721560978667 1.1270210476288016 -1.653666727893714
-0.40736674816820556 0.12133908737724353 2.3659538005974996 1.5714514660445218 0.3811366556046476 -1.1541301681028453 1.1230909740203199 -1.6549824186652113
-0.3979821481103817 0.10300853564646226 2.451823732449583 1.6710273751572158 0.3776661363978268 -1.1548881801078237 1.1191609004118386 -1.6562981094367084
-0.3885975480525578 0.08467798391568097 2.537693664301665 1.7706032842699102 0.374195617191006 -1.1556461921128023 1.1152308268033573 -1.6576138002082057
-0.3792129479947339 0.0663474321848997 2.6235635961537476 1.8701791933826042 0.37072509798418524 -1.1564042041177807 1.1113007531948758 -1.658929490979703
-0.3673111711617956 0.06447818581419776 2.6480295085224723 1.905529980638366 0.35805613849403234 -1.1492030892016967 1.10106286059054 -1.6585720232514254
-0.35429887516336583 0.06987128004353105 2.645405412295597 1.9125461553101863 0.34132904358476224 -1.1384905947616144 1.0880421066645036 -1.6574763973614823
-0.34128657916493593 0.07526437427286435 2.642781316068722 1.9195623299820066 0.32460194867549214 -1.1277781003215321 1.075021352738467 -1.6563807714715393
-0.3282742831665061 0.08065746850219763 2.6401572198418464 1.9265785046538266 0.307874853766222 -1.11706560588145 1.0620005988124308 -1.6552851455815962
-0.3152619871680762 0.08605056273153093 2.6375331236149715 1.933594679325647 0.29114775885695193 -1.1063531114413678 1.0489798448863943 -1.6541895196916534
-0.30224969116964634 0.09144365696086423 2.634909027388096 1.9406108539974671 0.27442066394768183 -1.0956406170012856 1.035959090960358 -1.6530938938017103
-0.28923739517121533 0.096836751190198 2.6322849311612204 1.947627028669288 0.25769356903841023 -1.0849281225612026 1.0229383370343204 -1.6519982679117673
-0.2762250991727855 0.10222984541953128 2.6296608349343455 1.9546432033411083 0.24096647412914013 -1.0742156281211201 1.009917583108284 -1.650902642021824
-0.26321280317435564 0.10762293964886457 2.6270367387074702 1.9616593780129283 0.22423937921987003 -1.063503133681038 0.9968968291822475 -1.6498070161318812
-0.2502005071759258 0.11301603387819788 2.624412642480595 1.9686755526847488 0.20751228431059993 -1.0527906392409558 0.9838760752562112 -1.6487113902419384
-0.23718821117749592 0.11840912810753117 2.621788546253719 1.9756917273565688 0.19078518940132977 -1.0420781448008736 0.9708553213301747 -1.647615764351995
-0.22417591517906604 0.12380222233686446 2.6191644500268443 1.9827079020283889 0.17405809449205967 -1.0313656503607913 0.9578345674041384 -1.646520138462052
-0.2108360214114023 0.12721360126313022 2.5624431852557974 1.9406873416464845 0.1695552927995633 -0.9952263504417684 0.9651242857219725 -1.6413855906528887
-0.19712579973069155 0.1283847802815802 2.444568599521765 1.8432339503342738 0.17887125735211748 -0.9303437051987213 0.9953736683154896 -1.6316853050219966
-0.1834155780499808 0.12955595930003017 2.326694013787733 1.7457805590220636 0.18818722190467163 -0.8654610599556742 1.0256230509090067 -1.6219850193911047
-0.16970535636926887 0.13072713831848026 2.2088194280536904 1.6483271677098448 0.19750318645722661 -0.8005784147126215 1.0558724335025262 -1.612284733760212
-0.1559951346885581 0.13189831733693022 2.090944842319658 1.5508737763976344 0.20681915100978077 -0.7356957694695744 1.0861218160960435 -1.60258444812932
-0.14228491300784735 0.13306949635538018 1.9730702565856255 1.4534203850854241 0.21613511556233495 -0.6708131242265274 1.1163711986895606 -1.5928841624984285
-0.12857469132713661 0.13424067537383017 1.855195670851593 1.3559669937732137 0.2254510801148891 -0.6059304789834802 1.1466205812830776 -1.5831838768675366
-0.11486446964642585 0.13541185439228015 1.7373210851175607 1.2585136024610035 0.2347670446674433 -0.5410478337404332 1.176869963876595 -1.5734835912366447
-0.1011542479657151 0.1365830334107301 1.6194464993835287 1.161060211148793 0.24408300921999745 -0.47616518849738604 1.2071193464701118 -1.5637833056057528
-0.08744402628500435 0.1377542124291801 1.5015719136494963 1.0636068198365827 0.2533989737725516 -0.411282543254339 1.2373687290636288 -1.554083019974861
-0.0737338046042936 0.13892539144763005 1.3836973279154638 0.9661534285243724 0.2627149383251058 -0.3463998980112919 1.267618111657146 -1.5443827343439693
-0.06002358292358284 0.14009657046608004 1.2658227421814316 0.868700037212162 0.27203090287765996 -0.2815172527682448 1.2978674942506632 -1.5346824487130772
-0.046860362150138904 0.1433424158520753 1.176885650572178 0.7957597893180742 0.27622292775211277 -0.23144512068994996 1.320686637731142 -1.5277327217248045
-0.035383727507438976 0.15298514920466733 1.1771724991810233 0.7984017336298893 0.264616138619085 -0.22703873753632514 1.3205958772797446 -1.5292638838846093
-0.023907092864739042 0.16262788255725935 1.1774593477898687 0.8010436779417045 0.25300934948605736 -0.22263235438270035 1.3205051168283473 -1.5307950460444142
-0.012430458222039108 0.17227061590985138 1.1777461963987137 0.8036856222535196 0.24140256035302965 -0.21822597122907555 1.32041435637695 -1.532326208204219
-0.0009538235793391733 0.1819133492624434 1.1780330450075591 0.8063275665653347 0.22979577122000197 -0.21381958807545076 1.3203235959255526 -1.533857370364024
0.010522811063360754 0.19155608261503546 1.178319893616404 0.8089695108771497 0.21818898208697424 -0.20941320492182597 1.3202328354741553 -1.5353885325238288
0.02199944570606069 0.20119881596762748 1.1786067422252495 0.811611455188965 0.20658219295394653 -0.20500682176820118 1.320142075022758 -1.5369196946836337
0.03347608034876062 0.2108415493202195 1.1788935908340947 0.8142533995007801 0.19497540382091885 -0.20060043861457638 1.3200513145713608 -1.5384508568434385
0.04495271499146055 0.22048428267281156 1.17918043944294 0.8168953438125952 0.18336861468789115 -0.1961940554609516 1.3199605541199633 -1.5399820190032434
0.05642934963416149 0.23012701602540442 1.1794672880517851 0.8195372881244106 0.17176182555486244 -0.1917876723073264 1.319869793668566 -1.5415131811630483
0.06790598427686141 0.23976974937799647 1.1797541366606303 0.8221792324362257 0.16015503642183473 -0.18738128915370159 1.3197790332171686 -1.5430443433228533
0.07938261891956135 0.2494124827305885 1.1800409852694755 0.8248211767480409 0.14854824728880703 -0.1829749060000768 1.3196882727657713 -1.5445755054826582
0.09087152070143129 0.2588050824193823 1.1801874588904342 0.8273976586919142 0.13722593962198326 -0.17814195173677683 1.3191315937414851 -1.5459594964955066
0.10294924516346167 0.25619126624586075 1.1735959330928325 0.8268319469745821 0.13955874233295165 -0.1528335842090643 1.2962108232185252 -1.5402792724544414
0.11502696962549205 0.2535774500723391 1.1670044072952306 0.8262662352572501 0.14189154504392001 -0.12752521668135175 1.273290052695565 -1.5345990484133765
0.12710469408752242 0.25096363389881754 1.1604128814976287 0.8257005235399179 0.1442243477548884 -0.10221684915363918 1.250369282172605 -1.5289188243723115
0.13918241854955282 0.24834981772529593 1.153821355700027 0.8251348118225856 0.1465571504658568 -0.07690848162592663 1.227448511649645 -1.5232386003312464
0.1512601430115832 0.24573600155177433 1.147229829902425 0.8245691001052536 0.14888995317682516 -0.051600114098214085 1.2045277411266848 -1.5175583762901814
0.16333786747361356 0.24312218537825273 1.1406383041048234 0.8240033883879214 0.15122275588779355 -0.026291746570501526 1.1816069706037249 -1.5118781522491163
0.17541559193564502 0.2405083692047309 1.134046778307221 0.8234376766705893 0.15355555859876213 -0.0009833790427867806 1.1586862000807627 -1.506197928208051
0.18749331639767539 0.23789455303120932 1.1274552525096193 0.8228719649532572 0.1558883613097305 0.02432498848492578 1.1357654295578026 -1.500517704166986
0.19957104085970578 0.2352807368576877 1.1208637267120174 0.8223062532359251 0.15822116402069888 0.04963335601263834 1.1128446590348426 -1.4948374801259208
0.21164876532173618 0.2326669206841661 1.1142722009144157 0.821740541518593 0.16055396673166727 0.07494172354035089 1.0899238885118825 -1.4891572560848558
0.22372648978376655 0.2300531045106445 1.1076806751168138 0.8211748298012608 0.16288676944263564 0.10025009106806344 1.0670031179889223 -1.4834770320437909
0.23580421424579692 0.2274392883371229 1.1010891493192119 0.8206091180839287 0.16521957215360403 0.125558458595776 1.0440823474659624 -1.4777968080027257
0.24307024922232218 0.2313459384929618 1.0893970977604108 0.8265113651685664 0.15178014639959225 0.1293005177923427 1.0311358714358432 -1.4779478063566327
0.24910251766410227 0.23692450309222685 1.0763972190833533 0.8340720632280687 0.1342965595007129 0.1275127543398965 1.020746906814145 -1.47959398994002
0.25513478610588236 0.24250306769149182 1.0633973404062957 0.8416327612875708 0.11681297260183357 0.12572499088745032 1.0103579421924471 -1.4812401735234069
0.261167054547663 0.24808163229075736 1.0503974617292369 0.8491934593470737 0.0993293857029527 0.12393722743500397 0.9999689775707483 -1.482886357106794
0.26719932298944304 0.2536601968900224 1.0373975830521793 0.8567541574065759 0.08184579880407336 0.12214946398255777 0.9895800129490504 -1.4845325406901813
0.27323159143122316 0.2592387614892874 1.0243977043751218 0.864314855466078 0.06436221190519403 0.1203617005301116 0.9791910483273525 -1.4861787242735685
0.2792638598730033 0.26481732608855246 1.011397825698064 0.8718755535255802 0.04687862500631469 0.11857393707766539 0.9688020837056545 -1.4878249078569554
0.28529612831478335 0.27039589068781744 0.9983979470210065 0.8794362515850824 0.029395038107435354 0.1167861736252192 0.9584131190839564 -1.4894710914403424
0.2913283967565634 0.2759744552870825 0.9853980683439487 0.8869969496445846 0.011911451208556016 0.11499841017277301 0.9480241544622585 -1.4911172750237296
0.29736066519834353 0.2815530198863475 0.9723981896668912 0.8945576477040869 -0.005572135690323325 0.11321064672032681 0.9376351898405606 -1.4927634586071166
0.3033929336401236 0.28713158448561255 0.9593983109898336 0.902118345763589 -0.023055722589202656 0.11142288326788063 0.9272462252188626 -1.4944096421905038
0.3094252020819037 0.2927101490848776 0.946398432312776 0.9096790438230912 -0.040539309488082 0.10963511981543443 0.9168572605971645 -1.4960558257738907
0.3129258389125998 0.30017830123818073 0.9314718668768975 0.9014767074048375 -0.041975108503250376 0.11131093994319873 0.9067650773307443 -1.497268087984246
0.31452775203498207 0.30906364405701153 0.9151002863719057 0.881452095128267 -0.03137506660563409 0.11558444775612088 0.8968954800807838 -1.4981549091648272
0.3161296651573644 0.31794898687584233 0.8987287058669138 0.8614274828516967 -0.02077502470801781 0.11985795556904304 0.8870258828308233 -1.4990417303454082
0.31773157827974674 0.32683432969467313 0.882357125361922 0.8414028705751261 -0.010174982810401533 0.1241314633819652 0.8771562855808628 -1.4999285515259893
0.3193334914021291 0.33571967251350393 0.86598554485693 0.8213782582985557 0.00042505908721475125 0.12840497119488736 0.8672866883309023 -1.5008153727065703
0.3209354045245114 0.34460501533233473 0.8496139643519383 0.8013536460219852 0.011025100984831036 0.1326784790078095 0.8574170910809418 -1.5017021938871513
0.32253731764689375 0.35349035815116553 0.8332423838469465 0.7813290337454147 0.021625142882447317 0.13695198682073167 0.8475474938309813 -1.5025890150677323
0.3241392307692761 0.3623757009699963 0.8168708033419545 0.7613044214688443 0.0322251847800636 0.1412254946336538 0.8376778965810208 -1.5034758362483136
0.3257411438916584 0.3712610437888271 0.8004992228369627 0.7412798091922739 0.04282522667767988 0.14549900244657596 0.8278082993310603 -1.5043626574288944
0.3273430570140409 0.3801463866076587 0.7841276423319695 0.7212551969157017 0.053425268575297086 0.1497725102594985 0.8179387020810989 -1.5052494786094757
0.3289449701364232 0.3890317294264895 0.7677560618269776 0.7012305846391311 0.06402531047291336 0.15404601807242066 0.8080691048311383 -1.5061362997900567
0.33054688325880555 0.3979170722453203 0.7513844813219858 0.6812059723625608 0.07462535237052965 0.15831952588534282 0.7981995075811779 -1.5070231209706377
0.3352177698423738 0.40319434374634144 0.7387908222443486 0.6730438718242833 0.0795352149979332 0.16721020075157772 0.7902779513931734 -1.5049491832634014
0.345665547646998 0.4016799515903092 0.733308544677026 0.6872112051463223 0.0737341519402303 0.18479201360051917 0.7860232960276745 -1.4973020523555678
0.3561133254516221 0.4001655594342769 0.7278262671097034 0.7013785384683615 0.0679330888825274 0.20237382644946056 0.7817686406621757 -1.489654921447734
0.3665611032562463 0.3986511672782446 0.7223439895423809 0.7155458717904005 0.062132025824824494 0.21995563929840198 0.7775139852966767 -1.4820077905399003
0.3770088810608705 0.39713677512221235 0.7168617119750583 0.7297132051124396 0.05633096276712158 0.2375374521473434 0.7732593299311779 -1.4743606596320666
0.38745665886549463 0.39562238296618 0.7113794344077358 0.7438805384344787 0.05052989970941867 0.2551192649962848 0.7690046745656789 -1.4667135287242328
0.3979044366701188 0.3941079908101478 0.7058971568404133 0.7580478717565178 0.044728836651715766 0.27270107784522624 0.76475001920018 -1.4590663978163994
0.4083522144747439 0.39259359865411536 0.7004148792730902 0.7722152050785581 0.038927773594012366 0.2902828906941692 0.7604953638346807 -1.4514192669085648
0.41879999227936804 0.39107920649808303 0.6949326017057678 0.7863825384005971 0.03312671053630946 0.30786470354311063 0.756240708469182 -1.4437721360007312
0.42924777008399223 0.38956481434205076 0.6894503241384453 0.8005498717226364 0.027325647478606552 0.325446516392052 0.751986053103683 -1.4361250050928975
0.4396955478886164 0.3880504221860185 0.6839680465711228 0.8147172050446754 0.021524584420903645 0.34302832924099347 0.7477313977381842 -1.4284778741850637
0.4501433256932406 0.38653603002998616 0.6784857690038002 0.8288845383667145 0.015723521363200738 0.36061014208993486 0.7434767423726852 -1.4208307432772298
0.45945668231070175 0.3843797043070979 0.6715655881615842 0.8402849012471117 0.011676210905245106 0.37724721385160487 0.7398977325062785 -1.4142149706368237
0.46064002042015917 0.3776228546884065 0.6543404338492946 0.8318553092957365 0.02019746074548199 0.3871136411544945 0.7411608487167002 -1.414990598912984
0.4618233585296166 0.37086600506971523 0.6371152795370051 0.8234257173443612 0.028718710585718874 0.3969800684573842 0.7424239649271218 -1.4157662271891445
0.463006696639074 0.3641091554510239 0.6198901252247156 0.814996125392986 0.03723996042595576 0.40684649576027376 0.7436870811375433 -1.4165418554653044
0.46419003474853154 0.35735230583233196 0.6026649709124245 0.8065665334416101 0.04576121026619338 0.4167129230631643 0.7449501973479651 -1.4173174837414648
0.46537337285798897 0.35059545621364063 0.5854398166001351 0.7981369414902348 0.054282460106430265 0.426579350366054 0.7462133135583867 -1.4180931120176252
0.46655671096744633 0.34383860659494936 0.5682146622878456 0.7897073495388596 0.06280370994666715 0.4364457776689436 0.7474764297688083 -1.4188687402937852
0.4677400490769038 0.33708175697625803 0.550989507975556 0.7812777575874843 0.07132495978690404 0.4463122049718332 0.74873954597923 -1.4196443685699456
0.46892338718636123 0.3303249073575667 0.5337643536632666 0.772848165636109 0.07984620962714092 0.4561786322747229 0.7500026621896516 -1.4204199968461058
0.47010672529581865 0.3235680577388754 0.516539199350977 0.7644185736847339 0.08836745946737781 0.46604505957761255 0.7512657784000732 -1.421195625122266
0.471290063405276 0.3168112081201841 0.49931404503868754 0.7559889817333586 0.09688870930761469 0.47591148688050217 0.7525288946104949 -1.4219712533984263
0.47247340151473344 0.3100543585014928 0.48208889072639804 0.7475593897819834 0.10540995914785158 0.4857779141833918 0.7537920108209165 -1.4227468816745863
0.47365673962419086 0.3032975088828015 0.4648637364141085 0.7391297978306081 0.11393120898808846 0.49564434148628145 0.755055127031338 -1.4235225099507467
0.48249328731397045 0.31079969895643633 0.4541823386687597 0.73502266875918 0.11179606534762757 0.5033877015105803 0.7466665335641516 -1.427286684400293
0.49219951791060446 0.31992223444965384 0.44424454962420096 0.7314067286513828 0.10844996790254144 0.5108898038895839 0.737181154906328 -1.4313904663695418
0.5019057485072385 0.3290447699428714 0.43430676057964224 0.7277907885435857 0.10510387045745534 0.5183919062685876 0.7276957762485043 -1.435494248338791
0.5116119791038725 0.33816730543608897 0.4243689715350835 0.7241748484357886 0.10175777301236921 0.5258940086475912 0.7182103975906807 -1.4395980303080398
0.5213182097005065 0.3472898409293065 0.4144311824905248 0.7205589083279915 0.0984116755672831 0.5333961110265948 0.7087250189328571 -1.4437018122772889
0.5310244402971405 0.356412376422524 0.40449339344596613 0.7169429682201943 0.09506557812219699 0.5408982134055984 0.6992396402750334 -1.4478055942465378
0.5407306708937745 0.36553491191574156 0.3945556044014074 0.7133270281123971 0.09171948067711086 0.548400315784602 0.6897542616172099 -1.4519093762157866
0.5504369014904085 0.3746574474089591 0.3846178153568487 0.7097110880046 0.08837338323202475 0.5559024181636056 0.6802688829593861 -1.4560131581850357
0.5601431320870425 0.38377998290217663 0.37468002631229 0.7060951478968029 0.08502728578693863 0.5634045205426093 0.6707835043015625 -1.4601169401542846
0.5698493626836774 0.392902518395395 0.3647422372677304 0.7024792077890054 0.08168118834185223 0.5709066229216135 0.661298125643738 -1.464220722123534
0.5795555932803115 0.4020250538886125 0.3548044482231717 0.6988632676812083 0.0783350908967661 0.5784087253006172 0.6518127469859145 -1.468324504092783
0.5892618238769455 0.41114758938183005 0.34486665917861303 0.6952473275734112 0.07498899345167999 0.5859108276796208 0.6423273683280909 -1.472428286062032
0.5945910455432459 0.41494950878156645 0.33326303346561276 0.6897783039436576 0.0769981919012233 0.5830682589706906 0.6294760877145424 -1.4671449309344398
0.597798081061506 0.41617173552991804 0.3208517293679135 0.6834108155759857 0.08160389745119302 0.5752100921585197 0.6149928546376123 -1.4573102366083788
0.6010051165797662 0.41739396227826964 0.30844042527021437 0.677043327208314 0.08620960300116273 0.5673519253463488 0.6005096215606821 -1.4474755422823178
0.6042121520980263 0.41861618902662123 0.2960291211725152 0.6706758388406421 0.09081530855113246 0.5594937585341778 0.586026388483752 -1.437640847956257
0.6074191876162864 0.4198384157749728 0.283617817074816 0.6643083504729702 0.09542101410110218 0.551635591722007 0.5715431554068218 -1.427806153630196
0.6106262231345465 0.42106064252332437 0.2712065129771168 0.6579408621052985 0.1000267196510719 0.5437774249098362 0.5570599223298917 -1.417971459304135
0.6138332586528066 0.42228286927167596 0.2587952088794176 0.6515733737376266 0.10463242520104163 0.5359192580976653 0.5425766892529614 -1.408136764978074
0.6170402941710671 0.42350509602002767 0.24638390478171734 0.645205885369954 0.10923813075101174 0.5280610912854937 0.52809345617603 -1.3983020706520124
0.6202473296893272 0.42472732276837927 0.23397260068401812 0.6388383970022823 0.11384383630098147 0.5202029244733228 0.5136102230990999 -1.3884673763259514
0.6234543652075872 0.42594954951673086 0.22156129658631893 0.6324709086346104 0.11844954185095119 0.5123447576611518 0.4991269900221697 -1.3786326819998904
0.6266614007258474 0.42717177626508246 0.20914999248861973 0.6261034202669385 0.1230552474009209 0.504486590848981 0.48464375694523953 -1.3687979876738297
0.6298684362441075 0.42839400301343405 0.19673868839092054 0.6197359318992668 0.12766095295089064 0.4966284240368101 0.47016052386830937 -1.3589632933477687
0.650896946363064 0.3903534448457676 0.1886005389606842 0.6605404244282582 0.1238441344746033 0.5239801739887691 0.45101578854447394 -1.3476776204932397
0.6937972662192414 0.3041267415538913 0.18570671571324382 0.7592378026031618 0.10969058196609015 0.5945440945148925 0.42615011864489033 -1.3346112012628628
0.736697586075419 0.21790003826201496 0.18281289246580343 0.8579351807780653 0.09553702945757699 0.6651080150410161 0.4012844487453068 -1.3215447820324862
0.7795979059315965 0.1316733349701386 0.17991906921836304 0.956632558952969 0.08138347694906384 0.7356719355671395 0.37641877884572317 -1.3084783628021093
0.8224982257877778 0.0454466316782548 0.1770252459709224 1.055329937127881 0.06722992444054945 0.8062358560932692 0.35155310894613745 -1.2954119435717315
0.8653985456439552 -0.040780071613621516 0.174131422723482 1.1540273153027845 0.0530763719320363 0.8767997766193927 0.3266874390465539 -1.2823455243413548
0.9082988655001328 -0.12700677490549783 0.1712375994760416 1.2527246934776881 0.038922819423523144 0.9473636971455162 0.3018217691469703 -1.2692791051109782
0.9511991853563102 -0.21323347819737412 0.16834377622860122 1.3514220716525918 0.024769266915009993 1.0179276176716399 0.27695609924738673 -1.2562126858806013
0.9940995052124878 -0.29946018148925047 0.16544995298116083 1.4501194498274952 0.010615714406496835 1.0884915381977633 0.2520904293478031 -1.2431462666502249
1.0369998250686654 -0.3856868847811268 0.16255612973372044 1.5488168280023986 -0.003537838102016317 1.1590554587238868 0.22722475944821957 -1.230079847419848
1.0799001449248429 -0.4719135880730031 0.15966230648628005 1.6475142061773023 -0.01769139061052947 1.2296193792500103 0.202359089548636 -1.2170134281894713
1.1228004647810204 -0.5581402913648794 0.15676848323883966 1.746211584352206 -0.03184494311904263 1.300183299776134 0.1774934196490524 -1.2039470089590945
1.1554344177692406 -0.6252637793959994 0.1516685410227917 1.821620608043963 -0.04232182052725239 1.3539902045443184 0.1581701171391513 -1.194152174438166
1.1526027397590515 -0.6263943419808479 0.13894746055155036 1.8165789526120952 -0.040097456679864196 1.349909236694148 0.15799317470270507 -1.195659178004426
1.1497710617488626 -0.6275249045656963 0.12622638008031006 1.8115372971802286 -0.03787309283247619 1.345828268843978 0.15781623226625882 -1.197166181570686
1.1469393837386734 -0.6286554671505447 0.1135052996090698 1.8064956417483615 -0.03564872898508819 1.341747300993808 0.1576392898298126 -1.1986731851369457
1.1441077057284845 -0.6297860297353931 0.10078421913782953 1.8014539863164944 -0.03342436513770018 1.337666333143638 0.1574623473933664 -1.2001801887032055
1.1412760277182956 -0.6309165923202416 0.08806313866658927 1.7964123308846276 -0.031200001290312175 1.333585365293468 0.15728540495692017 -1.2016871922694654
1.1384443497081065 -0.6320471549050899 0.075342058195349 1.7913706754527605 -0.028975637442924168 1.329504397443298 0.15710846252047395 -1.2031941958357253
1.1356126716979176 -0.6331777174899383 0.06262097772410874 1.7863290200208934 -0.026751273595536165 1.325423429593128 0.15693152008402772 -1.2047011994019852
1.1327809936877284 -0.6343082800747868 0.04989989725286847 1.7812873645890264 -0.024526909748148158 1.321342461742958 0.1567545776475815 -1.206208202968245
1.1299493156775395 -0.6354388426596351 0.0371788167816282 1.7762457091571595 -0.022302545900760154 1.317261493892788 0.15657763521113527 -1.207715206534505
1.1271176376673504 -0.6365694052444837 0.024457736310386835 1.7712040537252922 -0.020078182053371953 1.3131805260426177 0.15640069277468904 -1.2092222101007648
1.1242859596571613 -0.6376999678293321 0.011736655839146569 1.7661623982934251 -0.017853818205983946 1.3090995581924478 0.15622375033824282 -1.2107292136670247
1.1214542816469724 -0.6388305304141805 -0.000984424632093697 1.761120742861558 -0.015629454358595942 1.3050185903422777 0.1560468079017966 -1.2122362172332846
