0.5890676245256734 0.21240963691974377 -1.4934193899997168 -1.1528840742983382 0.24564312659209783 2.424766998826607 -1.107689025276763 -0.6335190147546974
0.5890676245256734 0.21240963691974377 -1.4934193899997168 -1.1528840742983382 0.24564312659209783 2.424766998826607 -1.107689025276763 -0.6335190147546974
0.5889804301850747 0.2121990510370589 -1.4936398591362816 -1.1526095374012373 0.2456153764428884 2.4246073774681136 -1.1076716148504935 -0.6334932997515743
0.5888086695689536 0.21178765436134406 -1.494069508229282 -1.1520723208170587 0.24556270696631705 2.4242940030551603 -1.1076375312983187 -0.6334428358752253
0.5885549127945615 0.21118482262479762 -1.4946975226161965 -1.1512838066944686 0.24548777106584907 2.423832543011835 -1.107587483744457 -0.6333685558839004
0.588221672942912 0.21039954802842156 -1.4955135431056588 -1.1502549210573216 0.24539305283153162 2.423228470709621 -1.1075221541910318 -0.6332713603080471
0.5878114069710685 0.2094404544478332 -1.4965076476854176 -1.1489961519874123 0.24528087622355035 2.4224870720635296 -1.1074421985330878 -0.6331521185549777
0.5873265166241693 0.20831581204283628 -1.4976703339549546 -1.1475175670833717 0.2451534133528297 2.4216134519048147 -1.1073482475360097 -0.6330116699757014
0.5867693493462893 0.20703355129401615 -1.498992502254187 -1.145828830224463 0.24501269237634676 2.420612540137799 -1.1072409077767256 -0.6328508248952166
0.5861421991892918 0.2056012764887188 -1.5004654394607984 -1.1439392176668912 0.24486060502407983 2.419489097688097 -1.1071207625500272 -0.6326703656075153
0.5854473077188848 0.20402627867790227 -1.5020808034298272 -1.1418576334991453 0.2446989137737948 2.4182477222492627 -1.106988372741292 -0.6324710473365074
0.5846868649171441 0.20231554812451397 -1.5038306080501809 -1.1395926244818433 0.24452925868918451 2.4168928538346686 -1.106844277666843 -0.6322535991640327
0.5838630100808182 0.2004757862632416 -1.5057072088937367 -1.1371523942965405 0.24435316393621692 2.415428780141185 -1.106688995883139 -0.6320187249260877
0.5829778327147765 0.19851341719071444 -1.5077032894336528 -1.1345448172269879 0.24417204399191553 2.4138596417310096 -1.1065230259659404 -0.6317671040783557
0.5820333734200074 0.19643459870448743 -1.5098118478094331 -1.1317774512954046 0.24398720955919007 2.4121894370377883 -1.1063468472605602 -0.6314993925320909
0.5810316247756174 0.1942452329084283 -1.5120261841171694 -1.1288575508754255 0.24379987320075444 2.4104220272029595 -1.1061609206042622 -0.6312162234613732
0.5799745322143206 0.19195097640144035 -1.5143398882042403 -1.1257920788025313 0.24361115470461278 2.4085611407480534 -1.1059656890218341 -0.6309182080827128
0.5788639948909485 0.1895572500657954 -1.5167468279485594 -1.1225877180019412 0.24342208619306124 2.406610378088489 -1.105761578395325 -0.6306059364079525
0.5777018665435464 0.18706924847071676 -1.5192411380032458 -1.1192508826531566 0.24323361698664187 2.404573215894224 -1.1055489981088975 -0.6302799779713814
0.5764899563466565 0.18449194890624354 -1.5218172089883504 -1.1157877289095834 0.24304661823399537 2.4024530113024296 -1.1053283416697146 -0.629940882531944
0.5752300297564236 0.18183012006182186 -1.5244696771119883 -1.1122041651909294 0.2428618873180904 2.4002530059871976 -1.1050999873057423 -0.6295891807513975
0.5739238093471863 0.17908833036350608 -1.5271934142039267 -1.1085058620653696 0.24268015204885693 2.3979763300911046 -1.1048642985413213 -0.62922538484924
0.5725729756392502 0.17627095598311215 -1.5299835181453418 -1.1046982617378032 0.24250207465182097 2.3956260060233117 -1.104621624751328 -0.6288499892352066
0.5711791679175654 0.17338218853214576 -1.5328353036791058 -1.100786587159869 0.24232825556192486 2.3932049521287073 -1.104372301694715 -0.6284634711201014
0.5697439850410589 0.17042604245282789 -1.5357442935855725 -1.0967758507767753 0.24215923703132117 2.390715986232459 -1.1041166520281895 -0.6280662911057057
0.5682689862423962 0.16740636211806104 -1.5387062102094304 -1.0926708629253958 0.24199550655955052 2.3881618290641873 -1.1038549858007685 -0.6276588937544816
0.5667556919179695 0.16432682865171716 -1.5417169673237536 -1.0884762398975085 0.24183750015414932 2.3855451075658345 -1.1035876009299104 -0.627241708139761
0.5652055844079367 0.16119096648018538 -1.5447726623179345 -1.0841964116815108 0.24168560542938636 2.3828683580871663 -1.1033147836599084 -0.626815148377089
0.5636201087661503 0.15800214962569098 -1.547869568696699 -1.079835629395406 0.24154016455049357 2.3801340294727087 -1.1030368090031992 -0.6263796141373672
0.5620006735198408 0.15476360775148776 -1.5510041288779146 -1.0753979724233549 0.2414014770304372 2.3773444860437953 -1.1027539411652174 -0.6259354911424203
0.5603486514189354 0.15147843196863203 -1.5541729472773864 -1.070887355267596 0.24126980238596982 2.3745020104792776 -1.1024664339534067 -0.6254831516435875
0.5586653801749104 0.14814958041366805 -1.5573727836692945 -1.0663075341270654 0.2411453626594104 2.3716088065983274 -1.1021745311709694 -0.6250229548839205
0.5569521631890952 0.1447798836061908 -1.5606005468113842 -1.0616621132136064 0.24102834481231986 2.3686670020486553 -1.1018784669959227 -0.6245552475445495
0.5552102702703589 0.14137204959490318 -1.5638532883244354 -1.0569545508162137 0.2409189029969696 2.3656786509033396 -1.1015784663460029 -0.6240803641757594
0.553440938342125 0.1379286689004478 -1.5671281968159683 -1.052188165123355 0.2408171607112442 2.362645736169369 -1.1012747452299414 -0.6235986276132995
0.5516453721386787 0.1344522192629713 -1.5704225922385173 -1.0473661398130025 0.2407232128423723 2.359570172210892 -1.1009675110856176 -0.6231103493804331
0.5498247448907367 0.1309450702020688 -1.5737339204732057 -1.0424915294196357 0.24063712760464379 2.356453807090056 -1.1006569631055738 -0.6226158300762145
0.5479801990002695 0.12740948739645733 -1.5770597481297044 -1.0375672644870955 0.24055894837604538 2.3532984248282407 -1.1003432925503596 -0.6221153597504661
0.5461128467045714 0.12384763689044112 -1.580397757554019 -1.0325961565158268 0.24048869543853002 2.3501057475903777 -1.1000266830501575 -0.6216092182659104
0.5442237707295896 0.12026158913395577 -1.5837457420358798 -1.0275809027127065 0.24042636762642816 2.3468774377949657 -1.0997073108951239 -0.6210976756478971
0.5423140249325302 0.1166533228627134 -1.58710160120784 -1.0225240905513204 0.2403719438873107 2.343615100152303 -1.0993853453148623 -0.6205809924221496
0.5403846349337701 0.11302472882471702 -1.5904633366284917 -1.0174282021502494 0.24032538475942286 2.340320283633373 -1.099060948747433 -0.6200594199409423
0.5384365987381118 0.109377613359167 -1.5938290475425145 -1.0122956184766188 0.2402866337696267 2.336994483371731 -1.0987342770982857 -0.6195332006981039
0.5364708873454285 0.10571370183354833 -1.5971969268105555 -1.007128623381877 0.24025561875561527 2.3336391425006724 -1.0984054799894905 -0.6190025686332304
0.5344884453507514 0.10203464194446075 -1.6005652570022169 -1.0019294074764955 0.24023225311599491 2.3302556539278734 -1.0980747009996246 -0.6184677494254757
0.5324901915338602 0.0983420068875371 -1.6039324066456906 -0.996700071850011 0.24021643699167236 2.326845362049629 -1.0977420778946656 -0.6179289607772785
0.5304770194384458 0.09463729840158663 -1.607296826627838 -0.9914426316425805 0.24020805838183024 2.323409564406738 -1.0974077428502196 -0.61738641268837
0.5284497979409163 0.0909219496918993 -1.610657046738751 -0.9861590194739703 0.2402069941976286 2.319949513284016 -1.0970718226654106 -0.6168403077203932
0.5264093718089277 0.08719732823745445 -1.6140116723550746 -0.9808510887356674 0.24021311125662953 2.3164664172553513 -1.0967344389687383 -0.6162908412524585
0.5243565622497229 0.08346473848659208 -1.617359381256587 -0.9755206167515724 0.2402262672208084 2.312961442676153 -1.0963957084162033 -0.6157382017279434
0.5222921674483694 0.079725424445527 -1.6206989205707591 -0.9701693078125185 0.24024631148088604 2.3094357151249776 -1.0960557428819868 -0.6151825708928376
0.5202169630959865 0.07598057216391466 -1.6240291038402177 -0.9647987960896511 0.24027308598959463 2.3058903207960615 -1.0957146496419623 -0.6146241240259224
0.5181317029080656 0.07223131212151383 -1.6273488082082384 -0.9594106484315016 0.24030642604637115 2.3023263078444263 -1.0953725315503045 -0.6140630301610644
0.5160371191329794 0.06847872151983245 -1.6306569717175894 -0.954006367049397 0.24034616103586082 2.29874468768517 -1.0950294872094535 -0.6134994523018938
0.513933923050789 0.0647238264824916 -1.6339525907182273 -0.948587392095664 0.2403921151225048 2.2951464362484977 -1.0946856111336796 -0.612933547629127
0.5118228054624552 0.06096760416789668 -1.637234717379526 -0.9431551041389044 0.2404441079033834 2.291532495192002 -1.094340993906489 -0.612365467700787
0.5097044371695666 0.05721098479766419 -1.6405024573028917 -0.9377108265404519 0.24050195502138783 2.287903773071639 -1.093995722332098 -0.611795358645564
0.5075794694446956 0.053454853604118224 -1.6437549672307763 -0.9322558277359566 0.24056546874069926 2.28426114647281 -1.0936498795811975 -0.6112233613495505
0.5054485344925005 0.049700052700040784 -1.646991452848265 -0.9267913234258827 0.24063445848646292 2.280605461102903 -1.0933035453312208 -0.6106496116365794
0.5033122459016892 0.04594738287373596 -1.6502111666735586 -0.9213184786785588 0.2407087313504602 2.276937532846603 -1.0929567959013164 -0.6100742404423827
0.5011711990879654 0.04219760531234806 -1.6534134060338195 -0.9158384099492725 0.24078809256449776 2.273258148785242 -1.0926097043822285 -0.6094973739827833
0.4990259717280765 0.03845144325625894 -1.6565975111229916 -0.9103521870187612 0.24087234594315457 2.2695680681814046 -1.0922623407612695 -0.608919133916124
0.49687712418508767 0.034709583587279234 -1.6597628631383337 -0.9048608348543193 0.24096129429745178 2.2658680234299795 -1.0919147720425717 -0.6083396375001312
0.4947251999250025 0.030972678353242113 -1.6629088824925375 -0.8993653353966128 0.24105473982093875 2.26215872097679 -1.0915670623627924 -0.6077589977434035
0.49257072592485696 0.027241346231505897 -1.6660350270984254 -0.8938666292751687 0.24115248444961887 2.2584408422059137 -1.0912192731024422 -0.6071773235517097
0.49041421307240884 0.023516173933774073 -1.6691407907233393 -0.8883656174553892 0.24125433019707299 2.254715044296751 -1.090871462992999 -0.6065947198692742
0.48825615655755034 0.019797717554546755 -1.6722257014104493 -0.8828631628198257 0.24136007946607535 2.2509819610518784 -1.0905236882199687 -0.6060112878152203
0.48609703625556794 0.016086503865427253 -1.6752893199643182 -0.8773600916863393 0.2414695353379364 2.247242203696672 -1.0901760025220386 -0.6054271248153392
0.4839373171023761 0.012383031557420213 -1.6783312384981608 -0.8718571952656712 0.24158250184074884 2.2434963616516717 -1.089828457286474 -0.6048423247293429
0.4817774494618505 0.00868777243327424 -1.6813510790403468 -0.8663552310608419 0.24169878419765892 2.2397450032786073 -1.0894811016408963 -0.6042569779737562
0.47961786948538726 0.0050011725518414665 -1.6843484921977803 -0.8608549242107056 0.24181818905623106 2.2359886766009853 -1.0891339825415776 -0.6036711716405986
0.4774589994638132 0.0013236533263493297 -1.6873231558738953 -0.8553569687798916 0.2419405246999247 2.2322279100001037 -1.0887871448583846 -0.6030849896119975
0.47530124817177344 -0.0023443874215944953 -1.6902747740390849 -0.849862028997274 0.24206560124265303 2.2284632128873274 -1.0884406314564945 -0.6024985126708752
0.4731450112047208 -0.0060025744505143325 -1.6932030755514769 -0.8443707404450295 0.2421932308073483 2.22469507635344 -1.088094483275004 -0.6019118186078413
0.4709906713086321 -0.009650554128414828 -1.6961078130260452 -0.8388837112002557 0.24232322768941314 2.220923973795845 -1.0877487394025496 -0.6013249823244228
0.46883859870257505 -0.013287993501350197 -1.6989887617501294 -0.8334015229310495 0.2424554085058964 2.2171503615243737 -1.0874034371500496 -0.6007380759327557
0.46668915139424944 -0.01691457939966249 -1.7018457186435085 -0.8279247319488625 0.2425895923311911 2.213374679346433 -1.087058612120676 -0.6001511688518604
0.46454267548862505 -0.02053001758039786 -1.7046785012612518 -0.8224538702188844 0.24272560082001435 2.209597351132187 -1.0867142982771603 -0.5995643279006164
0.46239950548979813 -0.024134031904468264 -1.707486946837633 -0.8169894463301312 0.24286325831839164 2.2058187853604636 -1.086370528006533 -0.598977617387552
0.46025996459618745 -0.02772636354718227 -1.710270911369472 -0.8115319464268488 0.2430023919633337 2.202039375646033 -1.0860273321823941 -0.5983910991975547
0.45812436498918974 -0.03130677024082251 -1.7130302687373251 -0.8060818351027802 0.24314283177186 2.198259501248902 -1.0856847402248053 -0.5978048328756113
0.45599300811541366 -0.03487502554799942 -1.7157649098630086 -0.8006395562597795 0.24328441071999146 2.194479527566229 -1.0853427801578945 -0.5972188757076755
0.4538661849626099 -0.0384309181645605 -1.7184747419020039 -0.7952055339322001 0.24342696481230433 2.1906998066074563 -1.0850014786652589 -0.596633282798766
0.4517441763294144 -0.04197425125088257 -1.7211596874693462 -0.7897801730784244 0.2435703331426079 2.1869206774532297 -1.0846608611432489 -0.5960481071483856
0.44962725308902013 -0.04550484179042018 -1.723819683897656 -0.7843638603408496 0.2437143579462811 2.183142466698663 -1.0843209517522123 -0.5954633997233556
0.4475156764468919 -0.049022519974427844 -1.7264546825260252 -0.7789569647755905 0.24385888464477648 2.1793654888814715 -1.0839817734657753 -0.5948792095281534
0.44540969819263715 -0.05252712861181628 -1.7290646480185206 -0.773559838553111 0.24400376188277453 2.1755900468955 -1.083643348118235 -0.5942955836728392
0.4433095609461448 -0.05601852256314341 -1.7316495577111177 -0.7681728176309461 0.24414884155844727 2.1718164323901363 -1.0833056964501346 -0.5937125674386529
0.4412154983981027 -0.059496568197780555 -1.7342094009859226 -0.7627962223996323 0.24429397884726697 2.1680449261560972 -1.0829688381520886 -0.5931302043413631
0.43912773554500234 -0.0629611428733317 -1.7367441786715863 -0.7574303583029147 0.24443903221977398 2.164275798498044 -1.0826327919069234 -0.5925485361924441
0.43704648891873954 -0.06641213443641991 -1.73925390246886 -0.7520755164332628 0.24458386345369598 2.1605093095944854 -1.0822975754302013 -0.5919676031581544
0.43497196681091693 -0.06984944074399019 -1.7417385944002803 -0.7467319741036802 0.244728337640792 2.156745709845396 -1.0819632055091823 -0.5913874438165908
0.4329043694919534 -0.07327296920431095 -1.7441982862830137 -0.7413999953967577 0.24487232318877414 2.1529852402079688 -1.081629698040287 -0.5908080952127851
0.430843889425104 -0.07668263633688908 -1.7466330192239288 -0.7360798316918788 0.24501569181864297 2.1492281325209084 -1.0812970680651166 -0.5902295929119122
0.42879071147549314 -0.08007836735054409 -1.7490428431360003 -0.7307717221714517 0.2451583185577542 2.145474609817657 -1.0809653298050834 -0.5896519710506736
0.42674501311426094 -0.08346009573891652 -1.7514278162751864 -0.7254758943070065 0.24530008172891815 2.141724886628927 -1.0806344966947055 -0.5890752623869181
0.4247069646179226 -0.0868277628927145 -1.7537880047969534 -0.7201925643259635 0.24544086293581757 2.1379791692749093 -1.080304581413614 -0.5884994983475619
0.4226767292630387 -0.09018131772802973 -1.7561234823316547 -0.7149219376598437 0.24558054704501434 2.134237656147502 -1.0799755959173258 -0.587924709074864
0.42065446351629193 -0.09352071633008043 -1.7584343295780056 -0.709664209374666 0.24571902216480096 2.130500537982911 -1.079647551466823 -0.5873509234711157
0.41864031722006667 -0.09684592161176414 -1.7607206339139179 -0.7044195645842408 0.2458561796211396 2.1267679981249414 -1.0793204586569882 -0.5867781692417962
0.4166344337736232 -0.1001569029864277 -1.7629824890239973 -0.699188178847046 0.24599191393091782 2.123040212779302 -1.0789943274439386 -0.5862064729372484
0.4146369503099596 -0.10345363605428477 -1.7652199945430285 -0.6939702185473402 0.2461261227727381 2.119317351259227 -1.0786691671712985 -0.5856358599929256
0.4126479978684517 -0.10673610230193435 -1.7674332557147974 -0.6887658412611449 0.2462587069554461 2.1155995762227144 -1.0783449865954524 -0.5850663547682564
0.4106677015633593 -0.11000428881445448 -1.7696223830656341 -0.6835751961076988 0.24638957038459164 2.1118870439016635 -1.0780217939098171 -0.5844979805841777
0.40869618074828745 -0.11325818799956688 -1.7717874920920773 -0.6783984240869657 0.24651862002700536 2.108179904323191 -1.0776995967681695 -0.5839307597593787
0.4067335491766877 -0.11649779732338762 -1.7739287029620858 -0.6732356584037548 0.24664576587366405 2.1044783015233897 -1.0773784023070652 -0.5833647136453024
0.40477991515848466 -0.1197231190572983 -1.7760461402292504 -0.6680870247789855 0.24677092090100763 2.1007823737537916 -1.0770582171673855 -0.5827998626599454
0.402835381712911 -0.12293416003549054 -1.7781399325594742 -0.6629526417486139 0.24689400103086187 2.0970922536807786 -1.0767390475150422 -0.5822362263204984
0.4009000467176325 -0.12613093142275453 -1.7802102124696169 -0.6578326209507106 0.24701492508911152 2.093408068578187 -1.0764208990608752 -0.5816738232748664
0.3989740030542433 -0.12931344849209866 -1.7822571160776148 -0.6527270674011663 0.24713361476326093 2.089729940513336 -1.0761037770797701 -0.5811126713321069
0.3970573387502106 -0.13248173041180444 -1.7842807828636096 -0.6476360797584771 0.24724999455901053 2.086057986526705 -1.0757876864290308 -0.580552787491824
0.39515013711734637 -0.13563580004153591 -1.7862813554416346 -0.6425597505780484 0.2473639917559704 2.082392318805474 -1.0754726315660301 -0.5799941879725535
0.39325247688688164 -0.13877568373713842 -1.7882589793414316 -0.6374981665564322 0.24747553636262484 2.0787330448511394 -1.0751586165651699 -0.5794368882391732
0.39136443234121854 -0.14190141116377525 -1.7902138027999803 -0.6324514087659046 0.2475845610706548 2.0750802676414075 -1.0748456451341741 -0.5788809030293726
0.3894860734424335 -0.14501301511706535 -1.7921459765623455 -0.6274195528797647 0.24769100120871868 2.0714340857865596 -1.0745337206297432 -0.578326246379214
0.38761746595760344 -0.14811053135189844 -1.7940556536914587 -0.6224026693887289 0.24779479469578597 2.0677945936804774 -1.0742228460725902 -0.5777729316478162
0.385758671581025 -0.1511939984186165 -1.7959429893864698 -0.6174008238087738 0.2478958819941121 2.0641618816465113 -1.0739130241618873 -0.5772209715411896
0.3839097480533978 -0.1542634575062628 -1.7978081408093156 -0.6124140768807699 0.2479942060619372 2.060536036078369 -1.0736042572891402 -0.576670378135254
0.38207074927803764 -0.15731895229261217 -1.7996512669191687 -0.6074424847622338 0.24808971230598614 2.0569171395761936 -1.0732965475515173 -0.5761211628980657
0.38024172543418794 -0.1603605288007068 -1.8014725283144413 -0.6024860992115135 0.24818234853384305 2.053305271077992 -1.0729898967646496 -0.5755733367112806
0.378422723087494 -0.1633882352616334 -1.8032720870820342 -0.5975449677647078 0.24827206490626694 2.049700505986577 -1.0726843064749256 -0.575026909890881
0.3766137852977048 -0.16640212198328744 -1.8050501066535316 -0.5926191339056103 0.24835881388951248 2.046102916292177 -1.072379777971298 -0.5744818922071895
0.3748149517236645 -0.16940224122488104 -1.8068067516680546 -0.5877086372289567 0.24844255020771439 2.042512570690855 -1.0720763122966228 -0.5739382929041961
0.3730262587256563 -0.17238864707695997 -1.808542187841499 -0.5828135135972411 0.24852323079539038 2.0389295346988847 -1.071773910258547 -0.5733961207182207
0.3712477394651579 -0.1753613953467052 -1.8102565818418919 -0.5779337952913581 0.24860081475011334 2.035353870763223 -1.0714725724399634 -0.5728553838959349
0.36947942400206885 -0.17832054344830298 -1.8119501011706163 -0.5730695111553178 0.24867526328540027 2.031785638368207 -1.071172299209049 -0.5723160902117641
0.36772133938946755 -0.18126615029817614 -1.8136229140492552 -0.568220686735268 0.24874653968386146 2.028224894138608 -1.0708730907289035 -0.5717782469846913
0.3659735097659544 -0.18419827621487758 -1.8152751893118266 -0.5633873444130523 0.24881460925065074 2.0246716919391683 -1.070574946966801 -0.5712418610944838
0.364235956445637 -0.1871169828234549 -1.816907096302183 -0.5585695035345194 0.24887943926725392 2.0211260829707363 -1.070277867703074 -0.5707069389973622
0.36250869800581265 -0.19002233296410245 -1.8185188047763583 -0.5537671805327957 0.24894099894564997 2.0175881158631177 -1.0699818525396385 -0.57017348674113
0.3607917503724004 -0.19291439060492502 -1.8201104848096588 -0.548980389046718 0.24899925938287645 2.0140578367647595 -1.0696869009081793 -0.5696415099797832
0.3590851269031763 -0.19579322075864353 -1.8216823067082974 -0.5442091400346214 0.24905419351602845 2.0105352894293675 -1.0693930120780055 -0.5691110139876182
0.3573888384688621 -0.1986588894030808 -1.8232344409253824 -0.5394534418836671 0.2491057760777174 2.007020515299568 -1.0691001851635897 -0.5685820036728533
0.3557028935321184 -0.20151146340527115 -1.8247670579810755 -0.5347133005148854 0.2491539835520138 2.0035135535877098 -1.0688084191318028 -0.5680544835907826
0.354027298224491 -0.20435101044904422 -1.826280328386748 -0.5299887194841072 0.24919879413089618 2.000014441353907 -1.0685177128088574 -0.5675284579564771
0.3523620564213587 -0.2071775989659395 -1.8277744225729613 -0.5252797000789443 0.2492401876712258 1.9965232135814197 -1.0682280648869698 -0.5670039306570486
0.3507071698149296 -0.2099912980693134 -1.8292495108211162 -0.520586241411978 0.24927814565226505 1.993039903249456 -1.0679394739307517 -0.5664809052634915
0.3490626379853322 -0.21279217749150653 -1.8307057631986108 -0.5159083405103044 0.249312651133756 1.9895645414034886 -1.0676519383833434 -0.5659593850421173
0.3474284584698466 -0.21558030752394405 -1.8321433494973611 -0.5112459924015837 0.24934368871457252 1.986097157223171 -1.0673654565722965 -0.5654393729655953
0.3458046268303191 -0.21835575896004725 -1.833562439175541 -0.5065991901967287 0.2493712444919593 1.9826377780879316 -1.0670800267152176 -0.5649208717236134
0.3441911367188048 -0.22111860304083886 -1.8349632013024049 -0.5019679251693688 0.24939530602136864 1.9791864296403303 -1.066795646925181 -0.5644038837331712
0.3425879799414796 -0.2238689114031301 -1.8363458045060606 -0.4973521868322163 0.24941586227690446 1.975743135847247 -1.0665123152159204 -0.5638884111485194
0.34099514652086277 -0.22660675603018118 -1.837710416924067 -0.49275196301045715 0.24943290361238166 1.9723079190589843 -1.0662300295068083 -0.5633744558707562
0.33941262475639145 -0.22933220920473202 -1.8390572061567367 -0.4881672399122847 0.24944642172300813 1.9688808000663476 -1.06594878762763 -0.562862019557093
0.33784040128338616 -0.2320453434643034 -1.8403863392230246 -0.4835980021966897 0.24945640960769488 1.9654617981557778 -1.0656685873231606 -0.5623511036298016
0.3362784611304459 -0.2347462315586735 -1.8416979825188946 -0.4790442330386142 0.24946286153199887 1.9620509311626002 -1.065389426257556 -0.5618417092848518
0.33472678777531134 -0.23743494640943807 -1.8429923017780534 -0.47450591419157495 0.24946577299170195 1.9586482155224525 -1.0651113020185592 -0.5613338375002525
0.3331853631992324 -0.24011156107156645 -1.8442694620349538 -0.469983026047855 0.24946514067702866 1.9552536663209579 -1.0648342121215346 -0.560827489044104
0.3316541679398772 -0.24277614869686884 -1.845529627589965 -0.4654755476963607 0.24946096243750424 1.9518672973417002 -1.064558154013333 -0.5603226644823733
0.33013318114281714 -0.2454287824992944 -1.8467729619766178 -0.4609834569782352 0.24945323724745375 1.94848912111256 -1.064283125075998 -0.5598193641864012
0.3286223806116235 -0.248069535721982 -1.847999627930832 -0.4565067305403183 0.24944196517214198 1.9451191489504673 -1.064009122630316 -0.5593175883401497
0.32712174285660855 -0.2506984816059895 -1.8492097873620428 -0.4520453438865366 0.24942714733455343 1.941757391004626 -1.0637361439392183 -0.5588173369471998
0.32563124314224495 -0.2533156933606299 -1.8504036013261402 -0.44759927142730555 0.24940878588281082 1.93840385629826 -1.0634641862110406 -0.558318609837508
0.32415085553329565 -0.25592124413534556 -1.8515812300001406 -0.44316848652702245 0.24938688395822972 1.9350585527689348 -1.0631932466026464 -0.5578214066739287
0.3226805529396861 -0.2585152069930549 -1.8527428326585165 -0.4387529615497252 0.24936144566400664 1.9317214873074986 -1.0629233222224173 -0.5573257269585113
0.32122030716014904 -0.26109765488490866 -1.853888567651111 -0.43435266790298843 0.24933247603453706 1.9283926657956951 -1.0626544101331177 -0.5568315700385813
0.31977008892467274 -0.2636686606263944 -1.8550185923825635 -0.4299675760801273 0.24929998100535963 1.9250720931424892 -1.0623865073546388 -0.5563389351126088
0.31832986793578216 -0.2662282968747318 -1.8561330632931818 -0.425597655700775 0.24926396738372184 1.9217597733191516 -1.0621196108666247 -0.5558478212358762
0.31689961290868196 -0.26877663610750285 -1.8572321358411958 -0.4212428755498975 0.24922444281976275 1.918455709393144 -1.0618537176109872 -0.5553582273259485
0.3154792916102888 -0.271313750602463 -1.858315964486328 -0.4169032036153073 0.24918141577830694 1.9151599035608469 -1.0615888244943146 -0.5548701521679557
0.3140688708971816 -0.2738397124184824 -1.8593847026746246 -0.41257860712373545 0.24913489551126472 1.911872357179168 -1.0613249283901738 -0.5543835944196907
0.31266831675249585 -0.2763545933775681 -1.8604385028244872 -0.40826905257551693 0.24908489203063203 1.90859307079607 -1.061062026141317 -0.5538985526165323
0.311277594321789 -0.27885846504791967 -1.861477516313853 -0.40397450577794536 0.24903141608208407 1.9053220441800545 -1.0608001145617914 -0.5534150251761973
0.3098966679479017 -0.2813513987279726 -1.8625018934684694 -0.3996949318773481 0.24897447911915602 1.9020592763486375 -1.0605391904389572 -0.5529330104033273
0.30852550120484123 -0.2838334654313873 -1.8635117835512112 -0.39543029538993196 0.24891409327800393 1.8988047655958527 -1.0602792505354197 -0.5524525064939173
0.3071640569307099 -0.28630473587294075 -1.864507334752396 -0.3911805602314473 0.24885027135273885 1.8955585095188128 -1.0600202915908754 -0.5519735115395907
0.30581229725970466 -0.2887652804552814 -1.8654886941810473 -0.3869456897457176 0.24878302677132677 1.8923205050433627 -1.0597623103238782 -0.5514960235317258
0.3044701836532091 -0.29121516925650903 -1.8664560078570656 -0.38272564673207743 0.24871237357204717 1.8890907484488555 -1.0595053034335278 -0.5510200403654391
0.30313767693000215 -0.293654472018543 -1.8674094207042593 -0.37852039347176236 0.24863832638050226 1.885869235392081 -1.0592492676010838 -0.5505455598434308
0.3018147372956054 -0.29608325813624325 -1.8683490765442006 -0.37432989175329107 0.24856090038716916 1.882655960930375 -1.0589941994915093 -0.5500725796796965
0.30050132437079025 -0.2985015966472504 -1.869275118090862 -0.37015410289687906 0.2484801113254876 1.8794509195439393 -1.058740095754943 -0.5496010975031097
0.2991973972192672 -0.30090955622251275 -1.8701876869460008 -0.3659929877779216 0.24839597545047454 1.8762541051573958 -1.0584869530281098 -0.5491311108608802
0.2979029143745773 -0.30330720515746923 -1.8710869235952523 -0.36184650684958186 0.24830850951785774 1.8730655111606052 -1.0582347679356643 -0.548662617221892
0.29661783386620605 -0.30569461136385817 -1.8719729674048986 -0.35771462016451916 0.24821773076372078 1.8698851304287711 -1.0579835370914767 -0.5481956139799253
0.29534211324494025 -0.3080718423621236 -1.8728459566192805 -0.3535972873957906 0.24812365688465013 1.8667129553418582 -1.0577332570998588 -0.5477300984567663
0.29407570960748636 -0.31043896527439174 -1.8737060283588205 -0.34949446785695787 0.24802630601837708 1.8635489778033432 -1.0574839245567347 -0.5472660679052086
0.29281857962036967 -0.31279604681799156 -1.8745533186186258 -0.3454061205214302 0.24792569672490558 1.8603931892583254 -1.0572355360507586 -0.5468035195119499
0.2915706795431323 -0.3151431532994937 -1.8753879622676444 -0.34133220404107284 0.24782184796811807 1.8572455807110166 -1.0569880881643812 -0.5463424504003883
0.2903319652508489 -0.31748035060924507 -1.8762100930483459 -0.33727267676410916 0.2477147790978505 1.854106142741632 -1.0567415774748659 -0.5458828576333203
0.28910239225597645 -0.31980770421637406 -1.8770198435768983 -0.3332274967523443 0.24760450983242877 1.8509748655227019 -1.0564960005552595 -0.5454247382155455
0.28788191572955624 -0.3221252791642461 -1.8778173453438198 -0.32919662179773573 0.24749106024165765 1.8478517388348243 -1.0562513539753158 -0.5449680890963792
0.2866704905217842 -0.32443314006634755 -1.8786027287150764 -0.3251800094383362 0.2473744507302545 1.84473675208188 -1.0560076343023774 -0.5445129071720783
0.2854680711819665 -0.3267313511025774 -1.8793761229336048 -0.3211776169736329 0.24725470202171887 1.8416298943057225 -1.055764838102215 -0.544059189288182
0.284274611977875 -0.3290199760159279 -1.8801376561212395 -0.31718940147930647 0.24713183514263037 1.838531154200367 -1.0555229619398279 -0.5436069322417699
0.2830900669145203 -0.33129907810953546 -1.8808874552810193 -0.31321531982143164 0.24700587140736605 1.8354405201256923 -1.055282002380204 -0.5431561327836426
0.2819143897523552 -0.3335687202440832 -1.881625646299855 -0.309255328670141 0.24687683240322944 1.8323579801206717 -1.0550419559890467 -0.5427067876204241
0.28074753402492536 -0.3358289648355392 -1.882352353951539 -0.3053093845127724 0.2467447399759831 1.8292835219161516 -1.0548028193334629 -0.542258893416592
0.27958945305598004 -0.3380798738532135 -1.8830677019000759 -0.3013774436665198 0.24660961621577668 1.8262171329471901 -1.0545645889826205 -0.5418124467964348
0.27844009997605823 -0.34032150881811774 -1.88377181270332 -0.2974594622906064 0.2464714834434623 1.8231588003649728 -1.054327261508371 -0.5413674443459426
0.2772994277385632 -0.3425539308016136 -1.8844648078168986 -0.29355539639799794 0.2463303641972897 1.8201085110483188 -1.0540908334858436 -0.5409238826146295
0.2761673891353391 -0.34477720042433463 -1.8851468075984061 -0.2896652018666744 0.24618628121997294 1.8170662516147933 -1.0538553014940084 -0.5404817581172927
0.27504393681176265 -0.34699137785536777 -1.8858179313118557 -0.28578883445047587 0.24603925744612123 1.814032008431436 -1.0536206621162107 -0.5400410673357093
0.2739290232813627 -0.34919652281168234 -1.8864782971323695 -0.2819262497895395 0.24588931599002614 1.8110057676251237 -1.0533869119406798 -0.539601806720274
0.27282260093998034 -0.35139269455779293 -1.8871280221510958 -0.2780774034203429 0.24573648013379737 1.807987515092573 -1.05315404756101 -0.5391639726915781
0.2717246220794814 -0.3535799519056444 -1.8877672223803386 -0.2742422507853683 0.24558077331584008 1.804977236510003 -1.052922065576618 -0.5387275616419335
0.2706350389010333 -0.3557583532147078 -1.8883960127588866 -0.2704207472424025 0.24542221911966589 1.8019749173424626 -1.0526909625931766 -0.5382925699368423
0.2695538035279579 -0.3579279563922754 -1.8890145071575286 -0.26661284807348573 0.24526084126303044 1.798980542852839 -1.0524607352230235 -0.5378589939164147
0.26848086801817134 -0.36008881889394545 -1.8896228183847443 -0.26281850849352306 0.24509666358739052 1.795994098110554 -1.0522313800855505 -0.5374268298967367
0.2674161843762225 -0.36224099772428486 -1.8902210581925578 -0.2590376836585709 0.24492971004767333 1.7930155679999629 -1.052002893807571 -0.5369960741711893
0.2663597045649399 -0.3643845494376621 -1.8908093372825459 -0.25527032867381055 0.2447600047023511 1.7900449372284626 -1.0517752730236671 -0.5365667230117206
0.26458791777588847 -0.36618473889841036 -1.8913006123860292 -0.25161496788385934 0.24445837201719195 1.7864082680558881 -1.0504141058297563 -0.5361387726700727
0.26212429247547564 -0.36765558333562587 -1.8916956918775725 -0.24806676771142694 0.24403026889223695 1.782132423931842 -1.047964829272323 -0.5357122193789658
0.2589916148392754 -0.3688105674679322 -1.8919954335614861 -0.244621100407294 0.24348093885982797 1.777243287391537 -1.0444712160531353 -0.5352870593532388
0.25521200875844147 -0.3696626633780762 -1.892200741114629 -0.24127353572119656 0.2428154203757198 1.7717657955490174 -1.0399754349272867 -0.53486328879095
0.25080695524110125 -0.37022434965257717 -1.8923125606948954 -0.23801983289827638 0.24203855479174247 1.7657239743065258 -1.0345181089118864 -0.5344409038744384
0.24579731122765877 -0.3705076298134667 -1.8923318777086922 -0.2348559329886326 0.24115499402207585 1.7591409713264814 -1.0281383713847472 -0.5340199007713471
0.24020332783832063 -0.3705240500681626 -1.8922597137309694 -0.23177795145798075 0.24016920791474786 1.752039087810854 -1.0208739201495407 -0.5336002756356095
0.23404466807057167 -0.3702847164025668 -1.892097123571603 -0.2287821710878798 0.2390854913395332 1.7444398091310906 -1.0127610695411222 -0.533182024608401
0.2273404239637532 -0.3698003110415555 -1.8918451924821704 -0.2258650351544246 0.2379079710030116 1.7363638343501964 -1.0038348006420517 -0.5327651438190558
0.2201091332473456 -0.3690811083001423 -1.891505033497377 -0.22302314087472144 0.23664061200114214 1.7278311046770582 -0.9941288096787685 -0.5323496293859508
0.21236879548902277 -0.36813698984774335 -1.8910777849056184 -0.22025323311086892 0.235287224119322 1.7188608308916538 -0.9836755546633926 -0.5319354774173579
0.20413688775802924 -0.36697745940714693 -1.8905646078433627 -0.21755219832155653 0.23385146788952488 1.709471519778383 -0.972506300344736 -0.5315226840122657
0.19543037981893197 -0.3656116569090002 -1.8899666840082476 -0.2149170587517668 0.2323368604137546 1.6996809996034188 -0.9606511615298028 -0.5311112452611705
0.18626574887031538 -0.36404837212185986 -1.8892852134859757 -0.21234496685142865 0.23074678096270332 1.6895064446706645 -0.948139144834838 -0.5307011572468401
0.1766589938425222 -0.362296057777119 -1.8885214126862824 -0.20983319991421603 0.22908447635816978 1.6789643989896619 -0.93499818892284 -0.5302924160450484
0.16662564926809004 -0.36036284220741294 -1.8876765123834314 -0.20737915492802025 0.22735306614747264 1.6680707990875832 -0.921255203282395 -0.5298850177252845
0.15618079873809795 -0.3582565415164244 -1.886751755856863 -0.2049803436289456 0.22555554757778404 1.656840995996273 -0.9069361056006972 -0.5294789583514352
0.14533908795721492 -0.35598467129735 -1.8857483971277953 -0.20263438775098727 0.22369480037801112 1.6452897764441925 -0.8920658577817094 -0.5290742339824427
0.13411473740983287 -0.35355445791665674 -1.8846676992877323 -0.20033901446384844 0.22177359135556668 1.633431383282029 -0.8766685006585657 -0.5286708406729382
0.12252155464927343 -0.3509728493791465 -1.8835109329149928 -0.19809205199163957 0.21979457881509362 1.6212795351697042 -0.8607671874475431 -0.528268774473853
0.11057294622167427 -0.34824652578975906 -1.8822793745755262 -0.19589142540547877 0.21776031680594232 1.6088474455514956 -0.8443842159892114 -0.5278680314330056
0.0982819292357923 -0.3453819094269762 -1.8809743054044186 -0.19373515258327753 0.21567325920494415 1.5961478409450316 -0.8275410598207187 -0.527468607595669
0.08566114258960338 -0.34238517444214533 -1.8795970097646404 -0.19162134033025108 0.21353576364077773 1.5831929785689811 -0.8102583981215756 -0.5270704990051156
0.07272285786423244 -0.33926225619851386 -1.8781487739797142 -0.18954818065393864 0.21135009526598725 1.5699946633333624 -0.7925561445737684 -0.5266737017031423
0.05947898989541404 -0.3360188602632601 -1.8766308851371138 -0.18751394718775502 0.20911843038248415 1.556564264215527 -0.7744534751755481 -0.5262782117305767
0.04594110703235949 -0.3326604710653182 -1.8750446299593286 -0.18551699175732259 0.20684285992614274 1.5429127300440464 -0.7559688550468194 -0.5258840251277634
0.03169904289040873 -0.32916944676261767 -1.8733430179788157 -0.1834987816808522 0.20448272240665707 1.5269765801882702 -0.7359027565792239 -0.5254912634254862
0.016823937806961932 -0.3255613029106007 -1.8715306547227908 -0.18146241640088057 0.20204962844869018 1.508971432295333 -0.7144233210876414 -0.5250999180940831
0.0013821148502752793 -0.3218504201460208 -1.869612136407081 -0.17941075446710958 0.19955429398660993 1.4890977275807773 -0.6916864468462498 -0.524709980761624
-0.01456461734530335 -0.31805011938380834 -1.8675920376456068 -0.1773464301358585 0.19700660113000876 1.4675417176081829 -0.6678365974809924 -0.5243214432089606
-0.03095868052833669 -0.3141727321895156 -1.865474900421547 -0.1752718688805715 0.19441565506587788 1.4444763886161267 -0.643007558784482 -0.5239342973649435
-0.047746460398141406 -0.31022966663283863 -1.8632652242237662 -0.17318930188313436 0.19178983725058457 1.420062327306941 -0.6173231472006688 -0.5235485353018025
-0.06486293791549513 -0.30603677965389625 -1.8610322689343795 -0.17114955586535854 0.18911363191970343 1.3947317714719336 -0.59131003213276 -0.5231637559874057
-0.08225862554462447 -0.30162610138572826 -1.858775230554237 -0.16914786603814555 0.18639562843164634 1.3686043660328573 -0.5650431512052225 -0.5227799661021091
-0.09988773548377515 -0.2970271263542673 -1.8564935630812254 -0.16717986715632832 0.18364370393200932 1.3417904748495777 -0.5385911120105302 -0.5223971719638195
-0.1177079319533371 -0.29226699136184026 -1.854186953052076 -0.16524156450375538 0.18086507452349843 1.3143918227683908 -0.5120166449301131 -0.5220153795408721
-0.1356800996907858 -0.28737064141466195 -1.8518552960476746 -0.16332930686158806 0.17806634294276694 1.2865020948534651 -0.48537702525992105 -0.521634594464463
-0.15376812759541808 -0.28236098448475455 -1.8494986750238607 -0.16143976132775845 0.1752535429774531 1.2582074956207627 -0.4587244666792345 -0.5212548220406554
-0.17193870653485943 -0.27725903584480294 -1.8471173403390353 -0.1595698898642318 0.17243218084128537 1.2295872709089641 -0.43210648796708356 -0.5208760672619709
-0.1901611403898072 -0.2720840526659383 -1.8447116913585966 -0.15771692745684235 0.16960727371071463 1.2007141948491833 -0.405566254745176 -0.5204983348185824
-0.2084071694737514 -0.2668536595231033 -1.8422822595243495 -0.15587836178006467 0.16678338561307302 1.1716550242338395 -0.37914289790901123 -0.5201216291091215
-0.22665080552075043 -0.26158396541028195 -1.839829692784622 -0.15405191426617676 0.16396466084368452 1.1424709224341936 -0.35287181029932735 -0.5197459542511131
-0.2448681774869952 -0.25628967282828785 -1.8373547412879008 -0.1522355224849019 0.16115485507760682 1.1132178548750726 -0.3267849230636896 -0.5193713140910513
-0.2630373874611117 -0.25098417947080665 -1.834858244249414 -0.15042732374580983 0.15835736433070927 1.0839469579435637 -0.3009109630624103 -0.5189977122141272
-0.2811783438395844 -0.2456143809854785 -1.8323741387257735 -0.14862640844258102 0.15564453491820873 1.0547210670930984 -0.27528491623074364 -0.5186253866792245
-0.2992678269379753 -0.24019710602675265 -1.8299025164615286 -0.14683231233666508 0.15301449736730469 1.0255810211403187 -0.24992868536358076 -0.5182543319851237
-0.31728461421345516 -0.23474770638275702 -1.827443510210779 -0.14504460598787647 0.150465412827017 0.9965638952806377 -0.22486171254450413 -0.5178845426922691
-0.33520934102862493 -0.22928016447953461 -1.8249972883019396 -0.14326289245224955 0.1479954735102765 0.9677032754922485 -0.20010116901845354 -0.5175160134210769
-0.3530243706873104 -0.22380719353117176 -1.822564049662553 -0.1414868051296389 0.1456029030328168 0.9390295141995012 -0.1756621317682963 -0.5171487388502997
-0.37071367313077636 -0.2183403308275067 -1.8201440192705889 -0.13971600575130194 0.14328595665813262 0.9105699684479451 -0.15155774769502714 -0.5167827137154458
-0.3882627117231106 -0.21289002461850592 -1.8177374440009708 -0.1379501824983392 0.14104292145707226 0.8823492217602815 -0.12779938624125903 -0.5164179328072515
-0.4056583375921708 -0.20746571502395147 -1.8153445888382282 -0.13618904824246475 0.13887211638998392 0.8543892907649107 -0.10439678124158579 -0.5160543909702034
-0.4228886910276466 -0.20207590936864986 -1.812965733428177 -0.13443233890113634 0.13677189231873227 0.826709817616335 -0.08135816273104367 -0.5156920831011118
-0.4399431094706342 -0.1967282523168212 -1.8106011689434074 -0.1326798118995966 0.13474063195534206 0.7993282491590393 -0.058690379394019096 -0.515331004147729
-0.45681204165979455 -0.1914295911545314 -1.8082511952391025 -0.1309312447328627 0.13277674975350576 0.7722600037233135 -0.03639901229031859 -0.5149711491074161
-0.4734869675278227 -0.18618603654587315 -1.8059161182773442 -0.12918643362115734 0.13087869174870806 0.7455186263824961 -0.014488480452516031 -0.5146125130258526
-0.48996032346871854 -0.18100301906697736 -1.8035962477995793 -0.1274451922526992 0.12904493535227196 0.719115933446042 0.007037861091077517 -0.5142550909957893
-0.5062254326213504 -0.17588534180174153 -1.80129189522834 -0.12570735060816768 0.12727398910421428 0.6930621469113811 0.028177630350603076 -0.5138988781558422
-0.5222764398381555 -0.17083722926430306 -1.7990033717806317 -0.1239727538615287 0.12556439238941167 0.667366019549505 0.04892933398344239 -0.5135438696893275
-0.5381082510296314 -0.16586237289567415 -1.7967309867766352 -0.12224126135225494 0.12391471512121911 0.6420349512543684 0.06929228902740062 -0.5131900608231337
-0.5537164765956518 -0.1609639733655093 -1.7944750461285215 -0.12051274562429795 0.12232355739635009 0.6170750972443065 0.08926655033828026 -0.5128374468266318
-0.5690973786736668 -0.15614477989461784 -1.7922358509952427 -0.11878709152747319 0.12078954912451825 0.5924914686645643 0.10885284334003671 -0.5124860230106215
-0.58424782195163 -0.15140712679949309 -1.7900136965901703 -0.1170641953772014 0.11931134963605432 0.5682880261035066 0.1280525017220234 -0.5121357847263122
-0.5991753181942389 -0.14674764497911655 -1.7877581834546263 -0.11535557681233326 0.1178476063635759 0.5444396454787364 0.14690173421373542 -0.5117867682004077
-0.6138773348455493 -0.14216846698043464 -1.7854728025310254 -0.1136600279172933 0.11639847301328797 0.5209510334603262 0.16540020498251562 -0.5114389673316969
-0.6283518335428061 -0.13767138258048012 -1.7831608650733815 -0.11197645441591027 0.11496405368638576 0.49782591458133413 0.18354820212449297 -0.5110923761093769
-0.6425972322478735 -0.133257866633808 -1.7808255111440496 -0.1103038669816618 0.11354440782818905 0.47506711157541825 0.20134658115218745 -0.510746988610349
-0.6566123699238746 -0.12892910496406715 -1.7784697176926698 -0.10864137314942085 0.11213955478191204 0.45267662009152154 0.21879671258880004 -0.5104027989966059
-0.6703964735908627 -0.12468601843051329 -1.7760963062394592 -0.10698816978881856 0.11074947797580527 0.4306556781609293 0.2359004333900245 -0.5100598015127071
-0.6839491276051388 -0.12052928529167599 -1.7737079501837392 -0.10534353610193874 0.10937412877041551 0.40900483076735605 0.25266000193273 -0.5097179904833393
-0.697270245016927 -0.11645936198035939 -1.7713071817573964 -0.1037068271104916 0.10801342999085392 0.3877239898476819 0.2690780563271602 -0.5093773603109595
-0.7103600408705532 -0.11247650239664894 -1.7688963986418662 -0.1020774675998888 0.10666727916723208 0.3668124900294259 0.28515757582545553 -0.5090379054735171
-0.7232190073200986 -0.10858077581857843 -1.7664778702661723 -0.10045494648976859 0.10533555150481157 0.3462691403909189 0.30090184511440515 -0.5086996205222536
-0.7358478904417511 -0.10477208352355213 -1.76405374380258 -0.09883881160250882 0.10401810260390887 0.3260922725113262 0.316314421294441 -0.508362500079575
-0.7482476686317909 -0.10105017420748613 -1.7616260498754859 -0.09722866480312536 0.10271477094819424 0.30627978506009007 0.33139910336006767 -0.5080265388369971
-0.7604195324863622 -0.09741465828290233 -1.7591967079982966 -0.0956241574856926 0.10142538017871634 0.28682918515892725 0.34615990400923424 -0.5076917315531597
-0.7723648660659278 -0.09386502113185276 -1.7567675317522358 -0.09402498638304893 0.10014974116976551 0.2677376267341598 0.3606010236206567 -0.507358073051907
-0.7840852294536121 -0.09040063538454579 -1.7543402337202372 -0.09243088967807095 0.09888765392155316 0.2490019460628011 0.37472682624884684 -0.5070255582204332
-0.7955823425225335 -0.08702077228986721 -1.7519164301883603 -0.09084164339622196 0.09763890928362626 0.23061869470240304 0.38854181749664146 -0.5066941820074895
-0.806858069832743 -0.08372461223961629 -1.749497645626483 -0.0892570580604101 0.09640329052194961 0.21258416998213178 0.4020506241344037 -0.5063639394216527
-0.8179144065835453 -0.08051125450419025 -1.747085316959378 -0.08767697559043496 0.09518057474167016 0.19489444322082036 0.4152579753438276 -0.5060348255296503
-0.8287534655517957 -0.07737972623363083 -1.7446807976386784 -0.08610126643046395 0.09397053417672109 0.17754538582679433 0.4281686854724597 -0.5057068354547427
-0.8393774649512797 -0.07432899077437737 -1.742285361525661 -0.08452982688906684 0.09277293735662664 0.16053269342403106 0.4407876381926938 -0.5053799643751595
-0.8497887171524963 -0.07135795534873454 -1.7399002065942468 -0.08296257667735359 0.09158755016012554 0.1438519081396482 0.45311977196613334 -0.5050542075225878
-0.8599896182061084 -0.06846547814094567 -1.7375264584631034 -0.08139945663171093 0.09041413676453947 0.127498439178777 0.46517006672088385 -0.5047295601807114
-0.8699826381170122 -0.06565037483084868 -1.7351651737652627 -0.07984042660852186 0.08925246049916909 0.11146758180452268 0.47694353165556364 -0.5044060176837986
-0.8797703118194229 -0.06291142461336961 -1.732817343363215 -0.0782854635390832 0.0881022846104003 0.09575453483290713 0.4884451940896372 -0.5040835754153373
-0.8893552308065998 -0.060247375739564124 -1.7304838954170183 -0.0767345596337133 0.08696337294564549 0.08035441674539426 0.4996800892851063 -0.5037622288067157
-0.898740035371847 -0.05765695061254012 -1.728165698312559 -0.07518772072476856 0.08583549056272469 0.06526228051478075 0.5106532511696654 -0.5034419733359468
-0.9079274074202447 -0.05513885046937314 -1.7258635634567296 -0.07364496473896634 0.0847184042708084 0.050473127233865586 0.5213697038961635 -0.5031228045264351
-0.9169200638132052 -0.05269175967805017 -1.7235782479459258 -0.07210632029004709 0.08361188310859347 0.03598191863035856 0.531834454177638 -0.5028047179457854
-0.9257207502104087 -0.05031434967653811 -1.721310457113936 -0.07057182538340204 0.08251569876496512 0.021783588545926623 0.5420524843413131 -0.5024877092046502
-0.9343322353759812 -0.04800528257926079 -1.719060846964977 -0.069041526224848 0.08142962594700877 0.007873053452079812 0.5520287460488132 -0.5021717739556157
-0.9427573059179345 -0.04576321447457506 -1.7168300264973355 -0.06751547612624947 0.0803534426998729 -0.0057547779292572016 0.5617681546334373 -0.5018569078921248
-0.9509987614318993 -0.043586798435254766 -1.7146185599227846 -0.06599373450117374 0.0792869306826478 -0.019104995837178645 0.5712755840087055 -0.5015431067474359
-0.959059410022073 -0.04147468726251295 -1.7124269687866882 -0.06447636594421759 0.07822987540411133 -0.03218268145616569 0.580555862105521 -0.5012303662936161
-0.9669420641740623 -0.039425535982712374 -1.7102557339934503 -0.06296343938806888 0.07718206642190248 -0.04499289961827863 0.5896137667982219 -0.5009186823405677
-0.9746495369559528 -0.037438004114623946 -1.7081052977417268 -0.061455027332761834 0.07614329750841237 -0.05754069217176234 0.5984540222825292 -0.5006080507350869
-0.9821846385254769 -0.03551075772388805 -1.7059760653735985 -0.05995120514195575 0.0751133667864311 -0.06983107196811074 0.6070812958709493 -0.5002984673599533
-0.9895501729225938 -0.033642471280207836 -1.7038684071416887 -0.058452050401412964 0.07409207683735561 -0.08186901742286452 0.6155001951735685 -0.49998992813305027
-0.9955044333767692 -0.02974841391220187 -1.695349716563683 -0.0584250244903589 0.07346478559961131 -0.09448532272170586 0.6238515096832891 -0.499682429006513
-1.0001482214610198 -0.02401271375396926 -1.6809987361305216 -0.05972053458917723 0.0731619326849582 -0.10760216314289145 0.6321280264002667 -0.49937596596590583
-1.0035766237485781 -0.016607765699658668 -1.6613570032061362 -0.062199619101625234 0.0731205615392371 -0.12114714635318956 0.6403229178147295 -0.4990705350294259
-1.0058792915883616 -0.007694861416088453 -1.6369308715917728 -0.06573331767351213 0.07328384468440212 -0.13505300826024189 0.6484297365343645 -0.49876613224713295
-1.0071407088380506 0.002575210547518896 -1.6081934358085093 -0.07020207415182247 0.07360063786652597 -0.14925732371067407 0.6564424091509524 -0.4984627537002046
-1.0074404480022079 0.014061593288161499 -1.5755863622829163 -0.07549517093350405 0.07402506154843012 -0.16370223139005127 0.664355229436994 -0.49816039550021585
-1.0068534152097177 0.026632817498120104 -1.539521631462659 -0.08151019321888353 0.07451610826189176 -0.178334172305248 0.6721628509563672 -0.4978590537884423
-1.0054500844518468 0.040166283661762656 -1.5003831947355963 -0.08815252174796126 0.07503727440729388 -0.19310364125351143 0.6798602791667562 -0.49755872473518586
-1.003296721489458 0.05454776937126881 -1.4585285498775031 -0.09533485265874464 0.0755562151582479 -0.20796495070545817 0.687442863085678 -0.4972594045391224
-1.0004555978253478 0.06967096067499023 -1.4142902386098313 -0.10297674316538072 0.07604442119525977 -0.22287600655147163 0.6949062865863767 -0.49696108942667094
-0.9969851951253456 0.08543700641339139 -1.3679772697098402 -0.11100418181021587 0.07647691605605755 -0.23779809518247536 0.702246559384647 -0.49666377565138314
-0.9929404004596971 0.10175409453745846 -1.31987647098086 -0.11934918209811454 0.0768319729508706 -0.2526956813968632 0.7094600077727631 -0.49636745949335237
-0.9883726927243833 0.11853704944314579 -1.2702537732603043 -0.12794939837347938 0.07709084994886625 -0.2675362166454853 0.7165432651521068 -0.4960721372586423
-0.983330320590387 0.13570694939287528 -1.2193554295172426 -0.1367477628504999 0.07723754249722163 -0.2822899571460342 0.7234932624118035 -0.4957778052787336
-0.977858472317535 0.15319076313134 -1.1674091719697286 -0.1456921427552826 0.07725855228704409 -0.29692979141696646 0.7303072181966578 -0.4954844599099887
-0.9719994377583916 0.17092100483791547 -1.114625310034617 -0.15473501658474692 0.07714267153066032 -0.31143107679924475 0.7369826291039274 -0.49519209753313376
-0.9657927628667974 0.188835406591876 -1.061197771809136 -0.16383316853157168 0.07688078176277073 -0.325771484551712 0.7435172598449629 -0.4949007145527572
-0.9592753970149972 0.20687660755937723 -1.00730509167394 -0.1729474001671096 0.07646566632371124 -0.3399308531228267 0.7499091334044606 -0.4946103073968242
-0.9524818334129223 0.22499185914282432 -0.9531113465016442 -0.18204225851510972 0.07589183572667159 -0.3538910492178139 0.7561565212270195 -0.49432087251620704
-0.945444242913056 0.24313274536382762 -0.8987670428528363 -0.19108577968836207 0.07515536515227923 -0.3676358362960345 0.762257933457832 -0.4940324063842303
-0.9381926014744371 0.2612549177804772 -0.844409957443156 -0.20004924729806037 0.07425374335355713 -0.38115075014856437 0.7682121092616849 -0.49374490549623024
-0.9307548115497283 0.27931784426817496 -0.7901659330701706 -0.20890696488182306 0.0731857322919859 -0.39442298122061387 0.7740180072419646 -0.49345836636912876
-0.9231568176499081 0.29728457102077127 -0.736149632097307 -0.2176360416309762 0.07195123686132714 -0.4074412633575328 0.7796747959790566 -0.4931727855410205
-0.915422716332024 0.31512149715529186 -0.6824652495039704 -0.22621619073093455 0.07055118409007145 -0.4201957686667379 0.7851818447053907 -0.4928881595707729
-0.907574860846574 0.3327981613291334 -0.6292071874260698 -0.234629539660373 0.06898741124593794 -0.43267800820099905 0.7905387141323869 -0.4926044850376393
-0.8996339606724597 0.3502870398032805 -0.5764606930293977 -0.24286045182540694 0.06726256229684159 -0.44488073818112667 0.7957451474427208 -0.4923217585408838
-0.8916191761590759 0.3675633554088779 -0.5243024614795698 -0.2508953589342478 0.06537999221223142 -0.4567978714882445 0.8008010614596097 -0.492039976699418
-0.8835482084869644 0.3846048968974069 -0.4728012056964476 -0.25872260354581456 0.06334367861675022 -0.46842439416751047 0.8057065380032417 -0.4917591361514495
-0.8754373851505577 0.40139184817678364 -0.4220181945080332 -0.2663322912526091 0.061158140334841 -0.4797562866963888 0.8104618154430081 -0.4914792335541408
-0.86730174115888 0.4179066269569535 -0.3720077607486674 -0.27371615198384835 0.05882836239028626 -0.49079044978138536 0.8150672804528476 -0.4912002655832793
-0.859155096142635 0.43413373234901315 -0.32281778077888507 -0.28086740993943066 0.05635972704877203 -0.5015246344575512 0.819523459975765 -0.4909222289329571
-0.8510101275489068 0.45005960098158454 -0.27449012683940055 -0.28778066168883976 0.053757950514477036 -0.5119573762750517 0.8238310134024448 -0.49064512031526125
-0.8428784400977225 0.4656724712171105 -0.22706109358933668 -0.29445176199159895 0.051029024913450335 -0.5220879333666986 0.827990724967823 -0.49036893645997304
-0.8347706316679571 0.48096225506896195 -0.18056180011887676 -0.300877716917416 0.04817916521721223 -0.5319162281995696 0.8320034963685181 -0.49009367411427684
-0.8266963557735216 0.495920417437773 -0.13501856866894485 -0.30705658386474793 0.04521476077964092 -0.5414427928226979 0.8358703396031351 -0.48981933004247785
-0.8186643807844358 0.5105398623022608 -0.09045328123521842 -0.31298737809619825 0.042142331178840566 -0.5506687174313233 0.8395923700366487 -0.4895459010257285
-0.8106826460412607 0.5248148255159816 -0.04688371518067727 -0.31866998542797165 0.03896848607336954 -0.5595956020763657 0.8431707996893373 -0.4892733838617629
-0.8027583150054397 0.5387407738770239 -0.004323858929917164 -0.32410508072859107 0.03569988879898557 -0.5682255113556184 0.8466069307500651 -0.4890017753646398
-0.7948978255823683 0.5523143101525859 0.03721579123046516 -0.32929405189925753 0.032343223447978145 -0.5765609319306803 0.8499021493131056 -0.48873107236449304
-0.7871069377484777 0.5655330837547297 0.07772795226804886 -0.33423892902463864 0.028905165188249402 -0.5846047327208623 0.8530579193371465 -0.4884612717072896
-0.7793907786082702 0.5783957067773795 0.11720829250498714 -0.338942318398539 0.025392353593609862 -0.5923601276322207 0.8560757768246234 -0.4881923702545949
-0.7717538850020826 0.5909016751178563 0.1556551858134659 -0.34340734114386234 0.021811368770313245 -0.599830640686502 0.8589573242190834 -0.487924364883345
-0.76420024378037 0.603051294418921 0.1930694810584609 -0.34763757616055013 0.018168710077699223 -0.6070200734211462 0.861704225017879 -0.4876572524856259
-0.756733329855494 0.6148456105794758 0.22945428597971235 -0.3516370071488056 0.014470777252979043 -0.6139324744375815 0.8643181985971438 -0.4873910299684591
-0.7493561421373616 0.6262863445937398 0.26481476474286136 -0.355409973467907 0.010723853761718468 -0.6205721109808866 0.8668010152456823 -0.4871256942535937
-0.7420712374547882 0.637375831489908 0.2991579484261214 -0.35896112460331003 0.006934092206476519 -0.6269434424394809 0.8691544914041337 -0.48686124227730426
-0.7348807625601477 0.648116963150032 0.3324925577437502 -0.36229537802655953 0.003107501636376726 -0.6330510956588594 0.8713804851055255 -0.4865976709901951
-0.7277864843107165 0.6585131348031378 0.3648288373409977 -0.3654178802437976 -0.0007500633898516568 -0.6388998419685115 0.8734808916131279 -0.48633497735700987
-0.7207898181161183 0.6685681949934468 0.39617840102719076 -0.36833397083939634 -0.004632912125594677 -0.6444945758260648 0.8754576392513378 -0.486073158356447
-0.713891854737421 0.6782863988350025 0.4265540873442272 -0.3710491493314746 -0.008535525472343243 -0.6498402949873912 0.8773126854251707 -0.4858122109809801
-0.7070933855197262 0.6876723643730357 0.45596982489704113 -0.3735690446658081 -0.01245256245121125 -0.6549420821158936 0.8790480128238166 -0.48555213223668386
-0.7003949261365225 0.6967310318810531 0.4844405069006238 -0.37589938718392457 -0.01637886542345213 -0.6598050877484902 0.8806656258036091 -0.4852929191430647
-0.6937967389206349 0.7054676259309105 0.5119818744249783 -0.3780459829100164 -0.02030946416608682 -0.6644345145399108 0.8821675469456811 -0.48503456873289635
-0.6872988538532994 0.7138876200810531 0.5386104078450109 -0.38001469000971616 -0.024239578901811127 -0.6688356027108435 0.8835558137835173 -0.48477707805205994
-0.6809010882797152 0.7219967040356841 0.5643432260268497 -0.38181139728178903 -0.028164622375796585 -0.6730136166292198 0.8848324756955722 -0.484520444159389
-0.6746030654163682 0.7298007531348674 0.5891979928054912 -0.3834420045514129 -0.03208020106581654 -0.6769738324574998 0.885999590958099 -0.4842646641265182
-0.668404231712487 0.7373058000425037 0.6131928303310339 -0.38491240484096406 -0.03598211560629947 -0.680721526802246 0.8870592239533203 -0.4840097350377368
-0.6622541949223988 0.7445182792046235 0.636539543847514 -0.3862504505652069 -0.03983854536223476 -0.684299356488556 0.8880223079737108 -0.4837534606783583
-0.6561559147459038 0.7514415515453341 0.6592396844110062 -0.38745825457008426 -0.04365063159162274 -0.6877104658742984 0.888889670175409 -0.4834959200178967
-0.6501120168164705 0.7580794299461553 0.6812961346211971 -0.3885382384023668 -0.0474192381917622 -0.6909580137828875 0.8896622534070004 -0.4832371891906096
-0.6441248150258732 0.7644361286557126 0.7027129857973295 -0.3894930941823784 -0.05114498276325848 -0.6940451682986077 0.8903411052781093 -0.4829773415939071
-0.6381963326297148 0.7705162163037874 0.723495423199511 -0.39032574936962894 -0.05482826523993012 -0.6969751019071954 0.890927367917588 -0.48271644798335595
-0.632328322192359 0.7763245723064613 0.7436496188461552 -0.3910393342419077 -0.058469294242027695 -0.6997509869647531 0.891422268384469 -0.48245457656439605
-0.6265222844272781 0.7818663464603254 0.7631826315008674 -0.3916371519182227 -0.06206811130119966 -0.7023759914787608 0.8918271096966043 -0.482191793080883
-0.6207794859863974 0.7871469215344165 0.7821023134235869 -0.39212265076531494 -0.06562461309712674 -0.7048532751856078 0.8921432624436061 -0.4819281609005669
-0.6151009762496902 0.7921718786787194 0.8004172235013151 -0.3924993990363491 -0.069138571837677 -0.7071859859097135 0.89237215695232 -0.4816637410976129
-0.6094876031640305 0.7969469654777568 0.8181365463933198 -0.39277106159881064 -0.07260965390678645 -0.7093772561899255 0.8925152759745992 -0.4813985925322665
-0.6039565321810649 0.8014528070978348 0.8351549580582777 -0.3929230026321455 -0.07605497433658227 -0.7114153043518802 0.8925719909345995 -0.4811339988783303
-0.5985066880087909 0.8056985018870413 0.8514932535944483 -0.39296136808299514 -0.07947131057953427 -0.7133042760588649 0.8925443089092553 -0.48086996902257884
-0.5931369493609817 0.8096929902383342 0.8671719650878941 -0.39289214984039916 -0.08285564710970557 -0.7150482467920617 0.8924342193061249 -0.4806065114548435
-0.5878461545668929 0.8134450468301166 0.8822113379994889 -0.39272118205255974 -0.0862051687555496 -0.7166512207897404 0.8922436925409977 -0.4803436342819606
-0.5826331068146748 0.8169632739701236 0.8966313102822353 -0.3924541382291463 -0.08951725401895184 -0.7181171301816374 0.8919746788267336 -0.4800813452412387
-0.5774965790476458 0.8202560959588919 0.9104514940352513 -0.39209652906339587 -0.09278946840136068 -0.7194498343049812 0.8916291070676359 -0.47981965171346214
-0.5724353185317198 0.8233317543942268 0.9236911595121674 -0.39165370091253277 -0.09601955775585813 -0.7206531191893681 0.8912088838538847 -0.47955856073544634
-0.5674480511114464 0.8261983043429365 0.9363692213124559 -0.3911308348790607 -0.09920544168216712 -0.7217306971983856 0.8907158925507815 -0.4792980790121603
-0.5625334851713257 0.828863611310708 0.9485042265944353 -0.39053294643927755 -0.10234520697986567 -0.7226862068165522 0.8901519924777597 -0.47903821292843135
-0.5576903153182909 0.8313353489453373 0.960114345158365 -0.3898648855689457 -0.10543710117347495 -0.723523212570776 0.8895190181723305 -0.47877896856024643
-0.552917225800516 0.8336209974126368 0.9712173612572098 -0.38913133731942684 -0.1084795261215988 -0.7242452050761389 0.88881877873433 -0.4785203516856639
-0.5482128936770007 0.8357278423882161 0.9818306670013279 -0.38833682280076864 -0.11147103172091102 -0.7248556011963885 0.888053057246026 -0.4782623677953492
-0.5435759917517051 0.837662974611998 0.991971257231542 -0.38748570053122766 -0.1144103097145062 -0.7253577443100697 0.8872236102638325 -0.47800502210274687
-0.5390051912853594 0.8394332899557867 1.00165572574282 -0.3865821681155299 -0.11729618761294443 -0.7257549046737459 0.8863321673775619 -0.4777483195539023
-0.534499164497446 0.8410454899574656 1.0109002627481365 -0.38563026421682617 -0.12012762273522427 -0.7260502798742567 0.8853804308333185 -0.4774922648369447
-0.5300565868702614 0.8425060827784833 1.0197206534790284 -0.384633870789793 -0.12290369637590585 -0.7262469953624312 0.884370075216307 -0.47723686239124274
-0.525676139266385 0.8438213845441837 1.0281322778259248 -0.38359671554467795 -0.1256236081036715 -0.7263481050611191 0.8833027471899961 -0.47698211641624494
-0.5213565098703412 0.844997521029276 1.0361501109275324 -0.38252237461429306 -0.1282866701957514 -0.7263565920408339 0.8821800652882333 -0.47672803088001464
-0.5170963959647085 0.8460404296533159 1.043788724624414 -0.3814142753980323 -0.1308923022118495 -0.7262753692566986 0.8810036197570595 -0.4764746095274708
-0.5128945055504344 0.8469558617534968 1.0510622896974362 -0.38027569955893487 -0.13344002571047828 -0.7261072803407742 0.879774972443122 -0.47622185588834437
-0.5087495588206271 0.8477493851043412 1.05798457881698 -0.379109786151642 -0.13592945910994397 -0.7258551004442121 0.8784956567257246 -0.4759697732848604
-0.504660289496639 0.848426386656029 1.0645689701337364 -0.3779195348608079 -0.13836031269561339 -0.725521537124016 0.8771671774896915 -0.47571836483915464
-0.500625446034814 0.8489920754651287 1.0708284514465642 -0.37670780933113324 -0.1407323837745361 -0.7251092312695294 0.8757910111363536 -0.4754676334804346
-0.4966437927118502 0.8494514857933998 1.0767756248872637 -0.3754773405716924 -0.14304555197798738 -0.7246207580640727 0.8743686056300924 -0.475217581951893
-0.4927141105963276 0.8498094803521266 1.082422712066257 -0.3742307304186389 -0.1452997747120351 -0.7240586279774491 0.8729013805780017 -0.4749682128173833
-0.48883519841356293 0.8500707536711254 1.087781559627061 -0.37297045504169074 -0.14749508275581377 -0.7234252877853187 0.8713907273403403 -0.47471952846786375
-0.4850058733105893 0.8502398355731473 1.0928636451611033 -0.3716988684810342 -0.14963157600681065 -0.7227231216117007 0.8698380091695673 -0.47447153112762
-0.4812249715277033 0.8503210947358814 1.097680083437885 -0.37041820620243804 -0.1517094193721254 -0.7219544519911192 0.8682445613758576 -0.4742242228602721
-0.4774913489826893 0.850318742325157 1.1022416329087508 -0.3691305886594508 -0.15372883880435817 -0.7211215409471385 0.8666116915170997 -0.47397760557457413
-0.4738038817735083 0.850236835684247 1.1065587024455734 -0.3678380248525586 -0.15569011748050532 -0.7202265910842635 0.8649406796114812 -0.47373168103001384
-0.470161466604934 0.8500792820653978 1.1106413582785453 -0.3665424158761248 -0.15759359212199675 -0.7192717466903871 0.8632327783708598 -0.4734864508422186
-0.46656302114432596 0.8498498423908603 1.1144993310999636 -0.36524555844480605 -0.15943964945379102 -0.7182590948471729 0.861489213453213 -0.4732419164881745
-0.4630074843114512 0.8495521350317646 1.11814202330344 -0.36394914839195924 -0.16122872280025327 -0.717190666545943 0.8597111837325494 -0.47299807931126536
-0.4583695626218225 0.8504077110060246 1.1210610600365822 -0.36222881226029463 -0.1631985928935194 -0.716591137070689 0.8583149737173648 -0.47275494052613726
-0.4527437198117743 0.8523166419979953 1.123309373392831 -0.3601202421399609 -0.16532621204158404 -0.7164147814673819 0.8572638403138809 -0.4725125012233951
-0.4462179780714861 0.8551857816278352 1.1249363437668467 -0.35765673251455926 -0.16759034296513473 -0.7166191868311659 0.8565236991765182 -0.4722707623741368
-0.4388743281852808 0.8589283362312661 1.1259880282850612 -0.3548693321952989 -0.16997143494736416 -0.717165035134791 0.856062950311657 -0.4720297248343304
-0.4307891141743358 0.8634634621859804 1.1265073748880041 -0.3517869868084782 -0.1724515079915591 -0.7180158997479624 0.855852314681234 -0.4717893893490404
-0.4220333940127744 0.8687158881551285 1.1265344229544871 -0.34843667241939197 -0.17501404448222557 -0.7191380547986091 0.8558646811237782 -0.4715497565565071
-0.41267327789165353 0.8746155607181265 1.126106491302859 -0.34484352083989606 -0.17764388787684443 -0.7205002965793534 0.8560749629525264 -0.4713108269920855
-0.4027702454148222 0.8810973119527241 1.1252583543530494 -0.34103093713318827 -0.18032714798475086 -0.7220737762515311 0.8564599636297037 -0.4710726010920474
-0.39238144302563766 0.8881005476202393 1.1240224071847933 -0.33702070979776316 -0.18305111241721847 -0.7238318431451707 0.8569982509530862 -0.47083507919725226
-0.38155996288374855 0.8955689546884433 1.1224288201820591 -0.33283311408283817 -0.1858041638187087 -0.7257498979965651 0.8576700392257144 -0.4705982615566906
-0.37035510433626967 0.903450227004102 1.1205056839111418 -0.32848700885970783 -0.18857570251353112 -0.7278052555056476 0.8584570789122458 -0.470362148330905
-0.35881261905737827 0.911695807999958 1.1182791448399172 -0.3239999274473558 -0.19135607422494252 -0.7299770156334615 0.8593425533160512 -0.4701267395952925
-0.34697494086438097 0.9202606493892579 1.1157735324682618 -0.31938816276612864 -0.19413650254508874 -0.7322459430957596 0.860310981839895 -0.4698920353432925
-0.334881401156363 0.9291029848650714 1.1130114784044478 -0.31466684717025983 -0.19690902585424633 -0.7345943545423156 0.8613481294200044 -0.4696580354894643
-0.322568430863395 0.9381841178818553 1.1100140278892912 -0.30985002728842814 -0.1996664384066359 -0.7370060129430162 0.862440921748654 -0.4694247398724579
-0.31006974973969914 0.9474682226532475 1.1068007442388395 -0.3049507341812605 -0.20240223531772888 -0.7394660287313558 0.8635773659241381 -0.4691921482578821
-0.29741654378295446 0.9569221575531374 1.1033898066472905 -0.29998104910565926 -0.20511056120452845 -0.7419607672836922 0.8647464761893091 -0.46896026034107235
-0.2846376315138357 0.9665152901568771 1.0997981017645335 -0.2949521651579738 -0.20778616224583835 -0.7444777623386513 0.8659382044407812 -0.46872907574976364
-0.27175961980474955 0.9762193332062663 1.096041309437085 -0.28987444505127463 -0.2104243414441061 -0.7470056349855045 0.8671433752105409 -0.4684985940466697
-0.2588070499043664 0.986008190825843 1.0921339829771457 -0.28475747526625594 -0.21302091688409616 -0.7495340178732701 0.8683536248401369 -0.46826881473197335
-0.24580253426478074 0.9958578143592327 1.088089624301938 -0.279610116800528 -0.21557218279647195 -0.7520534843138094 0.8695613445849222 -0.4680397372457298
-0.23276688474080823 1.0057460672329988 1.0839207542643166 -0.2744405527272045 -0.21807487324639346 -0.75455548197239 0.8707596274020547 -0.46781136097018716
-0.21971923269589197 1.0156525982917604 1.0796389784757607 -0.26925633276068317 -0.2205261282785202 -0.75703227085814 0.8719422181912009 -0.4675836852320258
-0.20667714151620445 1.0255587230824443 1.0752550489042205 -0.26406441501531513 -0.2229234623603915 -0.7594768653446077 0.8731034672711845 -0.46735670930451995
-0.19365671200366483 1.0354473125975499 1.0707789215117811 -0.2588712051312023 -0.22526473497608338 -0.761882979967337 0.8742382868892425 -0.4671304324096243
-0.18049378454933693 1.0453406806232297 1.0661638797139248 -0.2536175284757083 -0.22759909849328513 -0.7643307867167163 0.8754063648189732 -0.46690583954432147
-0.1672144805980967 1.0552225988378918 1.0614224771387544 -0.2483133964148595 -0.229920875362503 -0.7668086531201167 0.8765986985737568 -0.4666828931381824
-0.1538430308346743 1.0650781222325156 1.0565664040078335 -0.24296812591292608 -0.23222492925347807 -0.7693058952534372 0.8778070222523916 -0.46646155684135
-0.14040189168895215 1.0748935086528422 1.0516065413110927 -0.23759038132628776 -0.23450662693373742 -0.7718127159063359 0.8790237584210695 -0.4662417954829373
-0.12691185503230065 1.0846561430534076 1.0465530117447752 -0.23218821377867296 -0.23676180255527488 -0.7743201464646762 0.8802419728920068 -0.46602357503085096
-0.11339215145507009 1.0943544661938116 1.0414152276008894 -0.2267690982560579 -0.23898672420474307 -0.7768199922942038 0.8814553322302622 -0.46580686255299003
-0.09986054749317738 1.1039779075229172 1.0362019357858 -0.22133996855163987 -0.2411780625809986 -0.779304781421837 0.88265806382993 -0.46559162617977423
-0.08633343715080119 1.1135168220111187 1.0309212601353916 -0.2159072501838724 -0.24333286167181709 -0.7817677163226096 0.883844918409993 -0.46537783506795505
-0.07282592804646168 1.1229624307044348 1.0255807411846005 -0.2104768914035461 -0.24544851130910608 -0.7842026286313066 0.8850111347887045 -0.46516545936566606
-0.05935192249114249 1.1323067647870346 1.020187373540046 -0.2050543923992926 -0.24752272148902543 -0.7866039366082044 0.8861524068034623 -0.46495447017867025
-0.04592419378954973 1.1415426129509272 1.0147476409959217 -0.19964483280465925 -0.24955349835009277 -0.7889666051981036 0.8872648522507719 -0.46474483953776335
-0.032554458039036185 1.1506634718829762 1.0092675495252479 -0.1942528976040252 -0.25153912170863857 -0.7912861085310765 0.8883449837280941 -0.46453654036729297
-0.019253441685091292 1.1596634996901967 1.0037526582709704 -0.18888290152908765 -0.2534781240568951 -0.7935583947220424 0.8893896812661624 -0.464329546454756
-0.006030945077557026 1.1685374720944592 0.9982081086542188 -0.1835388120324195 -0.25536927093458284 -0.7957798528344927 0.8903961666467551 -0.4641238324214369
0.007104097742175328 1.1772807412373327 0.9926386517102748 -0.17822427091967027 -0.25721154259011364 -0.7979472818814249 0.8913619793069489 -0.4639193736940515
0.02014356280584827 1.1858891969448513 0.9870486737564197 -0.1729426147173318 -0.25900411685248137 -0.8000578617438389 0.8922849537365685 -0.46371614647736165
0.03308008333013382 1.1943592303105328 0.9814422204898209 -0.1676968938486056 -0.26074635313957395 -0.8021091258940314 0.893163198280921 -0.46351412772772743
0.045906999982444546 1.2026876994630382 0.9758230196079457 -0.1624898906857723 -0.26243777753303577 -0.8040989358174141 0.8939950752659636 -0.46331329512756503
0.05861831411867048 1.210871897392461 0.9701945020386469 -0.15732413654356392 -0.26407806885394686 -0.806025457032696 0.8947791823678268 -0.46311362706067916
0.07120864382113526 1.2189095217164092 0.9645598218620252 -0.15220192767435967 -0.26566704567748456 -0.807887136616045 0.8955143351531191 -0.4629151025884398
0.08367318257485919 1.2267986462738056 0.9589218750014238 -0.14712534032255759 -0.2672046542284048 -0.8096826821402814 0.8961995507206809 -0.46271770142677493
0.09600766042945433 1.234537694440719 0.9532833167564307 -0.1420962448922019 -0.26869095710263735 -0.8114110419452875 0.8968340323794634 -0.4625214039239503
0.10820830750269073 1.2421254140685511 0.9476465782465437 -0.13711631927885976 -0.27012612276354875 -0.8130713866606569 0.897417155300974 -0.4623261910391106
0.12027181968999154 1.2495608539505907 0.9420138818301715 -0.13218706141383077 -0.27151041576449114 -0.8146630919061665 0.8979484530882972 -0.4621320443215548
0.13219532645186696 1.2568433417282974 0.9363872555598941 -0.12730980106602865 -0.2728441876521461 -0.8161857220999553 0.8984276052070478 -0.46193894589072093
0.14397636055860918 1.2639724631537366 0.9307685467313663 -0.12248571094428465 -0.27412786850789095 -0.8176390153083534 0.898854425226782 -0.4617468784168562
0.15561282967846674 1.2709480426293476 0.9251594345799182 -0.11771581714038211 -0.2753619590869778 -0.8190228690751234 0.8992288498243713 -0.4615558251023486
0.1671029897020225 1.2777701249507298 0.9195614421757582 -0.11300100895082904 -0.2765470235177255 -0.8203373271714869 0.8995509285036579 -0.4613657696636977
0.17844541970163438 1.2844389581823683 0.9139759475657282 -0.10834204811320411 -0.2776836825251972 -0.8215825672117022 0.8998208139883613 -0.4611766963141022
0.1896389984305847 1.2909549776002227 0.9084041942067632 -0.10373957749086439 -0.2787726071459731 -0.8227588890821721 0.9000387532477055 -0.46098858974664386
0.20068288227204265 1.2973187906388803 0.9028473007335786 -0.09919412923787177 -0.27981451290263976 -0.8238667041350738 0.9002050791165909 -0.46080143511804667
0.21157648455309166 1.303531162784529 0.8973062701006265 -0.09470613247417418 -0.2808101544085143 -0.8249065251003582 0.9003202024743597 -0.46061521803299194
0.2223194561439291 1.3095930043583675 0.891781998136026 -0.09027592049936047 -0.2817603203749023 -0.8258789566726484 0.9003846049482962 -0.4604299245289701
0.23291166726692478 1.3155053581382377 0.8862752815429679 -0.085903737571688 -0.28266582899486925 -0.8267846867320989 0.9003988321099754 -0.46024554106165105
0.24335319044454348 1.3212693877692496 0.8807868253820171 -0.0815897452775553 -0.28352752367908496 -0.8276244781606662 0.9003634871344393 -0.46006205449075505
0.2536442845192101 1.326886366916988 0.8753172500657812 -0.07733402851515132 -0.2843462691207862 -0.8283991612174874 0.9002792248939306 -0.4598794520664069
0.26378537968203725 1.33235766911955 0.8698670978955657 -0.07313660111465495 -0.28512294766830365 -0.8291096264391885 0.9001467464595682 -0.4596977214159574
0.2737770634509588 1.3376847582971692 0.8644368391679031 -0.06899741111607778 -0.28585845598491527 -0.8297568180329412 0.8999667939859076 -0.4595168505312553
0.28362006754222885 1.3428691798805439 0.8590268778772006 -0.06491634572463513 -0.2865537019770283 -0.8303417277319703 0.8997401459548 -0.45933682775635515
0.29331525558246785 1.347912552521224 0.8536375570392104 -0.06089323596239135 -0.28720960197285716 -0.8308653890849937 0.899467612756345 -0.45915764177564533
0.302863611611478 1.3528165603495084 0.848269163658573 -0.056927861033851654 -0.2878270781348616 -0.8313288721527476 0.899150032586041 -0.45897928160238244
0.3122662293289137 1.3575829457472912 0.8429219333623107 -0.05301995242215971 -0.2884070560902417 -0.8317332785863295 0.8987882676384638 -0.4588017365676178
0.3215243020405968 1.362213502605173 0.8375960547198606 -0.04916919773160539 -0.2889504627647575 -0.8320797370635781 0.8983832005789659 -0.45862499630950276
0.3306391132628156 1.3667100700349049 0.8322916732690179 -0.04537524429124627 -0.28945822440605273 -0.8323693990611111 0.89793573127598 -0.4584490507629599
0.3396120279453481 1.3710745265099138 0.8270088952660152 -0.04163770253359754 -0.2899312647835224 -0.8326034349409622 0.8974467737775382 -0.45827389014970726
0.348444484276218 1.3753087844082155 0.821747791176884 -0.037956149161543974 -0.29037050355257055 -0.8327830303320048 0.8969172535165933 -0.4580995049686242
0.35713798603332864 1.37941478493351 0.8165083989262271 -0.03433013011587276 -0.29077685477186527 -0.8329093827875209 0.8963481047306366 -0.4579258859864464
0.3656940954501355 1.383394493391646 0.8112907269185712 -0.030759163355113812 -0.29115122556291023 -0.8329836987013807 0.8957402680819718 -0.4577530242287789
0.37411442656441773 1.3872498948009626 0.8060947568465703 -0.02724274145870292 -0.2914945149019255 -0.8330071904663399 0.8950946884658152 -0.45758091097141684
0.3824006390210024 1.390982989816256 0.8009204462994746 -0.02378033406385014 -0.2918076125346602 -0.8329810738589415 0.8944123129941575 -0.45740953773196286
0.3905544323009829 1.3945957909472904 0.7957677311844852 -0.020371390145898734 -0.2920913980053536 -0.8329065656364353 0.8936940891440404 -0.4572388962617309
0.3985775403515675 1.398090319053878 0.7906365279728552 -0.017015340151397346 -0.29234673979161874 -0.8327848813319982 0.8929409630595838 -0.4570689785379271
0.40647172659219627 1.4014686001005974 0.7855267357818909 -0.013711597992577339 -0.29257449453754647 -0.832617233235361 0.8921538779977355 -0.45689977675609755
0.4142387792739797 1.4047326621551943 0.7804382383033358 -0.010459562911426839 -0.29277550637782135 -0.8324048285467162 0.8913337729083181 -0.4567312833228347
0.42188050717084846 1.4078845326156462 0.775370905587993 -0.0072586212210813406 -0.29295060634610176 -0.8321488676925163 0.8904815811395163 -0.45656349084873266
0.4293987355820634 1.4109262356517367 0.7703245956958442 -0.004108147931805815 -0.29310061186135383 -0.8318505427924515 0.8895982292604815 -0.45639639214158356
0.43679530262692 1.4138597898478142 0.765299156220369 -0.0010075082684239253 -0.2932263262862348 -0.8315110362675457 0.8886846359932324 -0.4562299801998063
0.4440720558136029 1.4166872060341855 0.7602944256952398 0.002043940914345477 -0.2933285385520066 -0.8311315195799173 0.8877417112465062 -0.4560642482060998
0.4512308488651981 1.4194104852953258 0.7553102348910726 0.005046849812557274 -0.29340802284482037 -0.8307131520953241 0.8867703552446596 -0.4558991895213131
0.458273538786869 1.4220316171437803 0.7503464080094506 0.008001874443978537 -0.2934655383485505 -0.830257080060153 0.8857714577451412 -0.4557347976785249
0.4652019831591353 1.4245525778492811 0.7454027637809931 0.010909675503892081 -0.29350182903967464 -0.8297644356850195 0.8847458973384497 -0.4555710663773257
0.47201803764308153 1.4269753289132174 0.740479116473836 0.01377091730067314 -0.2935176235299946 -0.8292363363276265 0.8836945408248672 -0.4554079894782945
0.4787235536841524 1.4293018156791784 0.7355752768184958 0.01658626676634166 -0.2935136349532723 -0.8286738837679771 0.8826182426626071 -0.4552455609976649
0.4853203764019794 1.4315339660708315 0.7306910528547254 0.019356392537570488 -0.2934905608921183 -0.8280781635694625 0.8815178444823449 -0.45508377510217307
0.4918103426544209 1.4336736894489135 0.7258262507056261 0.022081964102891552 -0.2934490833417157 -0.827450244519747 0.8803941746634135 -0.45492262610408163
0.4981952792646993 1.4357228755795974 0.7209806752839557 0.024763651012088793 -0.2933898687071957 -0.8267911781457455 0.8792480479672343 -0.45476210845637327
0.5044770014011707 1.4376833937069577 0.7161541309352648 0.02740212214399954 -0.2933135678316943 -0.8261019982973442 0.878080265223834 -0.45460221674810886
0.5106573110998892 1.4395570917226812 0.7113464220222124 0.029998045029165074 -0.2932208160523272 -0.8253837207948477 0.8768916130675524 -0.4544429456999437
0.5167379959207059 1.441345795426585 0.7065573534541364 0.03255208522397819 -0.29311223328150665 -0.8246373431354496 0.8756828637182945 -0.454284290159797
0.5227208277281961 1.4430513078718812 0.7017867311657027 0.03506490573317024 -0.2929884241112067 -0.8238638442543185 0.8744547748049054 -0.45412624509866895
0.5286075615892266 1.4446754087894902 0.6970343625482186 0.03753716647766406 -0.2928499779379472 -0.823064184336168 0.8732080892274656 -0.4539688056066008
0.5343999347794637 1.4462198540860423 0.6923000568369706 0.03996952380499238 -0.29269746910642647 -0.8222393046734428 0.8719435350555057 -0.45381196688877257
0.5400996658915809 1.4476863754105356 0.6875836254577343 0.04236263003964445 -0.2925314570698784 -0.8213901275674947 0.8706618254593315 -0.45365572426173384
0.5457084540383641 1.449076679784909 0.6828848823354078 0.04471713307085773 -0.2923524865653679 -0.8205175562693585 0.8693636586718293 -0.4535000731497634
0.551227978144315 1.4503924492940856 0.6782036441675304 0.04703367597551633 -0.2921610878023685 -0.8196224749569493 0.8680497179782907 -0.45334500908135283
0.5565496490820756 1.4515503394400922 0.6735841031459187 0.049273278836057297 -0.2919295702542536 -0.8186539483548544 0.8666804360980365 -0.45319052768580986
0.5616781315516375 1.4525541143922431 0.6690245748389937 0.05143758572963982 -0.29165957873605797 -0.8176145601812784 0.8652578217450596 -0.453036624689978
0.566617984077595 1.4534074607001002 0.6645234284871221 0.0535282074556507 -0.2913526997087327 -0.8165068184564713 0.8637838243454328 -0.45288329591506743
0.5713736614886628 1.4541139888060277 0.6600790853209624 0.05554672228642051 -0.29101046328606833 -0.8153331576255929 0.8622603357114416 -0.45273053727359436
0.5759495173371746 1.4546772345305103 0.6556900169315348 0.057494676697226556 -0.2906343451734448 -0.8140959406231492 0.8606891916692547 -0.45257834476642445
0.5803498062600682 1.4551006605306394 0.6513547436904302 0.059373586076269726 -0.2902257685407097 -0.8127974608805931 0.8590721736414106 -0.452426714479917
0.5845786862828164 1.4553876577321625 0.6470718332186212 0.061184935415287384 -0.28978610583141046 -0.8114399442786371 0.857411010185365 -0.45227564258316655
0.5886402210677311 1.4555415467354993 0.6428398989023869 0.06293017998143999 -0.28931668051052933 -0.8100255510457852 0.8557073784893084 -0.4521251253253383
0.5925383821080288 1.4555655791961144 0.6386575984549091 0.0646107459710861 -0.2888187687527986 -0.8085563776045515 0.8539629058264313 -0.4519751590330941
0.5962770508690112 1.4554629391796423 0.6345236325221407 0.0662280311460378 -0.2882936010736032 -0.8070344583667898 0.8521791709687804 -0.45182574010810667
0.5998600208776776 1.4552367444921537 0.6304367433315912 0.06778340545286714 -0.28774236390441044 -0.8054617674795239 0.8503577055618199 -0.45167686502465765
0.6032909997620567 1.4548900479859495 0.6263957133827156 0.06927821162581323 -0.287166201114601 -0.803840220522627 0.8484999954607805 -0.45152853032731805
0.6065736112415065 1.454425838841268 0.6223993641776342 0.07071376577381999 -0.2865662154815121 -0.8021716761596652 0.846607482029847 -0.45138073262870726
0.6097113970692047 1.453847043824283 0.6184465549909482 0.07209135795221491 -0.2859434701104432 -0.8004579377431811 0.8446815634052111 -0.4512334686073284
0.6127078189280157 1.4531565285217722 0.6145361816774557 0.07341225271952104 -0.2852989898063145 -0.7987007548756626 0.8427235957229824 -0.4510867350054772
0.6155662602808941 1.4523570985528305 0.6106671755166081 0.07467768967987644 -0.2846337623986139 -0.7969018249274062 0.8407348943129288 -0.45094052862722217
0.6182900281769522 1.4514515007579958 0.6068385020925846 0.07588888401151822 -0.28394874002120946 -0.7950627945124495 0.8387167348589856 -0.4507948463364533
0.6208823550142917 1.4504424243661571 0.6030491602088941 0.07704702698177182 -0.28324484034855496 -0.7931852609237208 0.8366703545274506 -0.450649685054997
0.6233464002606707 1.4493325021396073 0.5992981808364491 0.07815328644897035 -0.2825229477897617 -0.7912707735285162 0.8345969530637565 -0.45050504176079526
0.6256852521330509 1.4481243114975981 0.5955846260940895 0.07920880735171351 -0.28178391464196206 -0.7893208351253911 0.8324976938586851 -0.4503609134861466
0.6279019292370422 1.446820375618756 0.5919075882605621 0.08021471218586107 -0.28102856220434064 -0.7873369032635179 0.8303737049848688 -0.4502172973160066
0.6299993821672362 1.4454231645227085 0.588266188816997 0.08117210146964132 -0.28025768185416455 -0.7853203915255359 0.8282260802043956 -0.4500741903863464
0.6319804950693957 1.4439350961312691 0.5846595775189465 0.08208205419724196 -0.27947203608609733 -0.7832726707748913 0.8260558799483169 -0.44993158988256654
0.6338480871654419 1.4423585373095273 0.5810869314970847 0.08294562828123724 -0.27867235951603875 -0.7811950703686387 0.8238641322688327 -0.44978949303796506
0.6356049142421563 1.4406958048871785 0.5775474543856909 0.08376386098419288 -0.2778593598506912 -0.7790888793366469 0.8216518337649074 -0.44964789713225717
0.6372536701044931 1.4389491666604353 0.5740403754780692 0.084537769339778 -0.27703371882401223 -0.7769553475281292 0.8194199504820496 -0.44950679949014527
0.6387969879943733 1.4371208423748472 0.5705649489080794 0.08526835056370186 -0.2761960931016741 -0.7747956867263897 0.8171694187869696 -0.4493661974799375
0.6402374419758108 1.4352130046893599 0.5671204528569841 0.08595658245478167 -0.2753471151546133 -0.7726110717326581 0.8149011462178063 -0.44922608851221285
0.6415775482871964 1.4332277801219364 0.5637061887848362 0.08660342378643726 -0.27448739410271633 -0.7704026414198564 0.8126160123106005 -0.4490864700385319
0.6428197666615512 1.4311672499770582 0.5603214806856592 0.08720981468889763 -0.27361751652965327 -0.7681714997571212 0.8103148694026677 -0.4489473395501908
0.6439665016155314 1.4290334512554248 0.5569656743656909 0.0877766770223949 -0.2727380472698359 -0.7659187168058822 0.80799854341351 -0.44880869457701744
0.6450201037079544 1.4268283775461583 0.5536381367439899 0.08830491474161108 -0.27184953016844504 -0.7636453296882753 0.8056678346038868 -0.4486705326862088
0.6459828707685918 1.4245539799018254 0.5503382551747183 0.08879541425163388 -0.2709524888154386 -0.7613523435286487 0.8033235183136479 -0.4485328514812071
0.6468570490979596 1.4222121676965749 0.5470654367904411 0.08924904475566935 -0.27004742725442327 -0.7590407323688982 0.8009663456789151 -0.4483956486006141
0.6476448346388132 1.4198048094676925 0.5438191078657973 0.08966665859474972 -0.2691348306672402 -0.7567114400583494 0.798597044329184 -0.4482589217171423
0.6483483741200416 1.4173337337408647 0.5405987132009256 0.09004909157966746 -0.2682151660350888 -0.7543653811188832 0.7962163190648996 -0.4481226685366014
0.6489697661736347 1.4148007298394456 0.5374037155240353 0.09039716331535784 -0.2672888827769839 -0.7520034415859842 0.793824852516047 -0.44798688679691856
0.6495110624253794 1.4122075486780092 0.5342335949125431 0.09071167751794511 -0.26635641336631455 -0.7496264798263728 0.7914233057822796 -0.44785157426719263
0.6499742685599297 1.409555903540471 0.5310878482322041 0.0909934223246599 -0.26541817392624717 -0.7472353273328608 0.7890123190550992 -0.4477167287467795
0.6503613453608713 1.4068474708430576 0.527965988593692 0.09124317059682838 -0.26447456480469117 -0.7448307894970575 0.7865925122225795 -0.44758234806440844
0.6506742097263929 1.4040838908823974 0.524867544826091 0.09146168021612672 -0.26352597112951975 -0.7424136463605326 0.7841644854571201 -0.44744843007732865
0.6509147356611564 1.4012667685690001 0.5217920609667861 0.09164969437428813 -0.2625727633447162 -0.7399846533450283 0.7817288197866982 -0.44731497267048387
0.6510847552449459 1.3983976741463957 0.5187390957672494 0.09180794185644317 -0.2616152977280931 -0.737544541962294 0.7792860776500745 -0.4471819737557152
0.6511860595786589 1.3954781438961894 0.5157082222142372 0.09193713731826805 -0.26065391689121026 -0.7350940205041055 0.7768368034363999 -0.4470494312709908
0.6512203997081912 1.3925096808292938 0.5126990270659262 0.09203798155710977 -0.25968895026209504 -0.7326337747130105 0.7743815240096511 -0.44691734317966103
0.6511894875267504 1.3894937553635904 0.509711110402534 0.09211116177725122 -0.25872071455135026 -0.7301644684343308 0.7719207492183181 -0.4467857074697393
0.6510949966561216 1.3864318059882714 0.5067440851909801 0.09215735184947416 -0.25774951420221326 -0.7276867442499372 0.7694549723907511 -0.4466545221532062
0.650938563307396 1.3833252399151057 0.5037975768631575 0.09217721256507233 -0.2567756418251116 -0.7252012240942965 0.7669846708165633 -0.446523785265338
0.6507217871216578 1.3801754337168735 0.5008712229074013 0.09217139188446248 -0.25579937861724245 -0.7227085098532792 0.764510306214477 -0.44639349486405644
0.6504462319911155 1.3769837339532058 0.49796467247274845 0.09214052518053568 -0.2548209947676847 -0.7202091839462005 0.7620323251869884 -0.4462636490293016
0.6501134268611485 1.3737514577840653 0.49507758598559937 0.09208523547688705 -0.25384074984853605 -0.7177038098915582 0.7595511596622159 -0.4461342458624248
0.6497248665137321 1.3704798935710958 0.4922096347784004 0.09200613368105717 -0.25285889319254967 -0.7151929328569134 0.7570672273232883 -0.4460052834856021
0.6492820123326875 1.3671703014670709 0.48936050072998144 0.09190381881291462 -0.25187566425773056 -0.7126770801933522 0.7545809320256172 -0.4458767600412677
0.6487862930511967 1.363823913993662 0.48652987591719066 0.09177887822830418 -0.250891292979335 -0.7101567619549527 0.7520926642023901 -0.44574867369156596
0.6482391054820086 1.3604419366077476 0.4837174622774814 0.09163188783808188 -0.24990600010970174 -0.7076324714036692 0.7496028012586122 -0.4456210226178217
0.6476418152307519 1.3570255482564768 0.4809229712821162 0.09146341232265397 -0.24891999754632974 -0.7051046855000372 0.7471117079540127 -0.4454938050200284
0.6469957573927636 1.3535759019213025 0.4781461236196623 0.09127400534213294 -0.2479334886486021 -0.7025738653800871 0.7446197367751255 -0.445367019116353
0.646302237233825 1.3500941251511904 0.47538664888946447 0.0910642097422205 -0.2469466685435436 -0.7000404568188501 0.7421272282968461 -0.445240663142658
0.6455625308551954 1.3465813205852097 0.4726442853047889 0.09083455775592358 -0.24595972442098546 -0.6975048906808228 0.7396345115337548 -0.44511473535203827
0.6447778858433172 1.343038566464709 0.4699187794053426 0.09058557120120656 -0.2449728358184979 -0.6949675833577529 0.7371419042814923 -0.4449892340143746
0.6439495219045605 1.3394669171352724 0.46720988577888023 0.09031776167467909 -0.24398617489644023 -0.6924289371940934 0.7346497134484626 -0.4448641574159011
0.6430786314853659 1.3358674035386526 0.46451736679162076 0.09003163074141647 -0.24299990670346475 -0.6898893409004679 0.7321582353781343 -0.4447395038587871
0.642166380378134 1.3322410336948738 0.4618409923272033 0.08972767012100591 -0.2420141894328009 -0.687349169955476 0.729667756162198 -0.4446152716607333
0.6412139083132016 1.3285887931746894 0.4591805395339207 0.08940636186990952 -0.2410291746696339 -0.6848087869961615 0.7271785519448388 -0.44449145915458105
0.6402223295372379 1.3249116455625822 0.4565357925799763 0.08906817856023212 -0.24004500762988198 -0.6822685421974579 0.7246908892183662 -0.44436806468793444
0.6391927333783842 1.3212105329104877 0.453906542416519 0.08871358345497893 -0.23906182739066628 -0.6797287736409129 0.7222050251104462 -0.44424508662279494
0.6381261847984523 1.3174863761824191 0.45129258654821647 0.08834303067988607 -0.23807976711275677 -0.6771898076729914 0.719721207663166 -0.44412252333520824
0.6370237249324906 1.3137400756901696 0.4486937288111357 0.08795696539190398 -0.23709895425526895 -0.6746519592532431 0.7172396761041613 -0.44400037321492253
0.635886371616018 1.3099725115202638 0.44610977915770655 0.08755582394441164 -0.2361195107828759 -0.6721155322926153 0.7147606611100243 -0.4438786346650582
0.634715119900219 1.3061845439523296 0.443540553448551 0.08714003404923702 -0.23514155336579187 -0.6695808199821854 0.7122843850622115 -0.4437573061017883
0.6335109425553849 1.302377013869054 0.4409858732509656 0.08671001493555726 -0.23416519357277468 -0.6670481051125751 0.7098110622956557 -0.4436363859540294
0.6322747905628812 1.2985507431578864 0.4384455656438546 0.08626617750574941 -0.23319053805738588 -0.6645176603843074 0.7073408993402901 -0.44351587266314263
0.6310075935959123 1.2947065351046534 0.4359194630289135 0.08580892448826118 -0.23221768873773949 -0.6619897487093558 0.704874095155678 -0.44339576468264486
0.6297102604893492 1.2908451747792369 0.4334074029478718 0.08533865058756832 -0.23124674296996256 -0.6594646235041295 0.7024108413589435 -0.4432760604779287
0.6283836796988785 1.2869674294134763 0.43090922790560793 0.0848557426312842 -0.23027779371558274 -0.6569425289741327 0.6999513224461889 -0.44315675852599223
0.6270287197497258 1.2830740487714412 0.42842478519895566 0.08436057971448459 -0.2293109297030513 -0.6544237003905298 0.69749571600758 -0.443037857315177
0.6256462296751989 1.2791657655122266 0.4259539267510262 0.0838535333413091 -0.2283462355836027 -0.6519083643588379 0.695044192936278 -0.44291935534491494
0.6242370394452915 1.2752432955454176 0.4234965089508763 0.08333496756389924 -0.22738379208164483 -0.6493967390799692 0.6925969176313873 -0.4428012511254835
0.6228019603855822 1.2713073383793647 0.42105239249835724 0.08280523911873096 -0.226423676139868 -0.646889034603832 0.6901540481950893 -0.44268354317776837
0.621341785586656 1.267358577462413 0.41862144225398495 0.0822646975603981 -0.22546596105925365 -0.6443854530756999 0.6877157366241218 -0.4425662300330343
0.6198572903042723 1.2633976805172225 0.4162035270936761 0.08171368539290187 -0.22451071663415836 -0.6418861889755487 0.6852821289957645 -0.4424493102327031
0.618349232350497 1.2594252998683166 0.41379851976819937 0.08115253819849941 -0.22355800928264222 -0.6393914293505558 0.6828533656484829 -0.4423327823281389
0.6168183524760107 1.2554420727629916 0.41140629676719725 0.08058158476416356 -0.222607902172205 -0.636901354040954 0.6804295813573806 -0.4422166448804401
0.6152653747437989 1.2514486216857168 0.40902673818763524 0.08000114720570443 -0.22166045534108852 -0.6344161358994236 0.6780109055046054 -0.4421008964602384
0.6136910068944289 1.247445554666157 0.40665972760654323 0.07941154108960155 -0.2207157258152974 -0.6319359410042021 0.6755974622448497 -0.4419855356475041
0.6120959407031076 1.2434334655809391 0.4043051519579149 0.07881307555259491 -0.21977376772148566 -0.6294609288660884 0.6731893706660844 -0.4418705610313573
0.6104808523287143 1.2394129344492921 0.4019629014136362 0.07820605341908109 -0.21883463239585207 -0.6269912526295087 0.6707867449456576 -0.44175597120988574
0.6088464026549957 1.235384527722675 0.39963286926831915 0.07759077131636 -0.21789836848918115 -0.6245270592678128 0.6683896945018902 -0.4416417647899681
0.6071932376241058 1.231348798568519 0.3973149518279178 0.07696751978777637 -0.2169650220681632 -0.6220684897729588 0.6659983241412931 -0.4415279403871027
0.6055219885626694 1.2273062871481955 0.3950090483020111 0.07633658340379898 -0.21603463671312173 -0.6196156793397442 0.6636127342015298 -0.44141449662524224
0.603833272500544 1.223257520889327 0.39271506069963674 0.07569824087107944 -0.2151072536122721 -0.617168757544736 0.6612330206902434 -0.4413014321366332
0.6021276924824499 1.219203014752553 0.3904328937285665 0.07505276513953159 -0.2141829116526314 -0.6147278485200466 0.6588592754198649 -0.4411887455616607
0.6004058378726338 1.2151432714928612 0.3881624546979159 0.07440042350747099 -0.2132616475076952 -0.6122930711221002 0.6564915861385145 -0.441076435548698
0.598668284652729 1.2110787819155928 0.3859036534239842 0.07374147772485368 -0.2123434957219929 -0.6098645390955294 0.6541300366571063 -0.4409645007539608
0.5969155957129694 1.2070100251272273 0.3836564021392236 0.0730761840946516 -0.21142848879263001 -0.6074423612323386 0.6517747069727636 -0.4408529398413662
0.5951483211369112 1.2029374687810517 0.38142061540424066 0.07240479357240184 -0.21051665724792107 -0.6050266415264659 0.6494256733886483 -0.44074175148239597
0.5933669984798143 1.1988615693178157 0.3791962100227346 0.07172755186396568 -0.20960802972321468 -0.6026174793238732 0.647083008630305 -0.4406309343559641
0.5915721530408289 1.1947827722014743 0.37698310495928133 0.07104469952153228 -0.2087026330340075 -0.6002149694682886 0.6447467819586182 -0.4405204871482886
0.5897642981291301 1.1907015121501143 0.37478122125987323 0.07035647203790159 -0.2078004922464413 -0.5978192024427237 0.6424170592794787 -0.44041040855276703
0.5879439353241426 1.186618213362163 0.37259048197512934 0.06966309993907958 -0.20690163074527404 -0.5954302645068845 0.6400939032502501 -0.44030069726985593
