-1.773892520513098 1.9456220565301299 5.4777949712905905 3.9655852475292184 3.8914754672024845 0.39555739423229624
-1.773892520513098 1.9456220565301299 5.4777949712905905 3.9655852475292184 3.8914754672024845 0.39555739423229624
-1.77335281529766 1.9459807399527866 5.478491279215471 3.965965996916267 3.8915319948164213 0.39550228230828216
-1.7722920457280043 1.946683746057166 5.479851894016264 3.9667121670921603 3.891644236974398 0.39539420276753345
-1.7707282763465186 1.9477172031898478 5.481846056037449 3.9678089542902226 3.8918114047051606 0.3952352234061099
-1.7686790129953045 1.9490677123794509 5.48444420016135 3.9692420619250686 3.89203273169618 0.395027338216524
-1.7661612198944217 1.9507223314917093 5.487617910724145 3.970997683544468 3.8923074729370644 0.39477246999966875
-1.763191336196432 1.9526685599254534 5.491339878136008 3.9730624863623287 3.892634903442013 0.39447247288438725
-1.7597852920333827 1.9548943238305445 5.495583857140478 3.97542359535254 3.8930143170472356 0.39412913475794936
-1.7559585240718092 1.9573879618295036 5.500324626650645 3.9780685778841542 3.8934450252794437 0.3937441796105853
-1.751725990590923 1.960138211225221 5.505537951102172 3.9809854288790825 3.8939263562917104 0.3933192697971152
-1.747102186098647 1.963134194677769 5.511200543265389 3.984162556474132 3.894457653863176 0.39285600821860567
-1.7421011554997041 1.9663654073339507 5.517290028461011 3.987588768169881 3.89503827645924 0.3923559404268807
-1.7367365078295678 1.969821704393792 5.523784910126084 3.9912532574494946 3.895667596349034 0.3918205566546154
-1.731021429567598 1.9734932890987689 5.5306645366788265 3.995145590851185 3.8963449987771472 0.3912512937736431
-1.7249686975423413 1.97737070112708 5.537909069633034 3.9992556954786065 3.897069881186691 0.39064953718401413
-1.7185906914415265 1.981444805381824 5.54549945291455 4.00357384693403 3.897841652490956 0.3900166226362549
-1.711899405938913 1.985706781158426 5.5534173833341685 4.0080906576596576 3.898659732391036 0.3893538379891889
-1.704906462449792 1.990148111678156 5.561645282173059 4.012797065673005 3.899523550736924 0.3886624249055981
-1.6976231205265582 1.9947605739750471 5.5701662678384904 4.017684323682706 3.9004325469296957 0.3879435804879228
-1.6900602889054182 1.9995362291239667 5.5789641295492425 4.022743988571657 3.9013861693625493 0.38719845885611937
-1.6824546666730735 2.0044154171299926 5.588016003961245 4.027960990785139 3.902370736845329 0.3864281726697219
-1.6748084772979817 2.0093921705027658 5.59730719039646 4.033327654635312 3.903385889287433 0.38563379459607977
-1.6671238925984633 2.014460744950669 5.606823580388312 4.03883657618033 3.9044312772819394 0.38481635872667447
-1.6594030334107068 2.0196156115901593 5.616551635179982 4.044480614028879 3.9055065613404065 0.3839768619433522
-1.6516479702715743 2.0248514494267247 5.626478364073057 4.050252880458012 3.906611411174299 0.3831162652362414
-1.6438607241144267 2.0301631380978487 5.636591303594213 4.0561467328333825 3.9077455050206455 0.38223549497506576
-1.6360432669763534 2.0355457508687 5.64687849744883 4.0621557653213936 3.9089085290096195 0.3813354441354982
-1.6281975227152041 2.0409945478716134 5.657328477231658 4.0682738008831265 3.910100176571854 0.3804169734821475
-1.62032536773498 2.0465049695807376 5.66793024386577 4.07449488354029 3.9113201478833997 0.37948091270970963
-1.612428631718203 2.0520726305135484 5.678673249742143 4.0808132709037785 3.91256814934635 0.3785280615437634
-1.6045090983639656 2.057693313151213 5.689547381533275 4.087223426955733 3.9138438931032224 0.37755919080263745
-1.596568506130453 2.0633629620700873 5.700542943655271 4.093720015076362 3.9151470965832957 0.3765750434217246
-1.5886085489807882 2.069077678276903 5.711650642353769 4.100297891307048 3.9164774820792 0.37557633544157204
-1.5806308771311453 2.07483371374047 5.722861570390084 4.106952097841604 3.917834776352104 0.37456375696102745
-1.5726370978001314 2.080627466112974 5.734167192304772 4.113677856737777 3.9192187102639497 0.37353797305667674
-1.5646287759585005 2.0864554736342025 5.745559330236771 4.120470563841451 3.9206290184352612 0.37249962466976566
-1.5566074350783254 2.092314410212265 5.75703015027702 4.127325782916183 3.922065438927106 0.37144932946175463
-1.5485745578808277 2.098201080674613 5.768572149336361 4.134239239971037 3.9235277129458686 0.3703876826396158
-1.5405315870820995 2.1041124161833764 5.780178142508208 4.141206817779867 3.925015584569571 0.3693152577519425
-1.5324799261360122 2.110045469809252 5.791841250907273 4.1482245505855095 3.926528800494511 0.368232607456903
-1.5244209399736675 2.1159974122583955 5.803554889966331 4.155288618982494 3.9280671098010744 0.36714026426303353
-1.516355955738772 2.1219655277469447 5.815312758173692 4.162395344972184 3.9296302637376237 0.3660387412438323
-1.5082862635183862 2.1279472100180126 5.827108826234714 4.16954118718441 3.9312180155214147 0.36492853272707876
-1.5002131170685158 2.13393995849617 5.838937326641317 4.176722736259907 3.932830120155554 0.36381011495977417
-1.4921377345340843 2.139941374574604 5.850792743634091 4.183936710388055 3.934466334261056 0.36268394674956345
-1.4840612991628235 2.1459491580303247 5.862669803542155 4.191179950994594 3.9361264159231055 0.36155047008347113
-1.4759849600126995 2.1519611035629462 5.874563465486486 4.198449418574203 3.937810124550672 0.360410110724753
-1.4679098326524884 2.157975097452734 5.886468912433024 4.205742188662997 3.939517220748675 0.359263278788637
-1.459836999855178 2.1639891143337597 5.898381542582312 4.213055447946153 3.941247466201933 0.358110369297701
-1.4517675122838676 2.170001214078157 5.910296961082999 4.220386490496077 3.943000623570168 0.3569517627176055
-1.4437023891699128 2.1760095387876044 5.9222109720569724 4.22773271413665 3.94477645639338 0.35578782547387794
-1.4356426189830391 2.1820123098883144 5.9341195709243735 4.235091616929262 3.9465747290069335 0.3546189104504173
-1.4275891600932211 2.1880078253259256 5.9460189370171825 4.242460793776507 3.9483952064657415 0.3534453574703655
-1.4195429414241052 2.193994456856827 5.957905426470509 4.2498379331395135 3.9502376544769553 0.3522674937599692
-1.4115048630978166 2.199970647432569 5.969775565381108 4.257220813865075 3.952101839340606 0.35108563439603424
-1.4034757970709753 2.2059349086741338 5.981626043223073 4.264607302118842 3.95398752789767 0.34990008273755124
-1.3954565877618026 2.2118858184329477 5.993453706511 4.271995348420973 3.955894487485058 0.34871113084205346
-1.3874480526681823 2.217822018435631 6.005255552701335 4.2793829847807965 3.9578224858970543 0.3475190598672457
-1.3794509829765924 2.223742212009586 6.017028724322918 4.286768321927092 3.959771291352766 0.3463241404584263
-1.37146614416181 2.2296451618866326 6.0287705033281025 4.2941495466308 3.9617406724691424 0.3451266331222033
-1.3634942765773386 2.235529688081983 6.040478305656181 4.301524919117 3.9637303982391896 0.3439267885869901
-1.355536096036491 2.2413946658459634 6.052149676001088 4.308892770563155 3.9657402380149724 0.34272484815074783
-1.347592294384096 2.247239023685964 6.0637822827757555 4.316251500680713 3.9677699614950717 0.34152104401642563
-1.3396635400588037 2.253061741456199 6.075373913265688 4.3235995753772505 3.969819338716143 0.34031559961553337
-1.3317504786459753 2.258861848512935 6.086922468964676 4.330935524496434 3.971888140048266 0.3391087299202671
-1.3238537334211555 2.2646384219329367 6.098425961085799 4.338257939633195 3.9739761361937784 0.3379006417445911
-1.3159739058841358 2.270390584792948 6.109882506241132 4.3455654720215735 3.976083098189315 0.3366915340346683
-1.3081115762836313 2.2761175045081155 6.121290322283841 4.352856830492793 3.9782087974107814 0.3354815981490138
-1.3002673041325905 2.2818183912273162 6.132647724306556 4.360130779501198 3.980353005581011 0.3342710181287373
-1.292441628714187 2.2874924962834493 6.143953120790178 4.36738613721579 3.9825154947798675 0.33305997095822265
-1.2846350695785258 2.293139110696791 6.155205009897459 4.374621773675143 3.9846960374565703 0.3318486268165841
-1.2768481270301248 2.2987575637295996 6.16640197590596 4.381836609003585 3.986894406444028 0.33063714932022453
-1.2690812826062245 2.304347221490209 6.177542685775119 4.38902961168659 3.9891103749749908 0.3294256957568109
-1.2613349995459973 2.309907485584917 6.188625885842454 4.396199796903387 3.991343716699827 0.32821441731097023
-1.2536097232507215 2.3154377918160263 6.1996503986440255 4.403346224914893 3.9935942057057545 0.3270034592819986
-1.2459058817349953 2.3209376089244684 6.210615119854536 4.410467999505099 3.995861616537361 0.32579296129386576
-1.2382238860690857 2.3264064373754723 6.221519015342558 4.417564266474132 3.998145724218261 0.32458305749778804
-1.230564130812478 2.3318438081858175 6.232361118336624 4.424634212181269 4.000446304273745 0.3233738767676322
-1.2229269944387329 2.337249281791243 6.243140526697979 4.43167706213623 4.002763132754287 0.32216554288840293
-1.2153128397517325 2.342622446952644 6.25385640029606 4.4386920796371445 4.00509598625978 0.32095817473806015
-1.2077220142934246 2.3479629196997345 6.26450795848282 4.445678564453637 4.007444641964392 0.3197518864629005
-1.2001548507431514 2.35327034231089 6.275094477662231 4.452635851553525 4.009808877641921 0.3185467876467315
-1.1926116673086784 2.3585443823279504 6.285615288951385 4.459563309871681 4.012188471691555 0.3173429834740573
-1.1850927681090235 2.363784731604778 6.296069775929798 4.466460341119655 4.014583203163932 0.3161405748874886
-1.1775984435491877 2.3689911053884285 6.306457372473593 4.473326378634701 4.016992851787432 0.31493965873957946
-1.17012897068691 2.3741632414318286 6.316777560671424 4.4801608862669084 4.0194171979945885 0.31374032793928996
-1.162684613591546 2.379300899136876 6.3270298688190625 4.486963357303156 4.021856022948572 0.3125426715932632
-1.1552656236951901 2.3844038587269436 6.337213869489732 4.493733313426689 4.024309108569647 0.31134677514210096
-1.147872240136147 2.3894719204477775 6.347329177677343 4.500470303711114 4.026776237561574 0.3101527204918145
-1.1405046900948794 2.394504903795827 6.3573754490099414 4.507173903647699 4.02925719343785 0.308960586140621
-1.133163189122532 2.3995026467730796 6.367352378030705 4.513843714204848 4.031751760547772 0.30777044730125047
-1.1258479414621645 2.4044650051674967 6.377259696544027 4.520479360918708 4.034259724102248 0.30658237601892196
-1.1185591403627946 2.409391851858187 6.387097172024208 4.527080493013874 4.036780870199323 0.3053964412851419
-1.1112969683863798 2.4142830761444722 6.396864606084451 4.533646782553176 4.039314985849364 0.3042127091474721
-1.104061597707847 2.419138583098047 6.406561833003915 4.540177923615629 4.041861858999878 0.3030312428154114
-1.0968531904082934 2.4239582929374377 6.416188718310648 4.5466736315015766 4.044421278559919 0.30185210276252594
-1.0896718987614675 2.428742140424017 6.4257451574183335 4.553133641964154 4.0469930344240455 0.300675346824963
-1.0825178655136578 2.4334900742788377 6.435231074314834 4.559557710466198 4.049576917495823 0.29950103029647523
-1.0753912241570935 2.4382020566195868 6.444646420300614 4.565945611461759 4.052172719710823 0.2983292060200785
-1.0682920991969826 2.442878062416975 6.453991172775185 4.572297137701421 4.054780234059093 0.2971599244764628
-1.0612206064122947 2.447518078969913 6.463265334069767 4.578612099560622 4.057399254607104 0.29599323386927145
-1.0541768531104156 2.4521221053988276 6.472468930324483 4.584890324390242 4.060029576519121 0.29482918020735804
-1.0471609383757658 2.4566901521565203 6.481602010408389 4.591131655888718 4.06267099607802 0.2936678073841297
-1.0401729533125228 2.4612222405559647 6.490664644880782 4.597335953494965 4.065323310705489 0.2925091572540778
-1.0332129812815367 2.465718402314476 6.499656924992216 4.603503091801448 4.067986318981656 0.2913532697065977
-1.026281098131562 2.470178679113703 6.508578961723784 4.609632959986721 4.070659820664087 0.29020018273719195
-1.0193773724249149 2.474603122174904 6.51743088486322 4.615725461266799 4.073343616706181 0.28904993251614897
-1.0125018656576619 2.4789917918489994 6.526212842116456 4.621780512364756 4.076037509274923 0.2879025534547889
-1.0056546324744464 2.4833447572208884 6.534924998253327 4.627798042997937 4.078741301768029 0.28675807826935973
-0.9988357208780703 2.4876620957275737 6.543567534286137 4.633777995382218 4.0814547988304355 0.28561653804266907
-0.9920451724339201 2.491943892789601 6.552140646679876 4.639720323752754 4.084177806370171 0.2844779622835306
-0.985283022469357 2.496190241455391 6.560644546592922 4.645624993900671 4.086910131573582 0.2833423789841022
-0.978549300268162 2.5004012420580137 6.569079459147062 4.651491982725183 4.089651582919927 0.28220981467519146
-0.9718440292601516 2.5045770018839897 6.577445622725783 4.657321277800636 4.09240197019534 0.28108029447959926
-0.9651672272060474 2.5087176348537215 6.585743288299746 4.663112876957978 4.095161104506147 0.2799538421635718
-0.9585189063777135 2.512823261213155 6.593972718778464 4.668866787880196 4.097928798291571 0.27883048018642675
-0.9518990737338524 2.5168940072362966 6.602134188387188 4.674583027711263 4.100704865335808 0.2777102297484204
-0.9453077310912561 2.5209300049382235 6.610227982068068 4.68026162267814 4.1034891207794715 0.2765931108369142
-0.93874487529171 2.5249313917982343 6.618254394904705 4.68590260772543 4.106281381130442 0.2754791422709052
-0.932210498364638 2.5288983104927927 6.626213731569197 4.691506026162254 4.109081464274089 0.2743683417439754
-0.9257045876855892 2.532830908637947 6.634106305790864 4.697071929320954 4.111889189482907 0.2732607258657159
-1.0414008393773293 2.5069133768606395 6.74069762386768 5.376555957264834 3.9213404370110037 0.23924406767320627
-1.0348378338806752 2.5108658462954767 6.747953913189839 5.383355574935157 3.923739524113069 0.23809700945064938
-1.0283035323680934 2.5147834919658854 6.7551453958857035 5.390109202868748 3.9261476133026396 0.23695331403301478
-1.0217979050799846 2.5186664858657792 6.76227242947807 5.396816988731143 3.9285645158491524 0.23581299460671146
-1.0153209183103495 2.5225150037631288 6.76933537771218 5.40347908686658 3.9309900443540617 0.23467606342284686
-1.0088725345428906 2.526329224990816 6.776334610153821 5.410095657972734 3.9334240127723685 0.23354253183196305
-1.0024527125835379 2.530109332245053 6.783270501803562 5.4166668687873845 3.9358662364327426 0.232412410317537
-0.9960614076894823 2.533855511391123 6.790143432726464 5.423192891786611 3.938316532056289 0.23128570852829178
-0.9896985716947904 2.5375679512761806 6.796953787696748 5.429673904894103 3.940774717774004 0.2301624353093591
-0.9833641531326838 2.5412468435488904 6.803701955856825 5.436110091201192 3.9432406131429776 0.22904259873233357
-0.9770580973545533 2.5448923824856595 6.810388330390164 5.44250163869723 3.945714039161375 0.22792620612425984
-0.970780346645792 2.548504764823243 6.8170133082074855 5.448848740009952 3.9481948182822606 0.22681326409558777
-0.9645308403385124 2.552084189597516 6.823577289645784 5.455151592155467 3.950682774426279 0.22570377856713375
-0.9583095149212237 2.5556308579881915 6.830080678179677 5.461410396297537 3.9531777329932725 0.22459775479608313
-0.9521163041455418 2.5591449731692935 6.836523880144661 5.4676253575158285 3.955679520872838 0.22349519740106805
-0.94595113913 2.5626267401651814 6.842907304471803 5.473796684582808 3.9581879664538913 0.22239611038635154
-0.9398139484610244 2.5660763657119503 6.849231362433429 5.4799245897489754 3.9607028996332603 0.221300497165152
-0.933704658291151 2.5694940581240098 6.855496467399435 5.486009288536164 3.963224151823353 0.2202083605821369
-0.9276231924345417 2.572880027165679 6.8617030346037895 5.492050999538591 3.9657515559589265 0.21911970293511573
-0.9215694724598653 2.5762344839276223 6.867851480920862 5.498049944231413 3.9682849465030063 0.2180345259959593
-0.9155434177806097 2.579557640707964 6.873942224651204 5.504006346786511 3.970824159451971 0.21695283103077556
-0.9095449457428817 2.5828497108979196 6.879975685316437 5.509920433895246 3.973369032339853 0.21587461881936487
-0.903573971710764 2.586110908871796 6.885952283462888 5.515792434597947 3.97591940424187 0.21479988967398245
-0.8976304091492748 2.5893414498812097 6.891872440473663 5.5216225801199 3.978475115777234 0.21372864345743203
-0.8917141697050006 2.5925415499533786 6.897736578388836 5.527411103713594 3.9810360091112518 0.21266087960051372
-0.8858251632844576 2.5957114257933522 6.903545119733436 5.533158240507011 3.9836019279567574 0.21159659711884993
-0.8799632981302246 2.598851294690049 6.909298487352961 5.538864227357757 3.9861727175748953 0.21053579462911076
-0.8741284808949246 2.601961374425958 6.914997104256119 5.54452930271281 3.988748224775289 0.20947847036465983
-0.8683206167130804 2.6050418831904025 6.920641393464521 5.550153706473704 3.9913282979156124 0.20842462219064184
-0.8625396092709234 2.608093039496223 6.926231777869084 5.555737679866942 3.9939127869006 0.2073742476185314
-0.8567853608741922 2.611115062099776 6.931768680092873 5.561281465319475 3.996501543180503 0.20632734382016138
-0.8510577725139661 2.6141081699241324 6.937252522360139 5.566785306339039 3.9990944197490332 0.2052839076412507
-0.8453567439305978 2.6170725819853677 6.942683726371331 5.57224944739921 4.001691271140809 0.20424393561444731
-0.8396821736757816 2.62000851732183 6.948062713183842 5.577674133828993 4.004291953428317 0.20320742397190605
-0.8340339591728068 2.622916194926304 6.953389903098283 5.583059611706779 4.006896324218431 0.20217436865741478
-0.8284119967750443 2.625795833680945 6.958665715550067 5.5884061277585335 4.009504242648486 0.20114476533808823
-0.8228161818227058 2.628647652294914 6.9638905690061055 5.593713929260064 4.012115569381937 0.20011860941564164
-0.8172464086979252 2.6314718692446055 6.969064880866422 5.598983263943204 4.014730166603634 0.1990958960372612
-0.8117025708782029 2.6342687027163816 6.974189067370494 5.604214379905796 4.017347898014708 0.1980766201060844
-0.8061845609882505 2.6370383705517337 6.979263543508145 5.609407525525334 4.0199686288270975 0.19706077629130536
-0.8006922708502877 2.63978109019478 6.98428872293481 5.614562949376133 4.02259222575774 0.19604835903791695
-0.7952255915328132 2.6424970786420214 6.98926501789102 5.619680900149888 4.025218557022431 0.1950393625761031
-0.7897844133979106 2.645186552394284 6.99419283912591 5.624761626579546 4.027847492329374 0.19403378093029455
-0.7843686261471072 2.6478497274107573 6.999072595824643 5.629805377366312 4.030478902872443 0.1930316079278983
-0.7789781188658393 2.6504868190650797 7.003904695539564 5.634812401109727 4.033112661324151 0.19203283720771447
-0.7736127800665464 2.6530980421033727 7.00868954412495 5.639782946240696 4.03574864182837 0.19103746222804918
-0.7682724977304405 2.6556836106041812 7.013427545675222 5.644717260957336 4.0383867199927845 0.19004547627453605
-0.7629571593479785 2.6582437379402393 7.0181191024664855 5.64961559316359 4.041026772881125 0.18905687246767633
-0.7576666519580773 2.6607786367419983 7.022764614901259 5.654478190410468 4.0436686790051555 0.1880716437701062
-0.7524008621860965 2.6632885188628688 7.027364481456285 5.659305299839841 4.046312318316463 0.1870897829936038
-0.7471596762806305 2.6657735953460975 7.031919098633284 5.664097168130693 4.0489575721980495 0.18611128280584177
-0.7419429801491342 2.6682340763932415 7.036428860912551 5.668854041447748 4.0516043234557175 0.18513613573689702
-0.7367506593924151 2.6706701713341667 7.040894160709277 5.673576165392373 4.0542524563093005 0.1841643341855248
-0.7315825993380272 2.6730820885985316 7.045315388332499 5.6782637849557 4.056901856383708 0.18319587042520635
-0.7264386850725844 2.6754700356886936 7.049692931946547 5.682917144473854 4.059552410699825 0.18223073660997724
-0.7213188014730343 2.6778342191539948 7.05402717753493 5.687536487585252 4.062204007665267 0.18126892478004542
-0.7162228332369125 2.6801748445663742 7.058318508866533 5.692122057189857 4.064856537064983 0.18031042686720455
-0.7111506649116066 2.6824921164972624 7.062567307464043 5.696674095410355 4.067509890051758 0.17935523470005232
-0.7061021809226604 2.6847862384957133 7.066773952574527 5.70119284355516 4.070163959136563 0.17840334000901836
-0.701077265601135 2.6870574130677247 7.070938821142056 5.705678542083183 4.072818638178831 0.17745473443120952
-0.6960758032100638 2.6893058416567124 7.075062287782306 5.7101314305703195 4.075473822376601 0.17650940951507987
-0.691097677970018 2.691531724625091 7.079144724759061 5.714551747677579 4.078129408256593 0.17556735672492962
-0.6861427740838071 2.6937352612369247 7.083186501962526 5.718939731120793 4.080785293664176 0.1746285674452409
-0.6812109757603411 2.6959166496416085 7.087187986889386 5.723295617641856 4.0834413777532825 0.17369303298485472
-0.6763021672376768 2.698076086858544 7.09114954462455 5.727619642981445 4.0860975609762225 0.17276074458099622
-0.6714162328052717 2.7002137687627714 7.095071537824486 5.7319120418531435 4.088753745073458 0.17183169340315196
-0.6665530568254567 2.7023298900715296 7.098954326702112 5.736173047918944 4.091409833063308 0.17090587055680617
-0.6617125237541686 2.704424644331698 7.102798269013155 5.7404028937660705 4.094065729231605 0.1699832670870397
-0.6566582198456619 2.706555963753543 7.1066154147882825 5.744607869971856 4.096744272749968 0.16906387398199674
-0.6513984784986966 2.7087223957499096 7.110405693084369 5.748787966964845 4.099444864833767 0.1681476821762249
-0.6459413493717383 2.710922526977236 7.11416904267894 5.752943181147337 4.102166915148345 0.16723468255389184
-0.6402946080437015 2.713154982369992 7.117905411744537 5.757073514698557 4.1049098418095635 0.1663248659518839
-0.6344657653419361 2.7154184241976695 7.121614757531633 5.761178975382501 4.107673071377574 0.16541822316278998
-0.6284620763490216 2.717711551143841 7.1252970460599325 5.7652595763603784 4.110456038844205 0.1645147449377763
-0.6222905490995734 2.7200330974067826 7.128952251817837 5.769315336007587 4.1132581876143375 0.1636144219893536
-0.6159579529778152 2.7223818318212016 7.132580357469939 5.773346277735128 4.116078969481647 0.1627172449940425
-0.6094708268263505 2.7247565570005934 7.136181353572341 5.777352429815416 4.118917844599031 0.16182320459494037
-0.6028354867761543 2.727156108499768 7.139755238295631 5.781333825212368 4.121774281444072 0.16093229140419196
-0.5933544951156362 2.730239967704876 7.143435819183561 5.785359824701374 4.124910145245702 0.16004449600536907
-0.5811353639425589 2.733987016104464 7.147218015368537 5.789427597808382 4.128318655662413 0.15915980895576054
-0.5662819137930204 2.738376678971117 7.151096904642456 5.793534406332547 4.131993140041887 0.15827822078857756
-0.548894400899588 2.7433889119089283 7.155067719114056 5.797677601888571 4.13592703302696 0.15739972201507602
-0.5290696400069237 2.749004187727948 7.159125840973718 5.801854623503127 4.140113876092565 0.15652430312659937
-0.5069011229016427 2.755203483637828 7.163266798363457 5.806062995264608 4.144547317018066 0.15565195459654513
-0.4824791328075744 2.761968268753055 7.167486261349912 5.8103003240254445 4.149221109299249 0.1547826668822564
-0.45589085479221714 2.7692804919023555 7.171780037998117 5.814564297156199 4.154129111503984 0.15391643042684355
-0.42722048232500276 2.777122569735 7.176144070543895 5.818852680350654 4.159265286575428 0.15305323566093532
-0.39654932012298083 2.785477375116923 7.180574431662743 5.8231633154811036 4.164623701086416 0.15219307300436513
-0.3639558834147172 2.7943282258097293 7.185067320833099 5.827494118503038 4.170198524448563 0.15133593286779223
-0.32357274813177295 2.804459285153314 7.18992469283465 5.832292105914229 4.1763217371711665 0.15048154003980518
-0.27612089536096285 2.815757148923937 7.195102962706628 5.8375073294028965 4.182949612861369 0.1496298956733061
-0.22227051242594387 2.8281159882833204 7.2005619281513376 5.84309361565926 4.190041121710079 0.1487810005299438
-0.16264431883132202 2.841437071512188 7.206264536604337 5.84900830922107 4.197557769157223 0.14793485499519465
-0.0978206796432497 2.8556283156714697 7.212176667613122 5.855212032118308 4.205463444326398 0.14709145909290589
-0.028336519776705593 2.8706038663154967 7.218266929538743 5.861668459239752 4.213724277627947 0.1462508124993207
0.04530994819143075 2.8862837034993682 7.224506469657662 5.868344108412586 4.222308506966874 0.14541291455660288
0.12265667086169962 2.90259327243313 7.230868796799953 5.8752081442503865 4.231186352027013 0.1445777642858792
0.20327536442898264 2.9194631372388873 7.237329615715085 5.882232194884947 4.240329896135801 0.143745360399816
0.28600872266086963 2.936634458149225 7.243811344956588 5.889383009534637 4.249673468610315 0.14291656523129936
0.3705363701885611 2.9540622316117693 7.250299034923119 5.896636212040471 4.259195381048228 0.1420913419966321
0.4565634959039988 2.9717047295240677 7.256779074395703 5.903969467532011 4.26887536869671 0.141269654893871
0.5438190552171269 2.989523283234317 7.263239093290183 5.911362336307072 4.278694501684698 0.14045146906921535
0.6320540939129189 3.007482081628729 7.269667872063588 5.918796137657843 4.288635101872128 0.13963675058458025
0.7210401854914557 3.025547982382398 7.276055257328256 5.926253822978219 4.298680664953546 0.13882546638631355
0.8105679744136354 3.043690335511323 7.282392083257255 5.933719857531394 4.308815787477243 0.13801758427501543
0.9004458181785773 3.061880818420054 7.288670098392355 5.941180110298007 4.319026098463191 0.1372130728764226
0.9904985216288902 3.0800932816924607 7.294881897491727 5.948621751363692 4.329298195323777 0.13641190161331762
1.0805661573188943 3.0983036049226493 7.301020858078679 5.956033156340854 4.339619583810634 0.13561404067842964
1.170502966190674 3.1164895619293427 7.3070810813753155 5.963403817353106 4.349978621728978 0.1348194610082888
1.2601763331854656 3.1346306947402187 7.3130573373261125 5.970724260142153 4.3603644661776695 0.13402813425800253
1.3494658327750964 3.1527081957730783 7.3189450134359815 5.977985966886212 4.370767024089026 0.13324003277692087
1.4382623397317302 3.1707047976783924 7.324740067165843 5.985181304346374 4.381176905857126 0.13245512958515737
1.5264672007655582 3.188604670342982 7.33043898164582 5.992303456982878 4.391585381857087 0.13167339835093939
1.6140139572000978 3.2063844927899394 7.336110110073185 5.999457604988415 4.401973532595479 0.1308943223721556
1.7008194361024573 3.2240309170716763 7.341747617989514 6.006630939287825 4.412331039552692 0.13011789630692594
1.7868091036271112 3.241531769287014 7.347346198442457 6.013811785466782 4.422648480521211 0.1293441146884634
1.8719164129138954 3.2588759704272228 7.352901034822832 6.020989520944546 4.4329172666065775 0.12857297193060246
1.9560821974007 3.2760534623824222 7.3584077661914495 6.028154497841047 4.4431295834618005 0.12780446233312925
2.0533333975766856 3.0193879532562713 7.258768773590861 6.406538975085742 4.145668910641685 0.11694753753071674
2.1348502649322443 3.0368367869310937 7.263354962514573 6.4070890377764975 4.158836467075592 0.11617071923340416
2.2152964775365493 3.0541004815018544 7.267898662816214 6.407675896251055 4.17191511121015 0.11539656281873145
2.294637308647659 3.071170408898527 7.2723979588671295 6.408297469388662 4.184894661855594 0.1146250620713617
2.3728429249465828 3.0880388492559936 7.2768511295746485 6.408951804657074 4.1977659656198 0.1138562106842016
2.4498879972437497 3.104698927003928 7.2812566350775985 6.40963706987055 4.210520821137286 0.11309000226274979
2.5257513387197976 3.1211445511855223 7.285613104302807 6.410351545477765 4.223151908487339 0.11232643032928746
2.6004155688225796 3.137370359726355 7.28991932332672 6.411093617345395 4.235652723452919 0.1115654883269177
2.673866801068801 3.153371667393201 7.294174224489918 6.411861770005342 4.248017516295276 0.11080716962345705
2.746094353116767 3.1691444171997745 7.29837687621575 6.412654580335689 4.260241234740956 0.11005146751518624
2.817090477586837 3.1846851350325283 7.30252647348752 6.4134707116473955 4.272319470898125 0.10929837523046426
2.886850112208927 3.199990887284618 7.306622328941577 6.4143089081505895 4.284248411838055 0.10854788593321085
2.9553706479722464 3.2150592413001773 7.3106638645365525 6.4151679897759735 4.296024793595267 0.10779999272626162
3.0226517140418667 3.2298882284441284 7.314650603761488 6.416046847328493 4.3076458583563255 0.10705468865460177
3.088694978290122 3.244476309624969 7.318582164348113 6.41694443795189 4.319109314622612 0.10631196670848042
3.1535039623686636 3.258822343109385 7.322458251454741 6.417859780884122 4.330413300146777 0.10557181982641173
3.2170838703195668 3.272925554478179 7.326278651291414 6.418791953484982 4.3415563474559615 0.10483424089806603
3.279441429791608 3.286785508582953 7.330043225157899 6.4197400875184005 4.35253735178736 0.10409922276705497
3.3405847449909762 3.3004020833722514 7.333751903867974 6.420703365673097 4.363355541273357 0.10336675823361408
3.4005231605546333 3.3137754454645267 7.337404682535169 6.421681018306274 4.374010449224376 0.10263684005718687
3.4593636311074345 3.326917213573318 7.340916715898946 6.422583277336268 4.3845481531292325 0.10190941075461724
3.5171094013212563 3.339827473743961 7.344292794637701 6.423413914542673 4.394965681577787 0.10118446498237477
3.573765171029664 3.3525065956330424 7.347537525567045 6.4241765010876 4.405260432045099 0.10046199729285021
3.629336959141166 3.364955209120916 7.350655340076859 6.4248744192441976 4.415430144677659 0.09974200213907614
3.6838319774877792 3.377174182518922 7.353650502121063 6.425510873398334 4.425472877786867 0.0990244738792746
3.7372585139307715 3.389164602266451 7.356527115786106 6.426088900369797 4.435386984939786 0.098309406781243
3.7896258240907033 3.400927754019855 7.359289132462452 6.426611379096391 4.44517109354426 0.09759679502657892
3.8409440311111633 3.4124651050416213 7.361940357642003 6.427081039721497 4.454824084832216 0.09688663271475362
3.8912240329050656 3.4237782878042307 7.36448445736289 6.4275004721230395 4.46434507515114 0.09617891386703625
3.9404774163692347 3.434869084728724 7.36692496432182 6.427872133919346 4.473733398479562 0.09547363243027707
3.9887099456684174 3.44575076159688 7.369288761836211 6.428212615609867 4.4829976691192055 0.09477076201632884
4.035935024985557 3.456425065711383 7.3715776673427165 6.428523209101485 4.492137860494757 0.09407029726759697
4.082166476623883 3.4668938521598136 7.37379347815617 6.428805172744463 4.501154090042262 0.09337223273256001
4.127418481968299 3.4771590731190445 7.375937969824699 6.429059731453721 4.510046607660023 0.09267656287009596
4.17170552710787 3.487222767910639 7.378012894684015 6.42928807689444 4.518815784931076 0.09198328205365325
4.215042352792656 3.4970870537574648 7.380019980594877 6.429491367725415 4.5274621050672845 0.09129238457526945
4.257443908420234 3.5067541171949905 7.381960929848824 6.429670729894074 4.535986153528279 0.09060386464944448
4.2989253097678395 3.5162262060938425 7.383837418228401 6.4298272569775055 4.544388609271546 0.08991771641687452
4.339501800205321 3.525505622253009 7.385651094209059 6.429962010564363 4.552670236592778 0.08923393394804824
4.379188715142005 3.534594714525776 7.387403578290867 6.430076020672849 4.560831877518273 0.0885525112467147
4.418001449477366 3.543495872442975 7.389096462449035 6.430170286200404 4.568874444713598 0.0878734422532238
4.436746534919225 3.97866694794506 7.184844443675936 6.97376332923743 4.962285574778767 0.10213780197551325
4.473085542236231 3.9874219439582377 7.187380466842017 6.976364004293919 4.97055878095173 0.10147878820397993
4.5086135721105 3.9959806441881813 7.1898378356415025 6.978884905647524 4.978697982963665 0.10082205640382713
4.543345677984162 4.004345890810624 7.192218300936226 6.9813279560543045 4.986704723231501 0.10016760043598927
4.576376754010184 4.010602050794298 7.183184010546329 6.97355930190675 4.999610638869429 0.09951541411406817
4.60785391157536 4.014910396214859 7.163747264280269 6.956480345991018 5.01698840043242 0.09886549120694432
4.637911237926705 4.017422458490463 7.1348549144691615 6.930934423313406 5.03843707113471 0.09821782544129365
4.666670849572393 4.01828056154826 7.097392013767991 6.897710031640182 5.063580730777154 0.09757241050401111
4.69424386663732 4.017618326885262 7.052185278156427 6.85754389822642 5.092067162591878 0.09692924004454473
4.720731313811617 4.015561152012676 7.000006373857779 6.81112389050409 5.123566600516031 0.09628830767714591
4.746224953141029 4.012226663690766 6.941575036505581 6.7590917781482815 5.157770534483805 0.09564960698303404
4.770808053545101 4.007725147284105 6.877562030514952 6.70204585360468 5.194390571402336 0.09501313151248358
4.794556101610727 4.0021599534943455 6.80859195625953 6.640543417840426 5.233157349552324 0.09437887478683316
4.817537457893122 3.9956278836591705 6.735245912313735 6.5751031377734845 5.273819504228319 0.0937468303004203
4.839813962662269 3.988219554741433 6.65806401969367 6.506207281542359 5.316142682506364 0.09311699152244457
4.861441494758826 3.9800197450717647 6.577547814717697 6.434303837497442 5.359908605098097 0.09248935189876195
4.910242987784281 3.4165972254101473 6.717596373626909 5.955232825009962 5.001769663432885 0.07668326728640507
4.931045201559217 3.3920771878694636 6.634489466548655 5.897322114830143 5.0461950839389145 0.0760454736470828
4.95156260183011 3.366813221990782 6.5492622307874555 5.837912020169993 5.091908668446411 0.07540992921107381
4.971792673653258 3.340913675595991 6.462272137541968 5.777250763041251 5.1387109961826045 0.0747766264121138
4.991733504862739 3.314479402466005 6.373850249794912 5.715568413888423 5.1864171322902175 0.07414555769639397
5.011383732457035 3.287604170578417 6.284302754048733 5.653077934359534 5.234855791817253 0.07351671552302486
5.030742493289495 3.2603750512641487 6.193912414997911 5.589976168131198 5.28386854583919 0.07289009236448041
5.0498093787303 3.2328727900555636 6.102939956595572 5.526444782093263 5.333309067806472 0.07226568070702322
5.068584392992317 3.205172159972797 6.011625372834026 5.462651160107502 5.383042418287848 0.07164347305111207
5.086499889902017 3.1772384898410735 5.92019625968113 5.3987783511116785 5.432850277903505 0.07102346191179065
5.103580420591085 3.149139355412835 5.828854566884997 5.334966499216418 5.482621911850108 0.07040563981906123
5.119849891179968 3.1209371925459832 5.737785071275576 5.27134393396236 5.532255915890477 0.06978999931824015
5.135331576421482 3.0926895926410785 5.647156435749928 5.208027892070989 5.581659643548923 0.06917653297029835
5.150048133305214 3.064449583560388 5.557122212759864 5.145125201760685 5.630748663269034 0.06856523335218712
5.164021614602295 3.036265896657013 5.467821794881428 5.082732931346726 5.679446244141498 0.06795609305714878
5.1772734823318185 3.0081832205186165 5.379381314938797 5.020939003773906 5.727682868867303 0.06734910469501332
5.18982462113184 2.9802424420073637 5.291914498052013 4.959822778662714 5.775395772677421 0.06674426089248109
5.201695351519421 2.9524808751553735 5.205523467878682 4.899455603384836 5.822528506983755 0.06614155429339297
5.212905443025597 2.924932478453501 5.120299509224017 4.839901334620772 5.869030526587831 0.06554097755898802
5.223474127192554 2.897628061050356 5.036323789101479 4.781216831791741 5.914856799323546 0.06494252336814821
5.233420110421487 2.8705954783583416 4.953668038237493 4.723452423699603 5.959967437058182 0.06434618441763229
5.24276158666087 2.8438598175439034 4.872395194928329 4.6666523496522165 6.004327347022065 0.06375195342229756
5.251516249925938 2.817443573360353 4.792560013075029 4.610855176297426 6.0479059024816255 0.06315982311531143
5.259701306641222 2.7913668147633484 4.714209636143189 4.556094191336666 6.090676631813335 0.06256978624835197
5.267333487798957 2.7656473427314836 4.637384138718362 4.50239777523891 6.132616925077036 0.06198183559179904
5.274429060927082 2.7403008396973894 4.562117037254712 4.449789752027328 6.173707757226692 0.06139596393491498
5.281003841861398 2.715341010978315 4.488435771544263 4.398289720164501 6.213933427134517 0.06081216408601575
5.287073206317231 2.69077971857925 4.41636215836654 4.347913364517255 6.253281311640919 0.06023042887263397
5.292652101256675 2.6666271077263266 4.345912818713468 4.2986727503392 6.29174163387772 0.05965075114167284
5.297755056048189 2.6428917264734544 4.277099579922087 4.250576600167658 6.3293072451457855 0.05907312375955076
5.3023961934159205 2.6195806387108664 4.2099298539877354 4.203630554491909 6.3659734196604685 0.05849753961233972
5.306589240176766 2.596699530890512 4.144406993272906 4.157837417011527 6.401737661509339 0.05792399160589379
5.31034753776364 2.574252812769955 4.0805306247717805 4.113197385266858 6.436599523196396 0.05735247266597199
5.313684052534022 2.5522437124636976 4.018296964037543 4.069708267388455 6.4705604351755595 0.05678297573835245
5.316611385863226 2.5306743660785016 3.9576991098287393 4.027365685678516 6.503623545803617 0.05621549378894097
5.319141784022333 2.509545902197462 3.8987273204822763 3.9861632677048324 6.535793571169087 0.05565001980387119
5.321287147841068 2.4888585214661676 3.841369272973932 3.946092825556665 6.567076654278676 0.05508654678960023
5.323059042156287 2.4686115715232932 3.7856103055824533 3.907144523882048 6.597480233107118 0.05452506777299648
5.324468705047083 2.44880361750743 3.731433645030422 3.8693070372973684 6.627012917039385 0.05396557580142225
5.325527056857784 2.429432508361763 3.6788206189339405 3.832567697732581 6.655684371256412 0.053408063942810724
5.3262356620003 2.4104490950847213 3.62758780943354 3.79679913102868 6.683578209650491 0.05285646124285248
5.326606195578618 2.3918546031052244 3.577728264137051 3.761995569721827 6.710698236338913 0.05231060488837258
5.326649919850482 2.373649398418328 3.52923270847922 3.728149752676554 6.737049558017343 0.05177033768513695
5.326377700675619 2.3558330580587064 3.4820897635821235 3.6952530657747458 6.762638462201002 0.051235507859004326
5.325800023278098 2.3384044362925205 3.4362861499318083 3.663295673501932 6.787472303391652 0.0507059688641327
5.32492700735091 2.321361726752006 3.3918068776560206 3.632266641930581 6.811559396731224 0.05018157919798927
5.323768421529779 2.3047025207265013 3.3486354241488043 3.6021540535754095 6.834908918724768 0.04966220222292306
5.322333697262176 2.288423861813506 3.306753899750494 3.5729451145722213 6.857530814636411 0.049147705994066704
5.320631942096468 2.272522297123655 3.266143202156047 3.5446262546092977 6.879435712181838 0.048637963093344005
5.318671952415194 2.256993925224198 3.2267831601907435 3.517183220018935 6.900634841159921 0.04813285046936455
5.316462225635503 2.241834440996728 3.188652667559909 3.4906011604162637 6.92113995868422 0.04763224928299892
5.314010971898883 2.2270391775763883 3.1517298071484556 3.464864709252952 6.9409632796923795 0.04713604475843114
5.311326125271442 2.212603145531694 3.115991966416615 3.4399580586347858 6.960117412427955 0.04664412603949453
5.308415354475153 2.198521069436346 3.081415944410176 3.4158650287343506 6.978615298604894 0.04615638605110395
5.305286073169676 2.1847874219770054 3.047978050876815 3.3925691321131017 6.996470157979903 0.045672721365603186
5.301945449803576 2.171396455733926 3.015654197954615 3.3700536332509725 7.0136954370721725 0.04519303207385306
5.298400417053005 2.1583422327645736 2.9844199848746182 3.3483016035662723 7.030304761783556 0.04471722166089198
5.2946576808652015 2.145618652113911 2.9542507760961043 3.327295972193962 7.046311893685228 0.04424519688600703
5.290723729123454 2.1332194753688607 2.925121773271301 3.307019572776417 7.061730689749178 0.04377686766705835
5.286604839949488 2.1211383503685663 2.897008081415242 3.28745518650748 7.07657506531464 0.04331214696890773
5.282307089658628 2.1093688331764766 2.869884769636539 3.2685855816579257 7.090858960090726 0.042850950695802914
5.277836360382425 2.0979044084148826 2.8437269267658323 3.250393549798376 7.10459630700717 0.04239319758758042
5.273198347372855 2.086738508057458 2.818509712200618 3.2328619389242284 7.1178010037351855 0.04193880911954784
5.268387415077605 2.075802946521593 2.794022044608447 3.2158519715046685 7.130590095768547 0.04148770940591895
5.263409211514083 2.06509357704831 2.770247740488558 3.1993520786916494 7.14297266626599 0.04103982510667259
5.258269240968982 2.0546063230825573 2.7471709723359288 3.1833509420597403 7.154957606452419 0.040595085337715386
5.252972867461056 2.044337177192504 2.724776260429697 3.1678374880256897 7.1665536198540565 0.040153421584230076
5.2475253181220545 2.0342822000012695 2.7030484648239708 3.152800882398339 7.1777692264323845 0.039714767617097024
5.241931686497786 2.024437519131127 2.681972777535697 3.1382305250556697 7.188612766619532 0.03927905941228038
5.236196935771124 2.0147993281602155 2.661534714924364 3.1241160447458522 7.199092405257702 0.0388462350730725
5.230325901908839 2.005363885591783 2.641720110258501 3.110447294009242 7.209216135445148 0.03841623475509548
5.22432329673399 1.9961275138359675 2.622515106464053 3.0972143442183526 7.218991782291145 0.03798900059396326
5.218193710925671 1.9870865982041261 2.6039061490498625 3.084407480732913 7.228427006582313 0.037564476635508215
5.211941616947761 1.9782375859156967 2.585879979205607 3.0720171981671855 7.237529308362625 0.03714260876848208
5.205571371908392 1.9695769851175906 2.568423627067695 3.060034195766803 7.246306030429286 0.03672334465964322
5.199087220351726 1.9611013639160821 2.5515244051487205 3.0484493728924456 7.254764361746723 0.03630663369114617
5.210396674546656 1.6810370176642957 2.5194464660138607 3.3975280005686517 6.874683532486716 0.047398090863857156
5.2036751510832016 1.6717768973165676 2.5028575767091645 3.387582273529537 6.882183190164799 0.046993526986808365
5.1968500623292275 1.6627449060965405 2.486800794342328 3.3779490916593544 6.889443683054964 0.04659133201771959
5.18992527773189 1.6539364270177432 2.4712644028741386 3.368621660960879 6.89646967181454 0.04619146239128902
5.182904566067656 1.6453469363561697 2.456236936018819 3.3595933282516546 6.9032657403129525 0.04579387595129425
5.175791597883608 1.6369720016769471 2.4417071717222942 3.3508575782158045 6.909836396656771 0.045398531901054584
5.16858994788095 1.6288072799055484 2.427664126770387 3.342408030519318 6.916186074208728 0.04500539075564969
5.161303097242081 1.620848515442464 2.4140970515236715 3.3342384369874116 6.922319132600425 0.04461441429583202
5.153934435902551 1.6130915383202913 2.400995424775762 3.326342678842562 6.928239858738437 0.04422556552357271
5.146487264769184 1.6055322624022108 2.3883489487319522 3.318714764001875 6.933952467803581 0.04383880861918421
5.138964797885642 1.5981666836208568 2.3761475441051414 3.311348824432451 6.939461104243076 0.04345410889996193
5.131370164546646 1.5909908782566122 2.364381345326134 3.3042391135634714 6.944769842755403 0.043071432780292906
5.123706411362075 1.584001001254377 2.3530406958654213 3.2973800037537337 6.949882689267627 0.04269074773317727
5.115976504272094 1.5771932845778924 2.342116143663664 3.2907659838134093 6.954803581904998 0.042312022253114256
5.10818333051448 1.570564035600721 2.3315984366681635 3.2843916565788183 6.9595363919526605 0.04193522582030418
5.100329700545258 1.5641096355330084 2.321478518472675 3.278251736539046 6.964084924809268 0.04156032886611771
5.092418349913729 1.5578265378831713 2.3117475240579948 3.2723410475132537 6.9684529209323935 0.04118730273978999
5.084451941092995 1.5517112669536839 2.302396775630816 3.2666545203775637 6.972644056775551 0.04081611967629495
5.076433065266975 1.5457604163701502 2.2934177785584184 3.261187190840414 6.97666194571673 0.04044675276535792
5.068364244074969 1.5399706476428738 2.2848022173968285 3.2559341972653266 6.980510138978292 0.04007917592156607
5.060247931314762 1.5343386887601558 2.276541952010129 3.250890778540028 6.984192126538153 0.03971336385553881
5.052086514605222 1.5288613328125678 2.2686290137786873 3.2460522719909135 6.987711338032121 0.03934929204611859
5.043882317009359 1.5235354366474783 2.2610556018941073 3.2414141113418453 6.991071143647322 0.03898693671354758
5.035637598618765 1.5183579195531058 2.253814079738773 3.236971824716319 6.994274855006626 0.03862627479359493
5.0273545581003445 1.5133257619714175 2.246896971347927 3.2327210326820355 6.997325726043998 0.038267283912600036
5.019035334206229 1.508436004239187 2.2402969579522436 3.228657446336957 7.000226953870729 0.03790994236340017
5.010682007247712 1.5036857453565575 2.2340068745989554 3.224776865435926 7.002981679632466 0.03755422908211126
5.002296600534087 1.4990721417824622 2.2280197068496084 3.2210751765569716 7.005592989357027 0.03720012362573022
4.993881081777186 1.4945924062562772 2.2223285875525747 3.2175483513064185 7.008063914792934 0.03684760615053129
4.985437364462429 1.4902438066450954 2.2169267936885353 3.2141924445619643 7.010397434238653 0.03649665739122765
4.976967309187184 1.486023664816021 2.211807743287132 3.211003592752884 7.012596473362508 0.03614725864087032
4.9684727249671905 1.4819293555329118 2.206964992413105 3.207978012176557 7.014663906013247 0.03579939173145896
4.959955370511798 1.4779583053769905 2.2023922322202045 3.2051119973505227 7.0166025550212625 0.03545303901524055
4.951416955468773 1.474107991690781 2.198083286071272 3.202401919399289 7.018415192990446 0.03510818334666832
4.942859141639356 1.4703759415448294 2.1940321067228896 3.1998442244751395 7.020104543080685 0.03476480806500071
4.934283544164303 1.4667597307266764 2.1902327735730465 3.1974354322121927 7.021673279781008 0.03442289697751644
4.925691732681566 1.4632569827515802 2.186679489970321 3.1951721342130015 7.023124029673379 0.034082434343322365
4.917085232456295 1.4598653678944777 2.1833665805831024 3.193050992566976 7.024459372187173 0.033743404857736414
4.908465525483816 1.4565826022427055 2.180288488827428 3.1910687383999425 7.025681840344334 0.03340579363722196
4.8998340515662 1.453406446768998 2.1774397743520293 3.1892221704541663 7.026793921495257 0.03306958620485578
4.8911922093630755 1.4503347064243035 2.17481511057924 3.187508153698171 7.027798058045402 0.032734768476310294
4.8825413574172565 1.4473652292499612 2.1724092823004315 3.18592361796572 7.028696648172705 0.03240132674633178
4.873882815155813 1.4444959055088005 2.1702171833246897 3.184465556623318 7.0294920465357755 0.03206924767569719
4.8652178638671355 1.4417246668347303 2.168233814179476 3.183131025265624 7.030186564972971 0.031738518278631944
4.856547747654576 1.4390494854003977 2.166454279862047 3.1819171404381725 7.030782473192348 0.03140912591067346
4.8478736743672055 1.4364683731025065 2.1648737876404294 3.1808210783868054 7.0312819994525615 0.03108105825696339
4.839196816508236 1.433979380764396 2.163487644902796 3.179840073833253 7.03168733123476 0.03075430332095408
4.830518312121636 1.4315805973554863 2.1622912570541093 3.178971418776289 7.0320006159055115 0.030428849413515202
4.821839265657432 1.429270149227214 2.161280125458912 3.178212461317915 7.032223961370829 0.030104685142424037
4.813160748816236 1.427046199365082 2.1604498454291994 3.1775606045140306 7.032359436721356 0.029781799402228804
4.804483801373454 1.4249069466564643 2.1597961042563183 3.1770133052490754 7.032409072868754 0.029460181364469262
4.7958094319836695 1.4228506251738082 2.159314679285864 3.1765680731341126 7.032374863173367 0.029139820468243594
4.787138618965676 1.4208755034728913 2.1590014360345813 3.1762224694278607 7.032258764063227 0.028820706411108676
4.778472311068599 1.4189798839057948 2.1588523263482875 3.175974105980181 7.032062695644452 0.028502829140301444
4.769811428219576 1.4171621019482636 2.1588633865998794 3.175820644197539 7.031788542303122 0.028186178844271104
4.761156862253404 1.4154205255411323 2.159030735926482 3.175759794029967 7.031438153298685 0.027870745944509667
4.752509477624606 1.4137535544455047 2.1593505745048507 3.17578931297907 7.031013343348976 0.027556521087672037
4.743870112102309 1.412159619611379 2.159819181864135 3.175907005126632 7.030515893206908 0.027243495137973417
4.735239577448357 1.41063718255942 2.1604329152351482 3.176110720183366 7.02994755022892 0.02693165916985618
4.72661866007905 1.4091847347755877 2.161188207935308 3.1763983525573973 7.0293100289352495 0.02662100446091431
4.718008121710893 1.4078007971183397 2.162081567788427 3.176767840442049 7.028605011562104 0.026311522485069294
4.709408699990731 1.406483919238121 2.163109575578551 3.177217164922517 7.027834148605805 0.026003204905985178
4.7008211091106515 1.4052326790088818 2.1642688835370825 3.177744349101042 7.026999059358998 0.02569604357071731
4.692246040408001 1.4040456819713478 2.1655562138624136 3.1783474572401715 7.0261013324389765 0.02539003050358446
4.683684162950879 1.4029215607877918 2.1669683572713376 3.1790245939237436 7.025142526308228 0.025085157900257005
4.67513612410944 1.4018589747080485 2.1685021715815163 3.179773903235201 7.024124169787268 0.024781418122054477
4.666602550113362 1.4008566090465304 2.170154580324299 3.1805935679528785 7.023047762559832 0.024478803690443196
4.6580840465957785 1.399913174669998 2.171922571387201 3.181481808761899 7.0219147756705285 0.024177307281728067
4.649581199124022 1.3990274074958577 2.1738031956853745 3.1824368834823273 7.020726652015011 0.023876921721932454
4.64109457371748 1.3981980680007497 2.175793565861424 3.1834570863132345 7.019484806822768 0.0235776399818568
4.632624717352867 1.397423940739204 2.1778908550129117 3.184540747092346 7.0181906281326 0.02327945517231267
4.624172158457214 1.3967038338721478 2.180092295446946 3.1856862305709313 7.016845477260868 0.022982360539524183
4.615737407388873 1.396036578705049 2.1823951774612356 3.1868919357036223 7.015450689262599 0.022686349460691257
4.607320956906802 1.3954210292354825 2.1847968481510174 3.188156294952841 7.014007573385527 0.02239141543970946
4.598923282628434 1.3948560617099226 2.1872947102412805 3.1894777736075293 7.012517413517154 0.022097552103040097
4.590544843476383 1.3943405741895578 2.189886220943725 3.1908548691158845 7.0109814686249035 0.02180475319572539
4.58218608211426 1.3938734861249307 2.1925688908378884 3.192286110431793 7.009400973189466 0.021513012577544677
4.573847425371846 1.3934537379392191 2.195340282775918 3.193770057374686 7.007777137631402 0.021222324219305033
4.565529284659902 1.3930802906199666 2.1981980108104597 3.195305300002535 7.006111148731092 0.020932682199262365
4.557232056374824 1.3927521253190853 2.201139739145141 3.196890457997699 7.004404170042108 0.020644080699668832
4.548956122293426 1.392468242960948 2.204163181107155 3.198524180065364 7.002657342298102 0.02035651400344085
4.54070184995804 1.3922276638584028 2.207266098141453 3.20020514334431 7.000871783813279 0.020069976490944774
4.53246959305222 1.3920294273365348 2.210446298826072 3.2019320528297426 6.99904859087654 0.019784462636894373
4.524259691767209 1.3918725913640146 2.213701637908125 3.2037036408079373 6.997188838139371 0.019499967007358898
4.516072473159444 1.3917562321918662 2.217030015359999 3.205518666302451 6.995293578997573 0.01921648425687439
4.5079082514992885 1.3916794439995015 2.220429375455325 3.207375914531661 6.9933638459668925 0.018934009125657236
4.4997673286111874 1.3916413385478636 2.223897705864271 3.209274196377385 6.99140065105265 0.018652536436915335
4.491649994205487 1.3916410448395289 2.227433036767747 3.2112123478643624 6.989404986113424 0.018372061094253267
4.4835565262020785 1.3916777087856202 2.2310334399900986 3.21318922965036 6.987377823218904 0.018092578079168642
4.47548719104609 1.3917504928793876 2.234697028149891 3.2152037265266893 6.985320115001946 0.01781408244863547
4.467442244015798 1.3918585758763142 2.238421953828383 3.21725474692891 6.983232795004946 0.01753656933277281
4.459421929522955 1.392001152480611 2.2422064087553135 3.2193412224575106 6.98111677802059 0.01726003393259512
4.451426481405706 1.3921774330379657 2.2460486230116077 3.221462107408364 6.978972960427055 0.016984471517840216
4.443456123214283 1.3923866432344112 2.2499468642486513 3.2236163783127396 6.976802220517755 0.016709877424873842
4.435381937634565 1.3918625136940905 2.2536236232981324 3.2258669541211935 6.974648914463628 0.016436247054668285
4.42721290437567 1.390665350141333 2.2570984954284583 3.22820810438239 6.9725114764868446 0.016163575870849267
4.418957485809809 1.3888514935006853 2.2603897602186818 3.230634411699365 6.970388434876881 0.015891859397813568
4.410623656373652 1.3864735651468876 2.263514462862689 3.2331407539805945 6.968278407036613 0.015621093218910365
4.402218930263301 1.383580697271653 2.266488490562582 3.235722287725751 6.966180094793016 0.01535127297468708
4.393750387523596 1.3802187492650193 2.269326644306321 3.23837443228488 6.964092279957688 0.015082394361195961
4.385224698626516 1.376430510954972 2.2720427063069577 3.2410928550333744 6.962013820123248 0.014814453128359162
4.376648147627774 1.372255893498246 2.274649503364158 3.2438734574085646 6.959943644682493 0.014547445078391896
4.368026653985385 1.3677321086674623 2.2771589663930385 3.2467123617569893 6.95788075105793 0.014281366064278989
4.3593657931190055 1.3628938372348813 2.279582186350636 3.249605898944435 6.95582420113004 0.014016211988305716
4.350670815784157 1.3577733871108966 2.281929466776493 3.252550596683695 6.953773117853289 0.013751978800638387
4.341946666331012 1.352400841855738 2.2842103731508505 3.2555431685376974 6.951726682049519 0.013488662497955106
4.3331979999132955 1.3468042001456322 2.2864337792617184 3.2585805035581545 6.949684129368993 0.013226259122123496
4.324429198708946 1.3410095067396366 2.288607910760602 3.261659656522281 6.947644747409867 0.012964764758924718
4.31564438721051 1.335040975460484 2.290740386075881 3.2647778387323436 6.945607872987441 0.012704175536820905
4.306847446639816 1.3289211046718457 2.2928382548426858 3.26793240934492 6.943572889545009 0.012444487625766332
4.298042028538208 1.3226707857053661 2.2949080339985737 3.271120867198694 6.941539224698602 0.012185697236058224
4.289231567580591 1.3163094046635113 2.2969557416853608 3.274340843111499 6.9395063479083525 0.011927800617228645
4.28041929365868 1.3098549379986126 2.298986929089013 3.2775900926190285 6.937473768269646 0.011670794056974021
4.271608243276123 1.3033240422443604 2.3010067103416163 3.2808664891293113 6.935441032417566 0.011414673880121184
4.262801270295688 1.2967321382533399 2.3030197906019643 3.284168017468553 6.933407722538566 0.011159436447629512
4.25400105607625 1.2900934902728927 2.3050304924243377 3.287492767795417 6.93137345448359 0.010905078155627801
4.245210119035165 1.2834212801715679 2.3070427805184535 3.2908389298621814 6.92933787597724 0.010651595434482908
4.236430823669435 1.2767276771096077 2.309060284997385 3.2942047876024634 6.927300664917845 0.010398984747901685
4.227665389067127 1.2700239029292344 2.311086323204449 3.297588714026445 6.925261527763613 0.010147242592063344
4.218915896938657 1.2633202935238759 2.3131239202045926 3.3009891664056297 6.923220198000303 0.00989636549478079
4.210184299195767 1.2566263564298574 2.31517582802067 3.3044046817302486 6.921176434686101 0.009646350014691829
4.201472425104413 1.2499508248694033 2.317244543690184 3.3078338724234255 6.91913002106965 0.009397192740477456
4.192781988036209 1.2433017084599984 2.3193323262135426 3.3112754222971477 6.917080763277377 0.00914889029010646
4.184114591841636 1.2366863407921913 2.321441212460574 3.3147280827359884 6.915028489066505 0.00890143931010623
4.175471736866841 1.2301114240657434 2.3235730320981003 3.3181906690953378 6.912973046640321 0.008654836474858985
4.166854825634573 1.223583070962571 2.325729421597545 3.321662057301703 6.9109143035224605 0.00840907848592043
4.158265168208604 1.2171068439241661 2.32791183737804 3.3251411806433593 6.908852145487161 0.00816416207136239
4.149703987259822 1.2106877919910757 2.3301215681371703 3.3286270267403317 6.906786475542586 0.007920083985138215
4.141172422851125 1.2043304853525016 2.332359746418338 3.3321186346833302 6.904717212964499 0.007676841006469037
4.132671536957248 1.198039047745164 2.334627359460832 3.3356150923318926 6.902644292377703 0.0074344299392509194
4.1242023177346905 1.191817186832166 2.336925259375881 3.339115533762531 6.900567662882804 0.007192847611481756
4.115765683556036 1.1856682226847166 2.339254172689393 3.3426191368582603 6.898487287225999 0.006952090874707939
4.107362486822115 1.179595114482146 2.341614709289641 3.3461251210313536 6.896403141009696 0.006712156603489672
4.098993517564659 1.1736004855386868 2.344007370815854 3.3496327450716836 6.894315211941916 0.006473041694883497
4.090659506851389 1.1676866467589457 2.3464325585215065 3.353141305113435 6.892223499122518 0.006234743067943138
4.082367340315981 1.1618939657428347 2.348903958387825 3.3566535155662343 6.890129413524107 0.005995090416515136
4.074117190930515 1.1562209143827733 2.3514207344242064 3.3601688162066514 6.888033019874598 0.005754165714386805
4.06590920909279 1.1506659335855054 2.3539820420406166 3.3636866690725817 6.8859343874846815 0.005512047915013585
4.057743523736774 1.1452274376225522 2.356587029606427 3.367206557453888 6.88383358994418 0.005268813058854183
4.049620243390814 1.1399038181715389 2.3592348399026637 3.370727984935403 6.881730704832245 0.005024534376904755
4.041539457186223 1.1346934480677897 2.3619246114740613 3.3742504744893775 6.87962581344077 0.004779282390566131
4.0335012358187505 1.1295946847844245 2.3646554798869377 3.377773567614626 6.877519000510434 0.004533125007974315
4.025505632465266 1.1246058736580644 2.3674265788985562 3.3812968235197776 6.8754103539788005 0.004286127616918822
4.017552683657891 1.1197253508762361 2.3702370415433025 3.3848198183481903 6.873299964739951 0.004038353174470988
4.00964241011769 1.1149514462415682 2.3730860011407025 3.388342144442234 6.871187926415131 0.0037898622934375847
4.001774817549891 1.1102824857269684 2.3759725922299992 3.3918634096447606 6.869074335133925 0.0035407133257522316
3.9939498974025494 1.1057167938351002 2.37889595143574 3.3953832366357313 6.866959289325511 0.003290962442913603
3.9861676275904196 1.1012526957746678 2.3818552182685613 3.398901262302067 6.864842889519533 0.0030406637135741432
3.9784279731857395 1.0968885194652587 2.384849535865114 3.4024171371389027 6.862725238156196 0.002789869178381421
3.9707026593611694 1.0924897852593145 2.3878352483730874 3.4059405470673205 6.860604699761008 0.002537256033452673
3.9629933148149177 1.088064809231792 2.390814687947419 3.4094702522805065 6.858481336914719 0.0022829264703134733
3.9553014698286373 1.083621311210209 2.393790001655521 3.4130050801248926 6.856355215700304 0.0020269789322264753
3.9476285613742013 1.079166450613874 2.396763162801743 3.4165439216120146 6.854226405559574 0.0017695082472253265
3.9399759379544146 1.0747068602483845 2.3997359816064376 3.420085728113839 6.852094979150803 0.0015106057564427955
3.9323448641918493 1.0702486781700615 2.402710115275675 3.423629508231735 6.849961012207568 0.0012503594378983074
3.9247365251792394 1.0657975777286028 2.4056870774956627 3.427174324829825 6.8478245833990155 0.0009888540259066492
3.9171520306041114 1.0613587958901878 2.408668247384021 3.43071929222393 6.84568577419173 0.0007261711262614989
3.9095924186596713 1.0569371599375703 2.4116548779282936 3.43426357351781 6.843544668713352 0.00046238932734443683
3.9020586597532905 1.0525371126383105 2.4146481039403653 3.4378063780788573 6.841401353618098 0.000197584307301657
3.8945516600233274 1.0481627359672052 2.4176489495538815 3.441346959145798 6.8392559179543175 -6.817106256973293e-05
3.8870722646744493 1.0438177734641825 2.4206583352902444 3.444884611561396 6.8371084530341895 -0.00033480661809426326
3.879621261141048 1.0395056513043825 2.4236770847173386 3.448418669623497 6.8349590523056625 -0.0006022548060194977
3.8721993820878446 1.0352294981528714 2.426705930723817 3.4519485050481395 6.83280781122674 -0.000870450591220151
3.8648073082562706 1.0309921638723847 2.4297455214304713 3.4554735250387747 6.83065482714217 -0.0011393313671865801
3.857445671164761 1.0267962371486872 2.43279642575905 3.458993170455973 6.828500199162617 -0.0014088368696796305
3.850115055670649 1.0226440620945174 2.435859138677734 3.462506914082293 6.826344028046374 -0.001678909093441705
3.842816002400938 1.0185377538896916 2.438934086141408 3.4660142589772756 6.824186416083653 -0.0019494922118539204
3.8355490100588385 1.0144792135117189 2.4420216297438815 3.4695147369177954 6.822027466983512 -0.002220532499437322
3.828314537612581 1.0104701416082493 2.4451220710982264 3.4730079069192614 6.819867285763424 -0.00249197825709524
3.82111300637267 1.0065120515597998 2.4482356559605236 3.4764933538333995 6.817705978641538 -0.0027637797400023034
3.813944801963416 1.0026062817785069 2.451362578111447 3.4799706870185765 6.815543652931629 -0.003035889088044086
3.8068102761942537 0.9987540072860888 2.454502983009316 3.483439539078848 6.813380416940762 -0.003308260258719775
3.799709748836087 0.9949562506117922 2.4576569712274843 3.486899564668106 6.8112163798696725 -0.0035808489624181705
3.7926435093075885 0.9912138920488122 2.4608246016882243 3.4903504393559106 6.809051651715855 -0.0038536125999844018
3.785611818276143 0.9875276793055296 2.464005894704581 3.4937918585517638 6.806886343179361 -0.004126510202496769
3.778614909177862 0.9838982365858698 2.4672008348410293 3.497223536484755 6.804720565571307 -0.004399502373174102
3.77167501498816 0.9804411385756359 2.4704499851036426 3.5006343666994097 6.802549745354689 -0.0046725512313400275
3.7647917282131718 0.9771524044146555 2.4737518451866034 3.5040244781342356 6.800374009258548 -0.004945620358370095
3.757964637110926 0.9740281380038771 2.4771049431434955 3.507394001109783 6.798193487493891 -0.005218674745551821
3.7511933260521495 0.9710645261993898 2.480507834917482 3.5107430671860222 6.7960083135096925 -0.0054916807437904724
3.7444773758672136 0.9682578370455953 2.483959103877961 3.5140718090264302 6.793818623757836 -0.005764606015095541
3.737816364179671 0.9656044180466687 2.487457360363649 3.5173803602685285 6.791624557466711 -0.00603741948578318
3.731209865726805 0.9631006944754636 2.491001241232066 3.5206688554006154 6.78942625642321 -0.006310091301336307
3.724657452667608 0.9607431677190366 2.494589409415357 3.52393742964445 6.787223864762899 -0.006582592782862662
3.718158694878601 0.9585284136599821 2.4982205534824224 3.5271862188436516 6.785017528768082 -0.006854896385092513
3.711713160237879 0.9564530810927903 2.5018933872073026 3.5304153593575873 6.782807396673561 -0.007126975655866397
3.705320414897765 0.9545138901744558 2.5056066491437594 3.533624987960535 6.780593618479835 -0.007398805197053826
3.6989800235464467 0.9527076309085807 2.509359102206024 3.536815241745897 6.778376345773526 -0.007670360626857886
3.6926915496589454 0.9510311616622378 2.5131495332556337 3.539986258035282 6.77615573155481 -0.007941618543453433
3.686454555737774 0.9494814077148703 2.516976752694328 3.5431381742922365 6.773931930071638 -0.008212556489912703
3.680268603543616 0.9480553598385235 2.520839594062929 3.5462711280404613 6.771705096660547 -0.008483152920373271
3.6741332543163527 0.9467500729087196 2.52473691364617 3.5493852567863087 6.769475387593854 -0.008753387167403925
3.6680480689867645 0.9455626645453016 2.528667590083397 3.5524806979454033 6.767242959933032 -0.009023239410525297
3.662012608379199 0.9444903137825856 2.5326305239850995 3.5555575887732096 6.765007971388091 -0.009292690645846702
3.656026433405518 0.9435302597681816 2.5366246375552075 3.558616066299385 6.7627705801827585 -0.009561722656776683
3.650089105250611 0.9426798004898457 2.5406488742190936 3.5616562672657635 6.760530944925304 -0.009830317985772274
3.644200185549749 0.941936291529756 2.5447021982572267 3.564678328067819 6.758289224484801 -0.010098459907087132
3.6383592365580624 0.9412971448456039 2.5487835944444077 3.5676823846994647 6.756045577872679 -0.010366132400487116
3.632565821312394 0.9407598275779157 2.552892067694539 3.570668572701046 6.753800164129387 -0.010633320125894574
3.626819503785799 0.9403218608830257 2.557026642710855 3.573637027110398 6.751553142216014 -0.010900008398931904
3.621119849034928 0.9399808187911427 2.56118636364156 3.5765878824168293 6.749304670910696 -0.011166183167331978
3.6154664233405382 0.9397343270889529 2.565370293740811 3.57952127251792 6.747054908709669 -0.011431830988183234
3.6098587943413736 0.9395800622262295 2.569577515034978 3.5824373306790056 6.744804013732809 -0.01169693900598101
3.6042965311616264 0.9395157502459149 2.5738071279941277 3.585336189495231 6.742552143633524 -0.011961494931457595
3.5987792045322142 0.9395391657371678 2.5780582512086587 3.588217980856068 6.740299455512843 -0.012225487021160553
3.593306386906078 0.9396481308108671 2.5823300210710434 3.591082835912192 6.73804610583758 -0.01248890405775649
3.587877652567707 0.9398405140970855 2.5866215914625874 3.593930885044604 6.735792250362421 -0.012751735331031688
3.5824925777370984 0.940114229764049 2.590932133445171 3.5967622578359117 6.733538044055822 -0.013013970619566329
3.577150740668335 0.9404672365581133 2.5952608349578954 3.5995770830436684 6.731283641029586 -0.01327560017305851
3.5718517217429775 0.9408975368642969 2.599606900518572 3.6023754885756767 6.729029194471984 -0.013536614695274007
3.566595103558452 0.941403175786924 2.6039695509300005 3.605157601467175 6.726774856584326 -0.013797005327600975
3.5613804710116077 0.9419822402499347 2.608348022990967 3.607923547859817 6.724520778520833 -0.014056763633187752
3.556207411377617 0.9426328581164338 2.6127415692119023 3.6106734529823648 6.722267110331734 -0.014315881581642653
3.551075514384382 0.9433531973270612 2.61714945753514 3.613407441133018 6.72001400090945 -0.01457435153427633
3.5459843722826165 0.9441414650567673 2.621570971059712 3.6161256356633036 6.717761597937766 -0.01483216622986716
3.540933579911746 0.9449959068895986 2.626005407770622 3.6188281589634514 6.7155100478439 -0.015089318770932114
3.5359227347617885 0.9459148060110948 2.6304520802725326 3.6215151324491925 6.713259495753351 -0.015345802610483683
3.5309514370313564 0.9468964824179181 2.634910315527815 3.6241866765499053 6.7110100854474455 -0.015601611539256655
3.526017497151197 0.9479398548882242 2.639379608746349 3.6268417330465033 6.708760670370184 -0.01584864024126753
3.5211205705887894 0.9490432853352426 2.6438593134069825 3.629480457747116 6.706511430043097 -0.016087199855667533
3.516260314706198 0.9502051713819302 2.6483487964979386 3.6321030044697866 6.704262541612662 -0.01631759046295289
3.5114363888189106 0.9514239455942646 2.6528474382773255 3.634709525059741 6.702014179839174 -0.016540101478124014
3.506648454251325 0.952698074731374 2.657354632037479 3.6373001694071063 6.699766517087344 -0.016755012029868288
3.501896174388993 0.9540260590121169 2.661869783873085 3.6398750854650594 6.697519723318541 -0.016962591326260434
3.4971792147277387 0.9554064313977436 2.6663923124530315 3.642434419268355 6.695273966084629 -0.017163099007461824
3.4924972429197725 0.9568377568902727 2.6709216487959377 3.644978314952212 6.693029410523318 -0.017356785485879822
3.4878499288168925 0.9583186318462286 2.6754572360493194 3.6475069147715087 6.690786219354976 -0.017543892274233364
