0.5890676245256734 0.21240963691974377 -1.4934193899997168 -1.1528840742983382 0.24564312659209783 2.424766998826607 -1.107689025276763 -0.6335190147546974
0.5890676245256734 0.21240963691974377 -1.4934193899997168 -1.1528840742983382 0.24564312659209783 2.424766998826607 -1.107689025276763 -0.6335190147546974
0.588894200843479 0.21216784171369246 -1.4937578283188664 -1.152563315181618 0.24560054634429787 2.4245622803069398 -1.1075836659309362 -0.6336039647508255
0.5885528164030654 0.21169593948914273 -1.494417356834943 -1.151936469410091 0.24551959032214274 2.4241602159670315 -1.1073769819990669 -0.6337705594893032
0.5880487953496573 0.2110051300196076 -1.495381356630806 -1.1510175971632635 0.24540419862547816 2.423567931321226 -1.107072863546857 -0.6340156116514073
0.5873873262127163 0.21010614437399716 -1.4966339087483538 -1.1498201714511487 0.24525806056909902 2.4227923129204907 -1.1066750611177452 -0.6343360476798408
0.5865734650068627 0.2090092638404127 -1.4981597660999213 -1.148357102206513 0.24508462763973293 2.4218400163021006 -1.1061871907197072 -0.6347289037526842
0.5856121382715261 0.2077243380954324 -1.4999443264914982 -1.1466407593976422 0.24488712584920833 2.4207174736762407 -1.1056127386336598 -0.6351913218997095
0.5845081460501381 0.20626080264879226 -1.501973606713942 -1.1446829952011632 0.24466856751037822 2.4194309013581603 -1.1049550660498597 -0.6357205462560224
0.583266164809684 0.20462769559218666 -1.5042342176600891 -1.1424951652728799 0.24443176246124146 2.4179863069542407 -1.104217413538453 -0.6363139194481776
0.5818907503014439 0.2028336736797763 -1.5067133404273236 -1.1400881491530426 0.2441793287616205 2.4163894963100683 -1.1034029053601175 -0.6369688791080841
0.5803863403637575 0.20088702776690315 -1.5093987033667509 -1.137472369841022 0.24391370288571776 2.4146460802283363 -1.1025145536225212 -0.6376829545101804
0.5787572576676522 0.198795697632464 -1.5122785600416617 -1.1346578125729458 0.24363714943287793 2.4127614809641478 -1.1015552622881182 -0.6384537633275236
0.5770077124061816 0.19656728620938924 -1.5153416680594318 -1.1316540428345112 0.24335177037793093 2.4107409385050413 -1.1005278310386044 -0.6392790085025848
0.5751418049283218 0.19420907324670694 -1.5185772687424213 -1.1284702236398931 0.2430595138815775 2.4085895166428286 -1.0994349590011654 -0.6401564752286981
0.5731635283182761 0.19172802842574482 -1.5219750676047887 -1.125115132106425 0.24276218268040367 2.4063121088440993 -1.0982792483414638 -0.6410840280382489
0.5710767709210424 0.18913082395213135 -1.5255252156034405 -1.1215971753535339 0.2424614420752721 2.403913443926023 -1.0970632077281386 -0.642059607993828
0.5688853188150915 0.18642384664440045 -1.5292182911325851 -1.1179244057532713 0.24215882753603535 2.4013980915438604 -1.0957892556734123 -0.6430812299787111
0.5665928582330128 0.18361320953918286 -1.5330452827325665 -1.1141045355586787 0.24185575193974504 2.3987704674964005 -1.0944597237542464 -0.6441469800831515
0.5642029779309735 0.18070476303217597 -1.536997572484803 -1.110144950935171 0.24155351245879422 2.396034838855312 -1.093076859718316 -0.6452550130830988
0.5617191715078435 0.1777041055733261 -1.5410669200657672 -1.1060527254191117 0.24125329711472293 2.393195328924229 -1.0916428304789303 -0.6464035500080746
0.559207018770306 0.174587818400617 -1.5452529404425916 -1.1018261600035568 0.24096729528567387 2.3903138439903127 -1.0902572243824211 -0.6475908757950538
0.5566679272560172 0.17136217018848376 -1.5495480596781974 -1.0974721355029335 0.24069604938764524 2.387392035066971 -1.0889183367265192 -0.6488153370253108
0.5541032693487322 0.16803316455885048 -1.5539450325276083 -1.0929972406317816 0.24044002769714026 2.384431501811726 -1.0876245236123423 -0.6500753397412959
0.5515143828814059 0.16460655073574598 -1.5584369291878017 -1.0884077840594095 0.24019962904959993 2.3814337940589825 -1.086374199765579 -0.6513693473407135
0.5489025717381733 0.1610878337784243 -1.5630171225725238 -1.0837098059730952 0.23997518729775086 2.3784004133089227 -1.0851658364359564 -0.6526958785450713
0.5462691064546504 0.15748228440955392 -1.5676792760913494 -1.0789090891696904 0.23976697554099108 2.3753328141737065 -1.0839979593721771 -0.6540535054400688
0.5436152248160319 0.153794948454391 -1.5724173319130899 -1.0740111696947001 0.23957521013644784 2.372232405782115 -1.0828691468696041 -0.6554408515852838
0.5409421324524963 0.150030655906229 -1.577225499694433 -1.0690213470471344 0.23940005450187402 2.369100553143754 -1.0817780278880778 -0.6568565901907067
0.5382510034314694 0.14619402963281697 -1.5820982457554544 -1.0639446939676995 0.23924162272010227 2.365938578473908 -1.0807232802373403 -0.6582994423577605
0.5355429808463195 0.14228949373786462 -1.5870302826843636 -1.0587860658271888 0.23909998295434684 2.3627477624801108 -1.079703628827633 -0.6597681753825241
0.5328191774010994 0.1383212815911976 -1.5920165593545432 -1.0535501096312538 0.2389751606832329 2.359529345611464 -1.0787178439831215 -0.6612616011189619
0.5300806759909695 0.1342934435405962 -1.5970522513376104 -1.0482412726570907 0.23886714176404034 2.356284529271731 -1.077764739815889 -0.6627785744000366
0.5273285302779704 0.13020985431783927 -1.6021327516968664 -1.0428638107369452 0.23877587533227254 2.3530144769971786 -1.0768431726583143 -0.6643179915146584
0.5245637652618368 0.12607422015098477 -1.6072536621461226 -1.0374217962027499 0.23870127654530113 2.349720315600147 -1.0759520395517397 -0.6658787887384976
0.5217873778455699 0.1218900855944462 -1.6124107845594775 -1.0319191255056208 0.23864322917749245 2.3464031362792794 -1.0750902767893957 -0.6674599409167549
0.5190003373955098 0.11766084008797219 -1.6176001128181943 -1.0263595265233976 0.23860158807389228 2.3430639956973356 -1.0742568585116388 -0.6690604600970529
0.5162035862956689 0.11338972425520001 -1.6228178249813678 -1.0207465655688743 0.23857618146922907 2.3397039170274794 -1.0734507953516121 -0.6706793942106769
0.513398040496113 0.10907983595203605 -1.6280602757676021 -1.015083654110864 0.238566813178694 2.3363238909689192 -1.0726711331295216 -0.6723158258004543
0.5105845900551925 0.10473413607471421 -1.6333239893354172 -1.0093740552197465 0.23857326466666734 2.3329248767327524 -1.0719169515937739 -0.6739688707936249
0.5077640996754466 0.10035545413699679 -1.6386056523505923 -1.0036208897486831 0.23859529699928297 2.3295078029988376 -1.0711873632072941 -0.6756376773181103
0.5049374092330231 0.09594649362561129 -1.6439021073291162 -0.9978271422612321 0.2386326526864592 2.3260735688445116 -1.0704815119773958 -0.677321424560649
0.5021053343004697 0.09150983714266026 -1.649210346244862 -0.9919956667156622 0.23868505741876975 2.322623044645933 -1.0697985723276389 -0.6790193216653155
0.4992686666627713 0.08704795134339792 -1.6545275043915324 -0.9861291919158497 0.2387522217042869 2.3191570729528252 -1.0691377480101625 -0.6807306066709968
0.4964281748265226 0.08256319167743902 -1.659850854488837 -0.9802303267382466 0.23883384241029623 2.3156764693373653 -1.068498271057041 -0.682454545486448
0.49358460452213804 0.07805780694114799 -1.6651778010232536 -0.9743015651440224 0.23892960421456128 2.312182023217946 -1.0678794007692576 -0.6841904309015987
0.4907386791990165 0.07353394364865326 -1.670505874814109 -0.9683452909851169 0.23903918097060314 2.308674498658527 -1.0672804227419421 -0.6859375816338282
0.4878911005135889 0.06899365022863894 -1.675832727796084 -0.9623637826125881 0.2391622369912579 2.305154635144258 -1.0667006479245718 -0.6876953414079734
0.485042548810191 0.06443888105378567 -1.6811561280095881 -0.9563592172953013 0.23929842825457953 2.30162314833406 -1.066139411714876 -0.6894630780688762
0.4821936835947119 0.05987150030946269 -1.6864739547907974 -0.9503336754566792 0.23944740353597097 2.298080730790805 -1.0655960730852352 -0.6912401827253202
0.4793451440009828 0.05529328570801414 -1.6917841941534664 -0.9442891447369262 0.23960880547024777 2.294528052689747 -1.0650700137404032 -0.693026068924247
0.47649754924987775 0.05070593205473331 -1.6970849343549363 -0.9382275238878315 0.23978227154716877 2.290965762505817 -1.0645606373054288 -0.6948201718541808
0.4736514991011077 0.046111054671379714 -1.7023743616390647 -0.9321506265069798 0.23996743504380597 2.287394487680392 -1.0640673685426925 -0.6966219475768289
0.4708075742977001 0.04151019268286362 -1.7076507561490817 -0.9260601846179127 0.24016392589696994 2.2838148352681222 -1.0635896525970086 -0.6984308722858629
0.46796633700316154 0.03690481217250208 -1.7129124880036628 -0.9199578521025261 0.2403713715187588 2.280227392564397 -1.0631269542677881 -0.7002464415919167
0.46512833123133096 0.03229630921103807 -1.7181580135297634 -0.9138452079917306 0.24058939755815623 2.2766327277139986 -1.062678757307287 -0.7020681698328782
0.4622940832689362 0.027686012764410517 -1.7233858716460222 -0.9077237596201608 0.2408176286114688 2.2730313903014943 -1.0622445637440012 -0.7038955894085767
0.459464102090875 0.023075187485067008 -1.728594680390781 -0.9015949456504845 0.24105568888426188 2.2694239119238917 -1.0618238932303121 -0.7057282501390054
0.4566388797682467 0.01846503639142283 -1.7337831335890028 -0.8954601389726371 0.24130320280733053 2.2658108067460683 -1.061416282413502 -0.7075657186452475
0.45381889186916674 0.0138567034398889 -1.7389499976525986 -0.8893206494830931 0.24155979560912177 2.2621925720394804 -1.0610212843293068 -0.7094075777523005
0.45100459785240277 0.00925127599371753 -1.7440941085088875 -0.8831777267490774 0.2418250938469121 2.258569688704634 -1.0606384678171925 -0.7112534259130263
0.4481964414538739 0.004649787192747849 -1.7492143686521218 -0.8770325625624227 0.2420987258989351 2.2549426217777895 -1.060267416956578 -0.7131028766524813
0.44539485106606186 5.321822797230667e-05 -1.7543097443132123 -0.8708862933875867 0.24238032241955085 2.251311820922367 -1.05990773052325 -0.7149555580319019
0.4426002401103849 -0.004537499475308487 -1.7593792627429767 -0.8647400027081608 0.24266951675944884 2.2476777209054886 -1.0595590214652446 -0.7168111121316549
0.4398130074025908 -0.0091214821621235 -1.7644220096044219 -0.8585947232760265 0.2429659453527829 2.2440407420601023 -1.0592209163974988 -0.7186691945524795
0.43703353751122836 -0.013697891736784788 -1.7694371264697453 -0.8524514392671471 0.24326924807304479 2.2404012907331032 -1.0588930551145959 -0.720529473934374
0.43426220110925995 -0.018265933832816755 -1.7744238084179136 -0.8463110883478207 0.24357906855939765 2.2367597597198667 -1.0585750901209556 -0.7223916314925061
0.43149935531888145 -0.02282485596065248 -1.779381301728834 -0.8401745636550639 0.24389505451510748 2.2331165286855943 -1.058266686177843 -0.7242553605695403
0.42874534404961806 -0.02737394573001478 -1.7843089016703013 -0.8340427156946494 0.24421685797963222 2.2294719645738557 -1.0579675198665912 -0.726120366203807
0.4260004983297674 -0.03191252914402081 -1.7892059503740438 -0.8279163541601737 0.24454413557585258 2.225826422002709 -1.057677279167459 -0.7279863647127488
0.42326513663126386 -0.036439968962165635 -1.7940718347973426 -0.8217962496763995 0.24487654873385709 2.2221802436487623 -1.0573956630535575 -0.7298530832911062
0.4205395651880396 -0.04095566312945225 -1.7989059847668332 -0.8156831354699792 0.2452137638926245 2.218533760619539 -1.0571223810993102 -0.7317202596233214
0.41782407830795976 -0.04545904326904288 -1.80370787110124 -0.8095777089705446 0.24555545268088205 2.214887292814485 -1.05685715310292 -0.7335876415096565
0.41511895867841225 -0.049949573235910025 -1.8084770038099105 -0.8034806333450248 0.24590129207835465 2.2112411492749615 -1.0565997087223438 -0.7354549865055418
0.412424477665632 -0.05442674772906477 -1.8132129303641507 -0.7973925389679368 0.24625096455856071 2.2075956285235483 -1.0563497871242884 -0.7373220615736862
0.4097408956078423 -0.05889009096003552 -1.8179152340384757 -0.791314024830283 0.24660415821425322 2.2039510188929734 -1.0561071366457626 -0.7391886427484986
0.40706846210229697 -0.06333915537536183 -1.822583532319005 -0.7852456598895835 0.24696056686654977 2.2003075988449803 -1.0558715144677318 -0.7410545148123849
0.40440741628630705 -0.06777352043095602 -1.8272174753763388 -0.7791879843634653 0.2473198901587443 2.196665637279433 -1.0556426863004427 -0.7429194709835005
0.4017579871123379 -0.07219279141627032 -1.8318167446003633 -0.7731415109691342 0.24768183363574214 2.1930253938339486 -1.0554204260800015 -0.7447833126145532
0.3991203936172624 -0.07659659832628779 -1.836381051194523 -0.7671067261109603 0.2480461088100139 2.1893871191743393 -1.055204515675798 -0.7466458489022665
0.39649484518585715 -0.08098459477943433 -1.8409101348272083 -0.7610840910183155 0.24841243321491852 2.185751055276144 -1.0549947446083892 -0.7485068966071252
0.39388154180862767 -0.08535645697958323 -1.8454037623379849 -0.755074042835716 0.24878053044620144 2.1821174356975104 -1.0547909097774664 -0.7503662797830409
0.3912806743340514 -0.08971188272039654 -1.8498617264964952 -0.7490769956672378 0.2491501301924344 2.178486485843691 -1.0545928151995456 -0.7522238295165854
0.38869242471532495 -0.09405059043031636 -1.8542838448119379 -0.7430933415770944 0.24952096825512274 2.1748584232234016 -1.0544002717550307 -0.7540793836754545
0.3861169662517032 -0.09837231825658588 -1.8586699583911168 -0.7371234515481858 0.24989278655916988 2.1712334576972925 -1.0542130969443142 -0.7559327866658355
0.38355446382451924 -0.1026768231867439 -1.863019930843133 -0.731167676400359 0.2502653331543522 2.1676117917187607 -1.0540311146525916 -0.7577838891983643
0.38100507412797074 -0.10696388020609791 -1.8673336472288653 -0.7252263476700426 0.2506383622084235 2.1639936205673447 -1.0538541549230778 -0.7596325480623665
0.3784689458947621 -0.11123328148974014 -1.8716110130534602 -0.719299778452857 0.25101163399243703 2.160379132574915 -1.0536820537383227 -0.7614786259080921
0.37594622011668843 -0.1154848356277271 -1.8758519533001219 -0.7133882642107304 0.2513849148588396 2.156768509344886 -1.0535146528093378 -0.763321991036659
0.3734370302602487 -0.11971836688209826 -1.8800564115035598 -0.7074920835449926 0.25175797721286647 2.1531619259646555 -1.0533517993722512 -0.7651625171974332
0.37094150247737445 -0.12393371447446148 -1.8842243488615185 -0.7016114989368549 0.2521305994777341 2.1495595512114782 -1.0531933459922251 -0.7670000833925843
0.3684597558113601 -0.12813073190292296 -1.8883557433828708 -0.6957467574566298 0.25250256605410365 2.145961547751972 -1.0530391503743708 -0.7688345736885598
0.36599190239808055 -0.1323092862871882 -1.8924505890708254 -0.6898980914429865 0.2528736672742614 2.142368072335451 -1.052889075181415 -0.7706658770342363
0.36353804766258113 -0.13646925774070645 -1.8965088951398443 -0.6840657191534857 0.2532436993514382 2.138779275981269 -1.0527429878578731 -0.7724938870855095
0.3610982905111239 -0.14061053876877605 -1.900530685264933 -0.6782498453875873 0.2536124643246668 2.135195304160361 -1.052600760460496 -0.7743185020360963
0.3586727235187746 -0.14473303369157048 -1.9045159968620113 -0.6724506620832749 0.25397976999955507 2.1316162969711536 -1.0524622694947694 -0.776139624454329
0.35626143311261255 -0.14883665809108648 -1.9084648803981263 -0.6666683488883929 0.25434542988533076 2.128042389310018 -1.0523273957572419 -0.77795716112573
0.3538644997506465 -0.15292133828105503 -1.9123773987303194 -0.6609030737077491 0.25470926312849373 2.1244737110364333 -1.0521960241834816 -0.7797710229011616
0.3514819980965175 -0.15698701079889368 -1.916253626472003 -0.6551549932269913 0.2550710944433934 2.1209103871330184 -1.0520680437014531 -0.7815811245503557
0.3491139971900696 -0.16103362191881557 -1.9200936493857477 -0.649424253414225 0.25543075404003046 2.11735253786059 -1.0519433470901238 -0.7833873846206306
0.3467605606138682 -0.16506112718524518 -1.9238975638014324 -0.6437109900003006 0.2557880775493652 2.1138002789084016 -1.051821830843112 -0.7851897253006144
0.34442174665574476 -0.16906949096572502 -1.9276654760587373 -0.6380153289386582 0.25614290594639766 2.110253721539703 -1.0517033950371957 -0.7869880722887946
0.34209760846744647 -0.17305868602252886 -1.931397501973009 -0.6323373868455839 0.25649508547127003 2.1067129727327742 -1.0515879432055093 -0.7887823546667265
0.33978819421946743 -0.17702869310222955 -1.9350937663235674 -0.6266772714216955 0.25684446754862705 2.1031781353175627 -1.0514753822152587 -0.7905725047767331
0.3374935472521378 -0.18097950054249792 -1.9387544023635532 -0.6210350818554398 0.2571909087054552 2.099649308108063 -1.0513656221497951 -0.7923584581039392
0.33521370622304636 -0.1849111038954389 -1.9423795513504556 -0.6154109092093567 0.257534270487609 2.0961265860305702 -1.0512585761948896 -0.794140153162486
0.33294870525087006 -0.18882350556679808 -1.9459693620964904 -0.6098048367898278 0.2578744193752201 2.092610060247931 -1.0511541605290602 -0.7959175313857776
0.3306985740556846 -0.19271671447039837 -1.9495239905380382 -0.604216940501002 0.2582112266971715 2.0890998182799168 -1.0510522942178047 -0.7976905370206185
0.3284633380958277 -0.19659074569719232 -1.9530435993233746 -0.5986472891835612 0.2585445685448099 2.085595944119838 -1.0509528991116004 -0.7994591170251026
0.32624301870138656 -0.2004456201983392 -1.9565283574179602 -0.5930959449389592 0.25887432568505647 2.0820985183475154 -1.050855899747537 -0.8012232209701222
0.32403763320437995 -0.2042813644817405 -1.9599784397265867 -0.5875629634397462 0.25920038347306684 2.0786076182387183 -1.05076122325445 -0.8029828009443689
0.3218471950657033 -0.20809801032148886 -1.9633940267317023 -0.58204839422656 0.25952263176458146 2.075123317871183 -1.050668799261433 -0.8047378114627024
0.31967171399890587 -0.21189559447970793 -1.9667753041472653 -0.5765522809923443 0.2598409648280976 2.0716456882273113 -1.0505785598096038 -0.8064882093777684
0.31751119609086664 -0.21567415844028132 -1.970122462587505 -0.5710746618543325 0.2601552812569859 2.0681747972936537 -1.050490439267013 -0.8082339537947508
0.31536564391943483 -0.21943374815398833 -1.9734356972499854 -0.565615569614308 0.2604654838816662 2.064710710157282 -1.0504043742465787 -0.8099750059891471
0.31323505666810075 -0.22317441379458375 -1.976715207612402 -0.560175032007638 0.2607714796819487 2.0612534890991356 -1.0503203035269422 -0.8117113293274599
0.31111943023776 -0.22689620952537728 -1.9799611971425526 -0.5547530719415499 0.2610731796996398 2.0578031936844456 -1.0502381679761357 -0.8134428891907026
0.3090187573556346 -0.23059919327588596 -1.9831738730209554 -0.549349707723107 0.26137049895150455 2.0543598808503236 -1.0501579104779677 -0.8151696529006174
0.30693302768141323 -0.2342834265281496 -1.9863534458756036 -0.5439649532773143 0.2616633563426707 2.0509236049905994 -1.0500794758610252 -0.816891589648512
0.3048622279106702 -0.2379489741123161 -1.9895001295283659 -0.5385988183557735 0.2619516745805532 2.0474944180379997 -1.050002810830199 -0.818608670426622
0.30280634187562444 -0.24159590401111888 -1.9926141407525613 -0.5332513087362845 0.26223538008937225 2.044072369543742 -1.0499278639006435 -0.8203208679619072
0.30076535064329635 -0.24522428717288347 -1.9956956990412589 -0.527922426413777 0.2625144029253314 2.0406575067546324 -1.0498545853340828 -0.8220281566521997
0.29873923261112056 -0.24883419733271567 -1.9987450263858675 -0.5226121697829383 0.2627886766925179 2.037249874687736 -1.0497829270773817 -0.8237305125046176
0.29672796360007125 -0.25242571084153614 -2.0017623470645978 -0.5173205338128888 0.2630581384595813 2.033849516202703 -1.049712842703298 -0.8254279130761648
0.29473151694535615 -0.25599890650264145 -2.0047478874403986 -0.5120475102142409 0.2633227286772432 2.0304564720718186 -1.049644287353338 -0.8271203374164406
0.29274986358473326 -0.2595538654154824 -2.007701875767979 -0.5067930875988664 0.26358239109668363 2.027070781047849 -1.0495772176826437 -0.8288077660123834
0.29078297214450455 -0.26309067082636506 -2.010624542009553 -0.5015572516326794 0.26383707268884854 2.0236924799297515 -1.049511591806835 -0.8304901807349767
0.2888308090232392 -0.26660940798578897 -2.0135161176589498 -0.49633998518173167 0.2640867235647163 2.0203216036263143 -1.0494473692507402 -0.832167564787849
0.28689333847327825 -0.2701101640121515 -2.016376835573743 -0.4911412684519057 0.26433129689655854 2.0169581852177925 -1.0493845108989461 -0.8338399026576989
0.2849705226800711 -0.27359302776155536 -2.0192069298150837 -0.4859610791224759 0.2645707488402269 2.013602256015602 -1.0493229789481013 -0.8355071800664821
0.2830623218393943 -0.27705808970346896 -2.022006635494915 -0.4807993924738002 0.2648050384584933 2.0102538456201313 -1.0492627368609144 -0.8371693839252976
0.2811686942325005 -0.28050544180199766 -2.024776188630268 -0.47565618150939115 0.2650341276454691 2.0069129819767277 -1.0492037493217816 -0.8388265022899133
0.27928959629924693 -0.2839351774025348 -2.02751582600435 -0.47053141707260615 0.26525798105212445 2.0035796914299207 -1.0491459821939892 -0.8404785243178722
0.2774249827092489 -0.28734739112357044 -2.0302257850341494 -0.46542506795818667 0.26547656601292713 2.00025399877593 -1.049089402478434 -0.8421254402271239
0.2755748064311057 -0.29074217875344394 -2.0329063036442876 -0.460337101018866 0.265689852473617 1.9969359273135194 -1.0490339782738056 -0.8437672412561278
0.27373901879974283 -0.2941196371518363 -2.035557620146861 -0.4552674812672562 0.26589781292013004 1.9936254988932425 -1.0489796787381815 -0.845403919625375
0.27191756958191576 -0.2974798641558053 -2.0381799731270296 -0.45021617197321623 0.26610042230868347 1.990322733965131 -1.0489264740519826 -0.8470354685002791
0.27011040703991857 -0.30082295849017454 -2.0407736013341156 -0.4451831347568947 0.2662976579970313 1.9870276516248788 -1.048874335382241 -0.8486618819553882
0.2683174779935392 -0.3041490196820964 -2.0433387435779795 -0.4401683296776323 0.26648949967689717 1.9837402696585629 -1.048823234848133 -0.8502831549398696
0.26653872788030397 -0.3074581479796135 -2.0458756386304646 -0.4351717153189015 0.2666759293075901 1.980460604585951 -1.0487731454877345 -0.8518992832442246
0.2647741008140511 -0.3107504442740534 -2.048384525131694 -0.4301932488694535 0.2668569310508071 1.9771886717024394 -1.0487240412259513 -0.8535102634681874
0.26302353964187464 -0.3140260100260957 -2.0508656415010216 -0.42523288620083577 0.26703249120662326 1.9739244851196622 -1.0486758968435856 -0.8551160929897682
0.261286985999476 -0.3172849471953581 -2.0533192258524435 -0.42029058194143537 0.2672025981506707 1.9706680578048155 -1.0486286879474978 -0.8567167699353986
0.25956438036496327 -0.3205273581733539 -2.0557455159142863 -0.4153662895471981 0.2673672422725049 1.9674194016187347 -1.0485823909418228 -0.858312293151141
0.25785566211113503 -0.32375334571967984 -2.0581447489529907 -0.41045996136916696 0.26752641591515536 1.964178527352768 -1.0485369830002058 -0.8599026621749244
0.25616076955628475 -0.3269630129012977 -2.0605171617008238 -0.4055715487179759 0.2676801133158574 1.9609454447644783 -1.048492442039019 -0.86148787720977
0.2544796400135632 -0.33015646303478047 -2.0628629902873543 -0.4007010019254317 0.2678283305479598 1.9577201626122138 -1.0484487466915255 -0.8630679390979717
0.25281220983893277 -0.3333337996313971 -2.065182470174533 -0.39584827040330844 0.267971065464002 1.9545026886885841 -1.0484058762829576 -0.8646428492961976
0.25115841447774867 -0.3364951263449165 -2.0674758360952263 -0.3910133026994764 0.26810831763995424 1.9512930298528715 -1.0483638108064735 -0.8662126098514799
0.24951818851000077 -0.3396405469220157 -2.0697433219950607 -0.38619604655147916 0.2682400883206122 1.948091192062415 -1.048322530899966 -0.8677772233780621
0.24789146569424894 -0.34277016515518066 -2.071985160977437 -0.3813964489376712 0.2683663803661375 1.944897180402998 -1.048282017823689 -0.8693366930350728
0.2462781790102841 -0.3458840848379958 -2.0742015852515796 -0.3766144561260203 0.26848719819973427 1.9417109991182702 -1.048242253438674 -0.8708910225049968
0.24467826070054657 -0.34898240972271855 -2.0763928260834965 -0.3718500137206768 0.26860254775645104 1.9385326516382355 -1.0482032201859097 -0.872440215972916
0.24309164231033278 -0.3520652434800424 -2.078559113749721 -0.3671030667064073 0.26871243643309817 1.9353621406068344 -1.0481649010662557 -0.8739842781064912
0.24151825472682006 -0.35513268966095496 -2.0807006774937205 -0.3623735594909847 0.2688168730392674 1.9321994679086485 -1.0481272796210643 -0.8755232140366606
0.23995802821693957 -0.35818485166060066 -2.08281774548486 -0.35766143594562405 0.2689158677494425 1.9290446346947574 -1.0480903399134878 -0.8770570293390287
0.2384108924641258 -0.36122183268406266 -2.084910544779808 -0.35296663944354967 0.26900943205618816 1.9258976414077726 -1.048054066510443 -0.8785857300159208
0.23687677660397125 -0.36424373571398083 -2.086979301286282 -0.3482891128967747 0.26909757872440376 1.9227584878060737 -1.0480184444652134 -0.8801093224790794
0.23535560925881346 -0.36725066347992674 -2.089024239729032 -0.3436287987911716 0.2691803217466285 1.9196271729872738 -1.0479834593006636 -0.8816278135329814
0.23384731857128183 -0.3702427184294599 -2.091045583617969 -0.33898563921990754 0.26925767629938396 1.9165036954109382 -1.0479490969930454 -0.8831412103587523
0.23235183223683006 -0.37322000270079164 -2.093043555218339 -0.3343595759153179 0.2693296587005403 1.9133880529205796 -1.047915343956374 -0.8846495204986571
0.23086907753528058 -0.37618261809698755 -2.095018375522864 -0.32975055027928435 0.2693962863676908 1.9102802427649506 -1.0478821870273554 -0.8861527518411472
0.22939898136140566 -0.37913066606164114 -2.096970264225753 -0.325158503412185 0.26945757777752083 1.90718026161866 -1.0478496134508442 -0.8876509126064439
0.22794147025456996 -0.38206424765595387 -2.098899439698513 -0.3205833761404784 0.26951355242615577 1.9040881056021297 -1.0478176108658117 -0.8891440113326395
0.2264964704274588 -0.3849834635371605 -2.10080611896747 -0.31602510904298137 0.26956423079047315 1.9010037703009166 -1.0477861672918112 -0.8906320568622973
0.2250639077939153 -0.38788841393824064 -2.102690517692936 -0.3114836424758991 0.26960963429036333 1.8979272507844165 -1.0477552711159157 -0.8921150583295329
0.22364370799590957 -0.3907791986488589 -2.1045528501499393 -0.30695891659666186 0.2696497852519236 1.8948585416239725 -1.0477249110801168 -0.8935930251475603
0.2222357964296623 -0.39365591699748065 -2.1063933292104573 -0.3024508713866212 0.2696847068715703 1.8917976369104041 -1.0476950762691672 -0.895065966996686
0.22084009827094456 -0.3965186678346098 -2.1082121663270788 -0.2979594466726561 0.26971442318105315 1.8887445302709776 -1.0476657560988487 -0.8965338938127342
0.21945653849957564 -0.39936754951709985 -2.1100095715180354 -0.29348458214773776 0.26973895901335654 1.8856992148858325 -1.0476369403046533 -0.8979968157758905
0.21808504192313907 -0.40220265989348913 -2.111785753353542 -0.2890262173904984 0.269758339969472 1.882661683503885 -1.0476086189308622 -0.8994547432999462
0.216725533199938 -0.40502409629031516 -2.113540918943383 -0.28458429188384915 0.2697725923860262 1.8796319284582215 -1.0475807823200078 -0.9009076870219309
0.21537793686120937 -0.4078319554993636 -2.115275273925693 -0.2801587450326888 0.2697817433037488 1.8766099416810003 -1.0475534211027053 -0.902355657792119
0.21404217733261657 -0.4106263337658097 -2.1169890224568713 -0.2757495161807442 0.2697858204367654 1.8735957147178763 -1.0475265261878417 -0.9037986666643973
0.21271817895503947 -0.4134073267772118 -2.1186823672025885 -0.271356544626581 0.2697848521426984 1.870589238741965 -1.0475000887531078 -0.9052367248869806
0.21140586600468045 -0.4161750296533178 -2.120355509329825 -0.2669797696388212 0.2697788673935622 1.8675905045673573 -1.047474100235864 -0.9066698438934623
0.21010516271250454 -0.41892953693664786 -2.1220086484998975 -0.2626191304706044 0.2697678957474368 1.8645995026622038 -1.0474485523243249 -0.9080980352941896
0.20881599328303135 -0.4216709425838171 -2.123641982862431 -0.25827456637332497 0.26975196732090334 1.8616162231613775 -1.047423436949052 -0.9095213108679508
0.20753828191249588 -0.4243993399575648 -2.1252557090502266 -0.25394601660967875 0.2697311127622283 1.8586406558787325 -1.047398746274747 -0.9109396825539636
0.20627195280639538 -0.4271148218194571 -2.1268500221749895 -0.24963342046605014 0.2697053632252798 1.8556727903189685 -1.0473744726923286 -0.9123531624441539
0.2050169301964385 -0.4298174803232311 -2.1284251158238705 -0.2453367172642688 0.2696747503441623 1.8527126156891152 -1.0473506088112912 -0.9137617627757153
0.20377313835691263 -0.4325074070087517 -2.129981182056784 -0.24105584637276506 0.26963930620855364 1.8497601209096477 -1.047327147452326 -0.9151654959239389
0.20254050162048554 -0.4351846927965513 -2.131518411404472 -0.23679074721715043 0.2695990633397312 1.8468152946252456 -1.0473040816402044 -0.9165643743953032
0.20131894439345605 -0.43784942798292503 -2.133036992867263 -0.23254135929025013 0.26955405466727156 1.8438781252152057 -1.0472814045969074 -0.9179584108208163
0.200108391170469 -0.4405017022355552 -2.134537113914513 -0.22830762216161155 0.26950431350640963 1.84094860080352 -1.047259109734997 -0.9193476179496001
0.19890876654870915 -0.44314160458963975 -2.1360189604846744 -0.22408947548651312 0.26944987353604355 1.8380267092686315 -1.0472371906512166 -0.9207320086427088
0.19771999524158787 -0.44576922344450015 -2.1374827169859785 -0.21988685901449598 0.2693907687773708 1.8351124382528738 -1.047215641120317 -0.9221115958671732
0.1965420020919365 -0.44838464656064564 -2.138928566297689 -0.2156997125974403 0.26932703357314175 1.8322057751716085 -1.047194455089098 -0.9234863926902622
0.19537471208472026 -0.4509879610572718 -2.1403566897719064 -0.21152797619720692 0.26925870256751777 1.829306707222068 -1.0471736266706555 -0.924856412273955
0.19421805035928544 -0.4535792534101716 -2.141767267235891 -0.20737158989286433 0.26918581068651914 1.826415221391913 -1.0471531501388318 -0.9262216678696146
0.19300828433911468 -0.4561291495569523 -2.143152805782348 -0.20323916821732244 0.26909702475656305 1.8234720049700561 -1.0470332017451514 -0.9275821728128578
0.19174730372769427 -0.45863891322913763 -2.144513528688845 -0.19913024554532274 0.2689928394542902 1.820479311164875 -1.0468176088329697 -0.9289379405186133
0.19043694307170234 -0.46110976339356 -2.145849662555868 -0.19504437355714446 0.2688737319053471 1.817439311831367 -1.0465100610903082 -0.9302889844763612
0.18907898335358536 -0.46354287587781395 -2.1471614369930427 -0.19098112055798258 0.2687401623515102 1.814354100375272 -1.0461141154778828 -0.9316353182455478
0.18767515353710273 -0.465939384936616 -2.1484490843201294 -0.18694007082351405 0.2685925747922988 1.8112256945535063 -1.0456332009807445 -0.9329769554511699
0.18622713206727048 -0.4683003847612149 -2.1497128392822002 -0.18292082397066275 0.26843139760204066 1.808056039174617 -1.0450706231898446 -0.9343139097795214
0.1847365483260915 -0.4706269309339171 -2.1509529387784334 -0.1789229943526115 0.26825704412331863 1.8048470087028248 -1.0444295687196135 -0.935646194974098
0.18320498404541496 -0.47292004182972086 -2.152169621603969 -0.17494621047714437 0.268069913237692 1.8016004097691032 -1.0437131094674235 -0.9369738248316525
0.1816339746782266 -0.4751806999669755 -2.153363128204309 -0.17099011444743778 0.26787038991455286 1.7983179835926162 -1.0429242067205942 -0.9382968131983977
0.18002501072962976 -0.4774098533089175 -2.1545337004417435 -0.1670543614244503 0.2676588457389456 1.7950014083157146 -1.0420657151163992 -0.9396151739663493
0.17765121584031696 -0.4792713596889892 -2.155593813418367 -0.16323786394059078 0.26730557159445084 1.7909738432411957 -1.039998345708772 -0.9409289210698049
0.1745378025515979 -0.48078020351788603 -2.1565444039700785 -0.15953547516292 0.2668164065170633 1.786264023485289 -1.036770696000781 -0.942238068481955
0.17070925016122188 -0.48195080063933937 -2.1573864619662575 -0.15594226717723844 0.26619696144312577 1.780899634969946 -1.0324295832357713 -0.9435426302116203
0.16618932620348403 -0.4827970195366232 -2.1581210264529074 -0.1524535221363546 0.265452628079659 1.7749073523720669 -1.0270201089826336 -0.9448426203001105
0.16100110728063624 -0.48333220175518227 -2.158749181975653 -0.14906472375413238 0.26458858743359304 1.7683128757005675 -1.0205857213806842 -0.9461380528182011
0.15516699926586566 -0.48356918157021106 -2.159272055075332 -0.14577154913208465 0.2636098180128349 1.7611409655509322 -1.0131682751289515 -0.9474289418632243
0.1487087568974513 -0.4835203049269533 -2.1596908109491837 -0.1425698609057811 0.262521103711623 1.7534154770850992 -1.0048080893015947 -0.9487153015562689
0.14164750278307742 -0.4831974476804741 -2.1600066502709163 -0.13945569969881935 0.26132704139215285 1.7451593927827906 -0.9955440030682181 -0.9499971460394856
0.13400374583267102 -0.48261203316067536 -2.1602208061631734 -0.136425276872573 0.2600320481740092 1.7363948540087362 -0.985413429394989 -0.9512744894734947
0.12579739913754084 -0.4817750490873792 -2.160334541316174 -0.13347496756037577 0.2586403684425088 1.727143191438622 -0.9744524067997198 -0.9525473460348916
0.11704779731302407 -0.4806970638593943 -2.160349145246532 -0.1306013039752306 0.25715608058664113 1.7174249543850537 -0.962695649231422 -0.9538157299138473
0.10706701070468841 -0.47931849051938547 -2.1601929548224885 -0.12772458047118468 0.25550211985307736 1.70431335971829 -0.9482931521864842 -0.9550800483643253
0.09596296120755272 -0.4776652403499649 -2.1598713519982704 -0.12484821947730255 0.25369670054705873 1.6881217391007177 -0.9314996753219026 -0.9563402996802769
0.08383637059018106 -0.47576144400349546 -2.1593897812328877 -0.12197532679285256 0.25175668005512986 1.6691411845109116 -0.9125516570764052 -0.9575964827346252
0.07078121559896862 -0.4736295673342915 -2.1587537278912885 -0.11910871505146145 0.2496976507861879 1.6476420122936544 -0.8916684279958891 -0.9588485969569476
0.056885154542850216 -0.47129051982312964 -2.157968698675169 -0.1162509255832472 0.24753402609843111 1.6238751333672432 -0.8690533460461204 -0.9600966423119552
0.04222992714789225 -0.46876375606480736 -2.1570402039317127 -0.11340424878023884 0.24527912059935636 1.5980733355431829 -0.8448948588715887 -0.961340619278739
0.026891729358692627 -0.4660673707596607 -2.155973741698921 -0.11057074306360079 0.24294522518124093 1.570452483536893 -0.8193674976456299 -0.9625805288307556
0.010941564658065598 -0.4632181876220132 -2.1547747833559097 -0.10775225254482111 0.24054367713139865 1.541212641895369 -0.7926328068629737 -0.9638163724165277
-0.005554426622318531 -0.46023184259235506 -2.153448760755609 -0.10495042346707115 0.23808492563482794 1.5105391257373049 -0.7648402141504772 -0.9650481519410338
-0.022527984012463614 -0.45688545783062645 -2.152076042073539 -0.10222206370860257 0.23555113846928719 1.4789097627611363 -0.7365869420884138 -0.966274591336237
-0.039917085724113455 -0.45321998863239465 -2.150655844427258 -0.09956059142837387 0.23295298971717035 1.4464635405323285 -0.7079657945593922 -0.9674957450341338
-0.05766431013314191 -0.4492732048015557 -2.1491877020175827 -0.0969599421450966 0.2303002766189741 1.4133282915741463 -0.6790617424139095 -0.9687116660139343
-0.07571652568598285 -0.4450799140936136 -2.1476714344754453 -0.09441453187099412 0.22760198306370544 1.3796214821377966 -0.6499524882837455 -0.9699224058518011
-0.09402460130759377 -0.44067217054806657 -2.146107117669996 -0.09191922275852073 0.2248663386948576 1.3454509474570109 -0.6207089927116228 -0.9711280147688334
-0.11254313595812752 -0.4360794687180854 -2.1444950568033336 -0.08946929109195716 0.22210087392845151 1.3109155770642307 -0.5913959641955641 -0.972328541677359
-0.13123020607487434 -0.43132892473872936 -2.1428357616291662 -0.08706039746695884 0.21931247115978914 1.2761059535077492 -0.562072315573195 -0.9735240342255955
-0.1500471297195098 -0.4264454451124439 -2.141129923643829 -0.08468855901155334 0.21650741241703483 1.2411049475871496 -0.5327915890095574 -0.9747145388407351
-0.16895824632863607 -0.42145188403222494 -2.139378395108454 -0.08235012351181425 0.21369142370244862 1.2059882730170841 -0.5036023517010583 -0.9759001007705125
-0.18793071103839765 -0.41636919000834544 -2.13758216977077 -0.08004174531452468 0.21086971624595172 1.1708250032359009 -0.47454856426727415 -0.9770807641233066
-0.2069343026219322 -0.41121654251366313 -2.1357423651640253 -0.07776036288762735 0.20804702488064025 1.1356780528949344 -0.44566992367077957 -0.9782565719068299
-0.22594124414189967 -0.40601147931502296 -2.133860206368968 -0.07550317792718056 0.2052276437358014 1.1006046263955604 -0.4170021823823739 -0.9794275660654544
-0.24492603547961694 -0.400770015113914 -2.1319370111326403 -0.07326763590693659 0.20241545942986305 1.0656566356836186 -0.38857744539443634 -0.9805937875162222
-0.26386529695768673 -0.39550675207812747 -2.129974176245086 -0.07105140797356593 0.19961398193345942 1.0308810893637392 -0.3604244465781234 -0.9817552761835878
-0.2827376233247137 -0.3902349828074928 -2.1279731650818943 -0.06885237409700072 0.1968263732613647 0.996320455058822 -0.3325688057802212 -0.9829120710329375
-0.30155970801501164 -0.38490229753384786 -2.125976285568714 -0.06667102933355151 0.194132171253853 0.9620278685053134 -0.3050408456901333 -0.984064936672764
-0.3203089504282778 -0.3795252594049988 -2.123983899772677 -0.06450666898857428 0.191529072613728 0.9280360560842037 -0.27785956831497444 -0.9852138810079061
-0.338964741233745 -0.37411895963484587 -2.121996400774444 -0.062358628704732945 0.18901482225389019 0.8943742503757077 -0.2510416033580487 -0.9863589121280383
-0.3575083218466018 -0.3686971257299915 -2.1200142075604225 -0.0602262820247606 0.18658721309052398 0.8610684575156203 -0.22460139684491104 -0.9875000382994891
-0.37592265336194564 -0.36327222223916733 -2.118037760367984 -0.05810903810818166 0.18424408575399642 0.8281417057995446 -0.19855138630505986 -0.988637267957355
-0.3941922943155956 -0.35785554453068485 -2.116067516449907 -0.0560063395920094 0.18198332822628654 0.7956142768119502 -0.1729021634319971 -0.9897706096978987
-0.4123032866831391 -0.3524573060692412 -2.1141039462266367 -0.053917660586089766 0.17980287541305748 0.7635039202709969 -0.14766262508197878 -0.9909000722712223
-0.43024304956782555 -0.34708671963179866 -2.11214752979714 -0.051842504794374744 0.1777007086578248 0.731826053699806 -0.1228401134135622 -0.9920256645742053
-0.44800028006454184 -0.34175207287276427 -2.1101987537811895 -0.0497804037539812 0.17567485520506593 0.7005939479599956 -0.09844054591575364 -0.9931473956436973
-0.46556486082128046 -0.3364607986211736 -2.1082581084678065 -0.04773091518442504 0.1737233876185507 0.6698188996134534 -0.07446853602191125 -0.9942652746499585
-0.48292777385140745 -0.3312195402669029 -2.1063260852463856 -0.04569362143992007 0.17184442316065085 0.6395103910131664 -0.05092750495931596 -0.995379310890337
-0.5000810201798028 -0.3260342125689729 -2.104403174298661 -0.0436681280580965 0.17003612313790178 0.6096762389631455 -0.027819785440260238 -0.9964895137831753
-0.5170175449337293 -0.3209100581966488 -2.102489862531233 -0.04165406239892979 0.16829669221764182 0.5803227327307813 -0.005146717759407261 -0.997595892861938
-0.5337311675152099 -0.3158517002931801 -2.100586631729806 -0.039651072368076655 0.16662437772013988 0.5514547621420769 0.017091261176157724 -0.998698457769553
-0.5502165165158936 -0.31086319133255697 -2.0986939569176264 -0.03765882521919503 0.16501746889023883 0.5230759364408575 0.03889453539351161 -0.9997972182529589
-0.566468969057972 -0.3059480585214976 -2.0968123049018588 -0.035677006430179285 0.16347429615218687 0.49518869454703357 0.060264233519782974 -1.0008921841578493
-0.5824845942657841 -0.3011093459819338 -2.094942132992803 -0.033705318648573235 0.16199323035100177 0.4677944073060553 0.08120215814111231 -1.0019833654236103
-0.5982601005924224 -0.2963496539334482 -2.0930838878819356 -0.031743480701732885 0.16057268198340985 0.44089347228164666 0.10171072045744874 -1.0030707720784413
-0.6137927867440056 -0.2916711750803626 -2.0912380046657666 -0.02979122666759986 0.15921110042112135 0.41448540160654634 0.1217928798629945 -1.0041544142346543
-0.6290804959614252 -0.28707572839441 -2.089404906003443 -0.027848305002216394 0.15790697312894644 0.388568903371136 0.1414520881073307 -1.0052343020841454
-0.6441215734353604 -0.2825647904710776 -2.0875850013969086 -0.025914477720364884 0.1566588248800169 0.3631419569973264 0.1606922377157785 -1.006310445894031
-0.6589148266452848 -0.27813952462572317 -2.0857786865832346 -0.023989519625950712 0.15546521697015925 0.3382018830147551 0.1795176143694848 -1.0073828560024447
-0.6734594884271193 -0.2738008078843834 -2.083986343029504 -0.022073217588966902 0.15432474643326244 0.3137454076280643 0.19793285296617483 -1.0084515428144873
-0.6877551825871858 -0.26954925601376045 -2.0822083375213305 -0.020165369866084915 0.15323604525929613 0.28976872243764923 0.21594289710158773 -1.009516516798327
-0.7018018918922554 -0.26538524672513764 -2.080445021836755 -0.018265785462107845 0.15219777961646413 0.26626753965166294 0.23355296172939607 -1.0105777884814418
-0.7156182268741151 -0.2612976502618993 -2.0786477167182182 -0.016384488714032315 0.15116012773937304 0.24320183503718612 0.2508067555339541 -1.0116354414420294
-0.7292036106873399 -0.25728762075087946 -2.0768196873000186 -0.01452045663995394 0.15012335978061656 0.2205699703950419 0.2677067442026614 -1.0126894834493687
-0.7425578163276783 -0.2533560618128292 -2.0749640339827393 -0.012672755005098513 0.1490877105388819 0.19836972229538186 0.2842557878109171 -1.013739922424064
-0.7556809380587332 -0.2495036477159105 -2.0730837000449878 -0.010840531571944898 0.14805338291785952 0.1765983384582125 0.300457099951169 -1.0147867664311834
-0.7685733647999419 -0.24573084302057674 -2.0711814788911225 -0.009023009819348289 0.14702055109954826 0.15525258996171887 0.31631420995729426 -1.0158300236736448
-0.7812357553461952 -0.24203792081777756 -2.0692600209537595 -0.007219483099399156 0.14598936345338512 0.1343288195650516 0.33183092800927644 -1.0168697024858406
-0.7936690152979496 -0.23842497965566395 -2.0673218402688085 -0.005429309202805234 0.14495994520110667 0.11382298641304833 0.3470113129176275 -1.017905811327494
-0.8058742755886443 -0.23489195924365353 -2.065369320739801 -0.0036519053055017858 0.14393240085583078 0.093730707372438 0.36185964240052443 -1.0189383587777363
-0.8178528725036651 -0.2314386550168167 -2.063404722107335 -0.0018867432709878855 0.14290681645252729 0.07404729523234349 0.3763803856792495 -1.019967353529402
-0.8296063290920463 -0.22806473163803362 -2.061430185638595 -0.00013334528456174222 0.14188326158581746 0.0547677939862752 0.39057817822930335 -1.0209928043835275
-0.8411559617034374 -0.22475934457706312 -2.059472262953953 0.00162651438173788 0.14083504070872144 0.03589556885888555 0.40443235090893853 -1.022014749707418
-0.8525030835810217 -0.2215222636194403 -2.057531349164685 0.0033925253373750207 0.13976336034657988 0.017424781011762078 0.4179487970761867 -1.0230331972908002
-0.8636491571570395 -0.21835315016430346 -2.0556078275415444 0.005164378784863498 0.13866937915924427 -0.0006505621763296561 0.43113346979923817 -1.0240481550599678
-0.8745957800267022 -0.2152515676761393 -2.0537020686723158 0.006941768035245426 0.13755420998336837 -0.018336583125713082 0.44399236592870717 -1.025059631071489
-0.8853446719105156 -0.21221699136690003 -2.051814429747034 0.008724388972744752 0.13641892177238193 -0.0356395120103851 0.4565315115453205 -1.0260676335061436
-0.8958976625391746 -0.20924881716100097 -2.049945253959796 0.010511940472314478 0.1352645414400998 -0.0525656665137085 0.46875694868323486 -1.0270721706630797
-0.9062566803995353 -0.20634636999220973 -2.048094870016922 0.012304124773546726 0.13409205561354098 -0.06912143325731468 0.48067472323603977 -1.0280732509541815
-0.9164237422842241 -0.20350891147817293 -2.0462635917419925 0.01410064781418172 0.13290241230017893 -0.08531325078400752 0.49229087395889326 -1.0290708828986415
-0.9264009435912313 -0.20073564701527585 -2.0444517177689856 0.01590121952623377 0.13169652247451413 -0.1011475939835677 0.5036114224861995 -1.0300650751177305
-0.9361904493233772 -0.19802573233368273 -2.0426595313154063 0.0177055540975487 0.13047526158855163 -0.11663095985792168 0.5146423642897952 -1.0310558363297564
-0.9457944857408419 -0.1953782795497463 -2.0408873000279155 0.019513370201416802 0.12923947101047809 -0.13176985452919876 0.5253896605077969 -1.032043175345207
-0.955215332623034 -0.1927923627504912 -2.0391352758935324 0.021324391196687494 0.1279899593955638 -0.1465707814007855 0.5358592305790975 -1.0330271010620704
-0.9644553160989654 -0.19026702314255706 -2.0374036952100196 0.023138345300665625 0.1267275039930639 -0.16104023038763204 0.5460569456230064 -1.0340076224613246
-0.9735168020079817 -0.18780127379582162 -2.0356927786095476 0.024954965736913977 0.12545285189265795 -0.17518466813779762 0.5559886225077363 -1.0349847486025923
-0.9824021897552232 -0.18539410400990158 -2.034002731130198 0.026773990859941362 0.12416672121374706 -0.18901052917257105 0.565660018555354 -1.0359584886199542
-0.9889630195714383 -0.1813193855548239 -2.02550578022243 0.026596198335146988 0.12397447414546404 -0.20343351338528953 0.5759515183955025 -1.036928851717916
-0.9934077228335045 -0.17571353795974845 -2.010821103350025 0.024614554728907757 0.12472978028610042 -0.21839882813221786 0.5868027318534547 -1.0378958471675221
-0.9959303336900931 -0.16870527065670812 -1.9905272084972516 0.021008738197741544 0.12629869193873652 -0.2338537780510531 0.59815629219226 -1.0388594843026115
-0.996711365365753 -0.16041593217794076 -1.9651642284390538 0.015945914022140135 0.12855880249358664 -0.2497477871107376 0.6099577819785993 -1.0398197725162122
-0.9959186367696928 -0.15095984725213005 -1.9352360977009424 0.009581469558914459 0.13139845486069734 -0.2660324084467935 0.6221556548462723 -1.040776721257067
-0.9937080521261668 -0.1404446419857374 -1.9012126177764581 0.0020597105611352 0.13471599724228725 -0.2826613233926145 0.6347011539550483 -1.041730340026288
-0.9902243361962523 -0.12897155733365445 -1.8635314159213852 -0.006485479271961012 0.13841908367072941 -0.2995903309936075 0.6475482278625044 -1.0426806383741332
-0.9856017275217569 -0.11663575107889909 -1.8225998026057986 -0.01593001373586803 0.14242401686837106 -0.3167773291770947 0.6606534444529739 -1.0436276258969024
-0.9799646319905737 -0.10352658855423837 -1.7787965324770745 -0.026159012852975644 0.14665513110936107 -0.33418228864578925 0.6739759035003223 -1.0445713122339484
-0.9734282388985729 -0.08972792234966084 -1.73247347346876 -0.03706624327286073 0.15104421288169517 -0.3517672204657803 0.6874771483795202 -1.0455117070647977
-0.9660991015656674 -0.0753183612587267 -1.6839571884812927 -0.048553588790768556 0.15552995726006455 -0.3694961382307282 0.7011210773854435 -1.0464488201063786
-0.9580756844526512 -0.060371528724177295 -1.6335504338605924 -0.06053054950449687 0.16005745800706658 -0.3873350156017996 0.7148738550656263 -1.0473826611103516
-0.9494488786204064 -0.04495631104894879 -1.5815335787091398 -0.07291376819710126 0.16457772952215263 -0.4052517399472639 0.7287038239264366 -1.0483132398605388
-0.9403024872737749 -0.029137095643057866 -1.5281659488809813 -0.0856265825972177 0.16904725885458596 -0.42321606273613094 0.7425814168290088 -1.04924056617045
-0.9309829366107515 -0.012783006336856615 -1.4736495199428796 -0.09842442771636403 0.17319505977071908 -0.44125151279683517 0.7562873939534457 -1.05016462222917
-0.9215240133488719 0.004026501294471645 -1.418204542262283 -0.11125850339707168 0.1770162072022777 -0.4593217169533715 0.7698173483559921 -1.051085419037743
-0.9119570532299772 0.02121775332544393 -1.3620343134238455 -0.12408449260475926 0.18050770572419855 -0.47739321578323773 0.7831673146798296 -1.0520029675791032
-0.9023110754135388 0.038722520804686036 -1.3053261932728701 -0.13686226174711563 0.1836683046639309 -0.49543528491737077 0.7963337463956545 -1.0529172788174006
-0.8926129107464319 0.05647770030614557 -1.2482525663198885 -0.14955557800870828 0.18649832610553305 -0.5134197660873211 0.8093134940948429 -1.0538283636973556
-0.8828873241375835 0.07442501090794033 -1.1909717539476419 -0.16213184283862783 0.18899950502970714 -0.531320907419806 0.8221037847783653 -1.05473623314364
-0.8731571312601061 0.09251070683364375 -1.1336288787601465 -0.1745618407686765 0.19117484087051326 -0.5491152125037757 0.8347022020886132 -1.0556408980602858
-0.8633244302139441 0.11061129660102086 -1.0763734279339858 -0.18680195971897592 0.19304605920323545 -0.5665492757577597 0.8469310078075528 -1.0565423693301181
-0.8534129801762 0.12868469779992656 -1.0193263573095952 -0.19882999649485472 0.19461742026142462 -0.5836137424000896 0.8587960982378151 -1.0574406578142135
-0.8434447447145781 0.14669244211637622 -0.9625977460917181 -0.21062641732501503 0.1958941058233228 -0.6003006966309651 0.8703033569033184 -1.0583357743513822
-0.8334399951227934 0.1645994504588422 -0.9062874914180706 -0.22217416267692258 0.19688210797517433 -0.6166035604178799 0.8814586525908638 -1.0592277297576733
-0.8234174086826154 0.18237381999815125 -0.8504859653950754 -0.23345846370861884 0.19758812633584935 -0.632516997937393 0.8922678372990062 -1.0601165348259014
-0.8133941620710355 0.1999866225594747 -0.7952746364014133 -0.24446666974773587 0.19801947321774896 -0.6480368253976972 0.9027367441154458 -1.0610022003251942
-0.8033860201229039 0.21741171382863816 -0.7407266563825776 -0.2551880862172291 0.1981839862275469 -0.6631599259784059 0.9128711850422446 -1.061884737000562
-0.7934074201514704 0.23462555285782938 -0.6869074157850138 -0.26561382245485105 0.19808994783750605 -0.677884169635485 0.9226769487863726 -1.0627641555724858
-0.7834715520216043 0.2516070313777771 -0.6338750677066859 -0.2757366488997203 0.1977460114839484 -0.6922083375303247 0.9321597985314061 -1.0636404667365253
-0.7735904341630381 0.26833731244463915 -0.5816810227719464 -0.28555086314453515 0.1971611337740165 -0.7061320508525762 0.9413254697046407 -1.064513681162944
-0.7637749857037781 0.28479967797019734 -0.530370416172297 -0.29505216437608717 0.19634451240519987 -0.7196557038166012 0.9501796677524322 -1.0653838094963533
-0.7540350948968626 0.30097938470354024 -0.47998254825093495 -0.3042375357497888 0.19530552942426715 -0.7327804006211955 0.9587280659352271 -1.066250862355372
-0.7443796840068941 0.316863528251242 -0.4305512999477925 -0.31310513426597664 0.19405369947329698 -0.7455078961716797 0.9669763031524999 -1.0671148503323047
-0.7348167708162461 0.33244091474114607 -0.38210552436301015 -0.321654187736837 0.19259862269048877 -0.7578405403724972 0.9749299818066552 -1.067975783992834
-0.7253535269045267 0.34770193975225655 -0.33466941564036085 -0.32988489845295 0.19094994195240694 -0.7697812258071584 0.9825946657138798 -1.0688336738757287
-0.7159963328487775 0.3626384741499516 -0.2882628563179745 -0.33779835317770734 0.1891173041623171 -0.7813333386307012 0.9899758780689436 -1.0696885304925656
-0.706750830485977 0.3772437564817887 -0.24290174424172914 -0.3453964391162622 0.18711032530635294 -0.7925007125078457 0.9970790994700311 -1.0705403643274676
-0.697621972373718 0.39151229160458634 -0.19859830008679621 -0.3526817655232435 0.18493855901545322 -0.8032875854376952 1.003909766008842 -1.0713891858368538
-0.6886140685794176 0.40543975522826936 -0.15536135648498173 -0.35965759063025704 0.18261146838636874 -0.813698559313197 1.0104732674304273 -1.0722350054492036
-0.6797308309230944 0.419022904076173 -0.11319662970961743 -0.36632775359022357 0.18013840082960014 -0.823738562070634 1.0167749453665074 -1.0730778335648323
-0.670975414793615 0.4322594913751335 -0.07210697482576045 -0.37269661115090463 0.17752856572592626 -0.8334128122911834 1.022820091645371 -1.0739176805556805
-0.6623504586533562 0.44514818740177586 -0.03209262517128479 -0.37876897878457166 0.1747910146862548 -0.8427267861230628 1.028613946680846 -1.0747545567651138
-0.6538581213414433 0.4576885048239549 0.006848583005970247 -0.38455007601470736 0.17193462422190825 -0.851686186398995 1.0341616979422912 -1.075588472507735
-0.6455001172811209 0.4698807285883377 0.044720999968555955 -0.39004547569392106 0.16896808064418087 -0.8602969138296699 1.039468478507051 -1.076419438069206
-0.6372777496923633 0.481725850116652 0.08153096521793254 -0.3952610569999382 0.16589986702309747 -0.8685650401595862 1.0445393656963629 -1.0772474637060818
-0.6291919419065504 0.49322550558418066 0.11728662281733498 -0.4002029619286121 0.16273825204580486 -0.8764967831771013 1.0493793797952908 -1.0780725596456529
-0.6212432668759061 0.5043819180646787 0.15199774862918775 -0.40487755507443113 0.15949128062495765 -0.8840984834757467 1.0539934828568798 -1.0788947360857986
-0.6134319749664245 0.5151978433360399 0.18567558881983132 -0.40929138649997665 0.15616676611685204 -0.8913765828688579 1.058386577590393 -1.0797140031948493
-0.6057580201191765 0.5256765191507645 0.21833270901548626 -0.4134511575062543 0.1527722840179393 -0.8983376043643498 1.062563506333179 -1.080530371111458
-0.5982210844612111 0.5358216177845879 0.24998285352319677 -0.41736368912578875 0.1493151670167404 -0.9049881336110394 1.0665290501054505 -1.0813438499444803
-0.5908206014437175 0.5456372016855473 0.28064081405901653 -0.4210358931698704 0.14580250128610905 -0.911334801732289 1.0702879277470017 -1.0821544497728626
-0.5835147021216728 0.5550880086753143 0.3104632605250936 -0.42447629933078623 0.14226457844037704 -0.917418458341898 1.0738494990029444 -1.0829564579221331
-0.5763053845856615 0.5641787065878735 0.33945458861696404 -0.42768985748515276 0.13870336876425812 -0.9232444438129618 1.0772172687393733 -1.0837501111161025
-0.5691943101773508 0.572914460947687 0.3676206461071053 -0.43068179442786597 0.13512103423010519 -0.9288180719195301 1.0803947976430743 -1.0845356379088673
-0.5621828275198171 0.581300877484267 0.3949685943992109 -0.4334575725348175 0.13151989757352153 -0.9341446249673636 1.0833856920921006 -1.085313258973927
-0.5552719952052819 0.5893439487632656 0.4215067792181049 -0.4360228516656812 0.12790241398726385 -0.939229349291345 1.0861935947384747 -1.086083187383044
-0.5484626032054415 0.5970500046900438 0.4472446099234606 -0.438383454103545 0.12427114525924608 -0.9440774511009362 1.0888221757634056 -1.0868456288752124
-0.5417551930667424 0.6044256666545654 0.4721924469612708 -0.4405453323393665 0.12062873619052987 -0.9486940926558382 1.091275124767349 -1.0876007821160834
-0.5351500769502316 0.611477805098735 0.4963614969916131 -0.4425145395198782 0.11697789313873708 -0.9530843887547555 1.093556143259089 -1.088348838948189
-0.5286473555729904 0.6182135002989624 0.5197637152547019 -0.44429720238767284 0.11332136454136696 -0.9572534035208833 1.095668937709797 -1.08908998463229
-0.5222469351056476 0.6246400061678443 0.5424117147595786 -0.44589949655179584 0.10966192328206886 -0.9612061474684244 1.097617213139705 -1.0898243980801603
-0.5159485430780554 0.6307647168894064 0.564318681901103 -0.44732762393627834 0.10600235077103556 -0.9649475748351178 1.099404667206656 -1.0905522520791167
-0.5097517433428874 0.6365951362123912 0.5854982981312203 -0.4485877922626887 0.10234542261836349 -0.9684825811664015 1.1010349847673264 -1.091273713508581
-0.5036559501446952 0.642138849235622 0.6059646673298327 -0.44968619643097707 0.09869389578649591 -0.9718160011374541 1.1025118328833965 -1.091988943548963
-0.4976604413398216 0.6474034965285431 0.6257322485390417 -0.45062900167066755 0.09505049711474392 -0.9749526065999645 1.103838856246343 -1.0926980978831313
-0.49176437081051755 0.652396750438658 0.6448157937420915 -0.4514223283418253 0.09141791311538669 -0.9778971048410525 1.1050196729958754 -1.09340132689074
-0.48596678011464284 0.657126293445778 0.6632302903850644 -0.45207223827221976 0.08779878094700631 -0.9806541370423248 1.1060578709083093 -1.094098775835661
-0.4802666094104427 0.6615997984307735 0.680990908355309 -0.4525847225237321 0.0841956804765298 -0.9832282769275852 1.1069570039323986 -1.0947905850467679
-0.47466270769408175 0.6658249107339071 0.6981129511457353 -0.4529656904873348 0.08061112734694983 -0.985624029588237 1.1077205890513069 -1.0954768900923089
-0.4691538423858823 0.6698092318848451 0.7146118109485438 -0.4532209602119218 0.07704756697289138 -0.987845830475914 1.1083521034505082 -1.0961578219480934
-0.4637387082995495 0.6735603048931011 0.7305029274356748 -0.45335624987790263 0.07350736939109911 -0.9898980445523516 1.1088549819724696 -1.0968335071597135
-0.4584159360270708 0.6770856009939865 0.7458017499963372 -0.4533771703318099 0.06999282489755572 -0.991784965586978 1.1092326148399703 -1.0975040679990118
-0.4531840997704513 0.6803925077511366 0.7605237032143876 -0.4532892186032215 0.06650614040731608 -0.9935108155931409 1.1094883456308762 -1.0981696226149993
-0.4480417246499794 0.6834883184223727 0.7746841553801502 -0.4530977723300779 0.06304943647727221 -0.9950797443943168 1.1096254694881051 -1.0988302851794216
-0.44296584571592995 0.6864284164027898 0.7884149647606021 -0.4528414687800996 0.05964634731543954 -0.9965029082026793 1.10965672332095 -1.099486166027161
-0.437955665555198 0.6892173760159536 0.8017258989258563 -0.4525234161638389 0.05629718584364138 -0.9977840574052352 1.109584870538027 -1.1001373717916598
-0.433010391055545 0.6918596377659384 0.8146265044137417 -0.45214660342460616 0.053002207010465936 -0.9989268577394548 1.1094126136184508 -1.10078400553554
-0.42812923364784194 0.6943595123888346 0.8271261120325507 -0.4517139044389543 0.049761610718196216 -0.9999348921182875 1.1091425953508318 -1.1014261668765912
-0.42331140953284896 0.6967211847779538 0.8392338420262285 -0.4512280820749773 0.046575544631473356 -1.0008116624176369 1.1087774000500645 -1.1020639521092908
-0.4185561398932068 0.6989487177867526 0.8509586091058595 -0.4506917921131486 0.04344410687207401 -1.0015605912270056 1.108319554752188 -1.1026974543220127
-0.41386265109128856 0.701046055913368 0.8623091273511921 -0.450107587034269 0.040367348604026784 -1.0021850235640084 1.1077715303875963 -1.1033267635100816
-0.40923017485353563 0.7030170288705282 0.8732939149858299 -0.44947791967894196 0.037345276513142615 -1.0026882285534466 1.1071357429328812 -1.103951966684817
-0.4046579484418762 0.7048653550444839 0.8839212990296104 -0.4488051467828497 0.034377855184889186 -1.0030734010716171 1.1064145545415904 -1.1045731479787098
-0.400145214812802 0.7065946448464865 0.8941994198315872 -0.44809153239196253 0.03146500938439935 -1.0033436633565254 1.1056102746541876 -1.1051903887468701
-0.395691222764656 0.7082084039602256 0.9041362354869309 -0.4473392511616764 0.028606626242268667 -1.0035020665846586 1.104725161087496 -1.1058037676648775
-0.3912952270736615 0.7097100364885279 0.913739526140962 -0.4465503915437429 0.025802557349666813 -1.003551592414963 1.1037614211039146 -1.1064133608231612
-0.38695648861920307 0.7111028480025148 0.9230168981834406 -0.4457269588647283 0.023052620766161717 -1.0034951545006616 1.1027212124606918 -1.1070192418180338
-0.38267427449884867 0.7123900484963096 0.9319757883361385 -0.44487087829961447 0.020356602943533947 -1.0033355999695373 1.1016066444395416 -1.107621481839497
-0.3784478581335828 0.7135747552502908 0.9406234676366344 -0.44398399774403546 0.017714260568741654 -1.0030757108732924 1.100419778856891 -1.1082201497559339
-0.37427651936370265 0.7146599956057843 0.948967045321184 -0.4430680905885287 0.01512532232908324 -1.002718205606591 1.09916263105504 -1.1088153121957993
-0.37015954453581085 0.7156487096540016 0.9570134726094335 -0.44212485839806753 0.012589490602495748 -1.002265740296376 1.0978371708745223 -1.1094070336264121
-0.36609622658131996 0.7165437528419364 0.9647695463936642 -0.44115593350003446 0.01010644307582165 -1.0017209101620443 1.0964453236079492 -1.1099953764299555
-0.3620858650868692 0.7173478984978443 0.9722419128351764 -0.44016288148368976 0.007675834293774991 -1.0010862508470555 1.094988970935619 -1.1105804009767817
-0.3581277663570357 0.7180638402788497 0.9794370708703434 -0.43914720361408993 0.005297297141239682 -1.0003642397225325 1.093469951843174 -1.1111621656961186
-0.35422124346970935 0.718694194543138 0.9863613756287952 -0.43811033916331205 0.0029704442614381086 -0.9995572971634138 1.0918900635215854 -1.1117407271442696
-0.35036561632448315 0.7192415026491139 0.9930210417661173 -0.43705366766174614 0.0006948694124167306 -0.9986677877976973 1.0902510622497432 -1.1123161400703956
-0.3465602116843984 0.7197082331838323 0.9994221467133798 -0.4359785110721268 -0.001529851235792778 -0.9976980217293114 1.088554664259931 -1.112888457479965
-0.34280436321136937 0.7200967841229297 1.0055706338457486 -0.4348861358888868 -0.0037041578610634515 -0.9966502557351394 1.0868025465864573 -1.113457730695954
-0.33909741149559985 0.7204094849242165 1.01147231557236 -0.43377775516532924 -0.005828505803922742 -0.995526694436711 1.0849963478977172 -1.1140240094178797
-0.3354387040792894 0.72064859855702 1.0171328763495797 -0.4326545304710341 -0.007903364435049996 -0.9943294914470695 1.0831376693119585 -1.1145873417787369
-0.33182759547491675 0.7208163234692984 1.0225578756197078 -0.43151757378183336 -0.009929216073486149 -0.9930607504933106 1.081228075197017 -1.115147774399921
-0.3282634471783757 0.7209147954944869 1.027752750677125 -0.43036794930461314 -0.011906554953593908 -0.9917225265152834 1.0792690939542882 -1.115705352444201
-0.32474562767722603 0.7209460896999689 1.032722819463824 -0.4292066752391253 -0.013835886238877854 -0.9903168267409317 1.0772622187872032 -1.1162601196668178
-0.32127351245431296 0.720912222179006 1.037473283296214 -0.42803472547892024 -0.015717725080842612 -0.9888456117387474 1.0752089084544654 -1.1168121184647684
-0.3178464839869973 0.7208151517879048 1.0420092295250247 -0.42685303125344165 -0.017552595721133556 -0.9873107964477987 1.0731105880083105 -1.1173613899243466
-0.31446393174222803 0.7206567818301369 1.046335634130097 -0.42566248271325713 -0.01934103063526841 -0.9857142511857867 1.0709686495180464 -1.1179079738669975
-0.31112525216768044 0.7204389616890778 1.0504573642517776 -0.42446393046033254 -0.021083569716329877 -0.9840578026355769 1.0687844527791242 -1.1184519088935465
-0.307829848679172 0.7201634884109736 1.0543791806606084 -0.42325818702519613 -0.022780759497048896 -0.9823432348106429 1.0665593260079949 -1.1189932324268623
-0.304577131644561 0.7198321082396962 1.0581057401669303 -0.4220460282927756 -0.02443315240876558 -0.9805722899998519 1.0642945665229981 -1.119531980753008
-0.30136651836432343 0.719446518104796 1.0616415979719929 -0.4208281948786341 -0.02604130607581034 -0.9787466696920122 1.0619914414115292 -1.1200681890609334
-0.29819743304899465 0.7190083670643115 1.0649912099621077 -0.4196053934572726 -0.027605782643901063 -0.9768680354805984 1.0596511881837263 -1.120601891480762
-0.29506930679365617 0.7185192577037538 1.0681589349473386 -0.41837829804411175 -0.02912714814120384 -0.9749380099490594 1.0572750154129198 -1.1211331211207212
-0.2919815775496382 0.7179807474926324 1.0711490368461838 -0.417147551232712 -0.030605971870754454 -0.9729581775371063 1.0548641033630792 -1.1216619101027636
-0.2889336900936034 0.7173943500998494 1.0739656868176626 -0.41591376538874064 -0.032042825832985844 -0.9709300853883732 1.0524196046034915 -1.1221882895969282
-0.28592509599416766 0.7167615366692452 1.0766129653421763 -0.41467752380214207 -0.03343828417715297 -0.9688552441798319 1.049942644610902 -1.1227122898544821
-0.2829552535762099 0.7160837370565396 1.0790948642524796 -0.41343938179892237 -0.03479292268049124 -0.9667351289333389 1.047434322359346 -1.1232339402398908
-0.28002362788301355 0.7153623410288685 1.081415288716056 -0.4121998678139094 -0.03610731825398762 -0.9645711798096815 1.0448957108978985 -1.1237532692616539
-0.277129690636378 0.714598699428085 1.0835780591701591 -0.41095948442580665 -0.03738204847368526 -0.9623648028854868 1.0423278579165574 -1.1242703046020506
-0.27427292019483146 0.7137941252989481 1.0855869132107423 -0.4097187093558149 -0.03861769113648211 -0.9601173709133467 1.0397317863004876 -1.124785073145831
-0.2714528015100709 0.712949894983296 1.0874455074364666 -0.40847799643105215 -0.039814823839423294 -0.9578302240655093 1.037108494672836 -1.1252976010078917
-0.26866882608174975 0.7120672491812561 1.089157419248947 -0.40723777651396414 -0.040974023581523515 -0.9555046706614762 1.0344589579263317 -1.1258079135599703
-0.26592049191072775 0.7111473939805196 1.0907261486103557 -0.40599845839887494 -0.042095866387192336 -0.9531419878798406 1.031784127743882 -1.1263160354563972
-0.2632073034508932 0.710191501854669 1.0921551197594817 -0.4047604296767916 -0.043180926950369375 -0.950743422454697 1.0290849331083705 -1.1268219906589332
-0.26052877155966186 0.7092007126315194 1.093447682887307 -0.4035240575695387 -0.044229778298510165 -0.9483101913569403 1.0263622808018609 -1.1273258024607293
-0.2578844134472533 0.7081761344324036 1.0946071157731314 -0.4022896897342626 -0.04524299147559544 -0.945843482460774 1.0236170558944069 -1.1278274935094383
-0.25527375262484 0.7071188445832983 1.095636625382254 -0.40105765503931184 -0.04622113524336782 -0.9433444551957351 1.0208501222226674 -1.1283270858295078
-0.2526963188516599 0.7060298904986662 1.0965393494261861 -0.39982826431246493 -0.04716477580002976 -0.9408142411845386 1.0180623228585188 -1.1288246008436844
-0.25015164808118057 0.7049102905388542 1.0973183578863486 -0.3986018110624462 -0.04807447651566546 -0.9382539448670411 1.0152544805678596 -1.1293200593937573
-0.24763928240639663 0.7037610348418682 1.097976654502174 -0.3973785721746382 -0.04895079768367751 -0.9356646441106123 1.012427398259792 -1.1298134817605676
-0.24515877000434041 0.7025830861303126 1.0985171782245162 -0.39615880858186897 -0.04979429628755547 -0.9330473908072037 1.0095818594263706 -1.1303048876833093
-0.2427096650798811 0.7013773804942627 1.0989428046352394 -0.3949427659111236 -0.050605525782319964 -0.9304032114573909 1.0067186285730974 -1.1307942963781483
-0.24029152780888405 0.7001448281508114 1.0992563473338375 -0.3937306751070004 -0.05138503589001047 -0.9277331077416681 1.0038384516403438 -1.131281726556182
-0.2379039242807991 0.6988863141810085 1.099460559291912 -0.3925227530327062 -0.052133372408609144 -0.9250380570792601 1.0009420564158782 -1.1317671964407643
-0.23554642644074233 0.6976026992448893 1.099558134176312 -0.39131920304935713 -0.05285107703381627 -0.9223190131747192 0.9980301529386707 -1.1322507237842165
-0.23321861203113423 0.6962948202752645 1.0995517076417192 -0.390120215574327 -0.05353868719311525 -0.9195769065525624 0.9951034338941478 -1.1327323258839492
-0.2309200645329524 0.6949634911509275 1.099443858593439 -0.3889259686193595 -0.05419673589158647 -0.9168126450802048 0.9921625750010651 -1.1332120195980127
-0.22865037310665562 0.6936095033499078 1.0992371104211422 -0.38773662830913797 -0.05482575156895038 -0.9140271144794353 0.9892082353901626 -1.1336898213600977
-0.22640913253283199 0.6922336265833847 1.0989339322042735 -0.3865523493809818 -0.05542625796733995 -0.9112211788266805 0.9862410579747667 -1.134165747194007
-0.2241959431526225 0.6908366094108537 1.0985367398898314 -0.38537327566631785 -0.05599877400932203 -0.9083956810422921 0.9832616698134976 -1.134639812727614
-0.22201041080796755 0.6894191798371199 1.098047897443202 -0.38419954055455147 -0.056543813685705685 -0.9055514433690937 0.9802706824652396 -1.135112033206329
-0.21985214678172246 0.6879820458916751 1.0974697179727113 -0.38303126743994337 -0.05706188595269365 -0.9026892678404147 0.9772686923365294 -1.1355824235060883
-0.21772076773768526 0.6865258961909968 1.0968044648285409 -0.38186857015207615 -0.05755349463795008 -0.8998099367378368 0.9742562810215135 -1.1360509981458868
-0.21561589566057768 0.6850514004842915 1.0960543526766398 -0.3807115533704762 -0.05801913835517451 -0.8969142130388705 0.9712340156346246 -1.1365177712998653
-0.21353715779601876 0.6835592101831873 1.0952215485482415 -0.37956031302393695 -0.058459310426788175 -0.8940028408547789 0.9682024491361223 -1.1369827568089719
-0.21148418659052712 0.6820499588758665 1.094308172865586 -0.3784149366750717 -0.05887449881435382 -0.8910765458587583 0.9651621206506433 -1.137445968192212
-0.20945661963158774 0.6805242628261111 1.093316300444425 -0.3772755038906061 -0.059265186056365514 -0.8881360357046836 0.9621135557789021 -1.1379074186575
-0.20745409958781563 0.6789827214577218 1.0922479614738771 -0.3761420865979036 -0.05963184921305901 -0.8851820004366182 0.9590572669026806 -1.138367121112129
-0.2054762741492479 0.6774259178247549 1.0911051424741811 -0.37501474942820096 -0.059974959817907014 -0.8822151128892893 0.9559937534832432 -1.1388250881728696
-0.2035227959677934 0.6758544190680092 1.0898897872328863 -0.3738935500470137 -0.06029498383547724 -0.8792360290797206 0.9529235023533124 -1.1392813321757145
-0.20159332259786808 0.6742687768581799 1.0886037977199987 -0.3727785394721576 -0.06059238162534372 -0.8762453885902137 0.9498469880027335 -1.1397358651852758
-0.19968751643724195 0.6726695278260834 1.0872490349825934 -0.37166976237981625 -0.0608676079117543 -0.8732438149428635 0.9467646728579614 -1.1401886990038543
-0.19780504466812265 0.6710571939803467 1.0858273200193858 -0.37056725739907026 -0.06112111175876906 -0.870231915965791 0.9436770075554926 -1.1406398451801867
-0.19594557919849864 0.6694322831129408 1.0843404346357453 -0.36947105739529046 -0.061353336550596 -0.8672102841512701 0.9405844312093686 -1.1410893150178845
-0.19410879660376373 0.6677952891929243 1.0827901222796181 -0.36838118974278333 -0.06156471997686119 -0.8641794970059258 0.9374873716728734 -1.1415371195835764
-0.19229437806864386 0.6661466927487567 1.08117808885882 -0.36729767658706386 -0.061755694022561286 -0.8611401173931723 0.9343862457945422 -1.141983269714763
-0.1905020093294449 0.6644869612395239 1.0795060035401405 -0.3662205350971187 -0.061926684962456506 -0.8580926938680611 0.9312814596686017 -1.1424277760273938
-0.18873138061663974 0.662816549415412 1.077775499530694 -0.36514977770801027 -0.0620781133596721 -0.8550377610047014 0.9281734088799558 -1.142870648923179
-0.1869821865978115 0.6611358996677541 1.0759881748419404 -0.3640854123541598 -0.06221039406828572 -0.8519758397164149 0.9250624787438303 -1.1433118985966426
-0.18525412632096838 0.6594454423689632 1.0741455930367856 -0.3630274426936375 -0.062323936239687176 -0.8489074375687811 0.9219490445401874 -1.1437515350419267
-0.1835469031582452 0.6577455962026558 1.0722492839601636 -0.36197586832377565 -0.0624191433325061 -0.8458330490857286 0.9188334717430192 -1.1441895680593575
-0.18186022475000466 0.6560367684842622 1.0703007444534907 -0.36093068498840963 -0.06249641312591119 -0.8427531560488225 0.9157161162446263 -1.1446260072617784
-0.18019380294935156 0.6543193554724076 1.0683014390533725 -0.3598918847770434 -0.06255613773609309 -0.839668227789895 0.9125973245749875 -1.1450608620806624
-0.1785473537670716 0.6525937426713431 1.0662528006749337 -0.35885945631622357 -0.06259870363575057 -0.8365787214771653 0.9094774341163223 -1.1454941417720075
-0.17692059731700513 0.6508603051246923 1.064156231280134 -0.35783338495339767 -0.06262449167640756 -0.8334850823949894 0.9063567733129473 -1.1459258554220257
-0.17531325776186665 0.649119407700777 1.0620131025314212 -0.35681365293352413 -0.0626338771133954 -0.8303877442173785 0.9032356618765256 -1.1463560119526317
-0.17372506325951856 0.6473714053697706 1.0598247564310628 -0.35580023956868956 -0.06262722963334198 -0.8272871292754219 0.9001144109868061 -1.1467846201267387
-0.17215574590970797 0.6456166434729255 1.0575925059464941 -0.3547931214009832 -0.06260491338401615 -0.8241836488187476 0.8969933234879467 -1.1472116885533679
-0.1706050417012742 0.6438554579841115 1.0553176356220086 -0.3537922723588679 -0.06256728700638199 -0.8210777032711493 0.893872694080516 -1.1476372256925789
-0.16907269045983378 0.6420881757638934 1.0530014021771053 -0.35279766390727996 -0.06251470366872408 -0.8179696824805087 0.8907528095092643 -1.1480612398602263
-0.1675584357959497 0.6403151148063704 1.0506450350918055 -0.3518092651916817 -0.06244751110271064 -0.8148599659631371 0.8876339487467532 -1.1484837392325506
-0.16606202505379 0.6385365844789932 1.0482497371792416 -0.3508270431762835 -0.06236605164126732 -0.8117489231426573 0.8845163831729315 -1.148904731850606
-0.16458320926028136 0.6367528857555684 1.0458166851458104 -0.349850962776644 -0.06227066225813988 -0.8086369135835467 0.881400376750744 -1.1493242256245346
-0.16312174307476185 0.6349643114426505 1.0433470301391787 -0.348880986986851 -0.062161674609029334 -0.8055242872194575 0.8782861861978569 -1.14974222833769
-0.161677384739137 0.6331711463995198 1.0408418982844234 -0.34791707700147745 -0.06203941507418828 -0.8024113845764285 0.8751740611545827 -1.1501587476506159
-0.16024989602854245 0.6313736677519355 1.0383023912085747 -0.346959192332502 -0.06190420480237204 -0.7992985369911009 0.8720642443480859 -1.1505737911048863
-0.15883904220251638 0.6295721450998488 1.0357295865538334 -0.3460072909213747 -0.06175635975604298 -0.7961860668240465 0.8689569717529486 -1.1509873661268106
-0.1574445919566839 0.6277668407192538 1.0331245384797185 -0.3450613292464053 -0.06159619075773093 -0.7930742876683168 0.8658524727481733 -1.1513994800310088
-0.15606631737495563 0.6259580097583505 1.0304882781543998 -0.3441212624256424 -0.06142400353745692 -0.7899635045533172 0.8627509702707004 -1.1518101400238616
-0.15470399388224215 0.6241459004281871 1.0278218142354614 -0.3431870443154086 -0.06124009878113186 -0.7868540141441089 0.8596526809655133 -1.1522193532068405
-0.15335740019768518 0.622330754187945 1.0251261333403394 -0.3422586276046494 -0.0610447721798456 -0.7837461049362396 0.8565578153324065 -1.1526271265797208
-0.15202631828840674 0.6205128059250243 1.0224022005066653 -0.341335963905249 -0.060838314479965794 -0.7806400574462001 0.8534665778694859 -1.1530334670436821
-0.15039081636306428 0.6190135645144614 1.0194973925340443 -0.3402970861674607 -0.060745243796285715 -0.7776909444719515 0.8504942605314765 -1.1534383814043014
-0.14847665477680647 0.6178078683077958 1.0164259665890127 -0.33915158351636693 -0.06075451629200714 -0.7748854779805187 0.8476310346733694 -1.153841876374441
-0.14630788061896172 0.6168721885604469 1.0132012395668375 -0.33790841482059836 -0.06085589196681412 -0.7722112996561705 0.8448677561533227 -1.1542439585770352
-0.143906934531435 0.6161845292549623 1.0098356472671521 -0.3365759478854598 -0.06103988190847993 -0.7696569212858049 0.8421959215639743 -1.1546446345477819
-0.141294751012266 0.6157243329696838 1.0063407999267011 -0.3351619962513335 -0.06129769885572686 -0.7672116688310294 0.8396076271654984 -1.1550439107377373
-0.13849085259847813 0.6154723924294927 1.002727534330963 -0.33367385374268405 -0.06162121086876282 -0.7648656299624282 0.8370955303560677 -1.1554417935158228
-0.13551343829857715 0.6154107673971243 0.999005962713001 -0.3321183269041989 -0.06200289791630662 -0.7626096048450836 0.8346528135253207 -1.1558382891712433
-0.13237946662272 0.6155227065840566 0.9951855186352725 -0.3305017654523408 -0.06243581119955155 -0.7604350599771866 0.8322731501457695 -1.1562334039158217
-0.12910473353758223 0.6157925742792628 0.9912750000382745 -0.32883009086282505 -0.06291353504445012 -0.7583340848955624 0.8299506729658517 -1.1566271438862525
-0.12570394565322446 0.616205781412239 0.9872826096287686 -0.32710882320724544 -0.06343015120397402 -0.7562993515732033 0.827679944176578 -1.157019515146276
-0.12219078893071825 0.6167487207837563 0.9832159927698583 -0.32534310634521846 -0.0639802054216525 -0.7543240763444955 0.8254559274314711 -1.1574105236887793
-0.11857799318187026 0.6174087062137948 0.9790822730253631 -0.32353773157197946 -0.0645586761167569 -0.7524019842037731 0.8232739616067706 -1.1578001754378213
-0.11487739261600999 0.6181739153711685 0.9748880855016905 -0.3216971598153137 -0.06516094506001446 -0.7505272753321824 0.8211297361957182 -1.1581884762505905
-0.11109998267342001 0.6190333360634928 0.9706396081217286 -0.31982554247002243 -0.06578276991673386 -0.7486945937166261 0.8190192682371671 -1.158575431919293
-0.10725597337052876 0.6199767157794428 0.9663425909571244 -0.317926740952783 -0.06642025854173939 -0.7468989977328121 0.8169388806847956 -1.1589610481729753
-0.10335483936839734 0.6209945142877452 0.9620023837376477 -0.3160043450552451 -0.06706984491756945 -0.7451359325721892 0.8148851821288836 -1.1593453306792856
-0.09940536696326273 0.6220778591090921 0.957623961649141 -0.3140616901684895 -0.0677282666340261 -0.7434012043998369 0.8128550477879413 -1.1597282850461723
-0.09541569818589997 0.623218503688205 0.9532119495247893 -0.3121018734475466 -0.06839254381339062 -0.7416909561372297 0.8108456016924905 -1.160109916823525
-0.09139337218528906 0.6244087881036535 0.9487706445280877 -0.31012776898050953 -0.06905995939147125 -0.7400016447702281 0.8088541999880098 -1.160490231504758
-0.08734536406147518 0.6256416021627843 0.94430403741991 -0.3081420420228662 -0.06972804067014464 -0.7383300200886972 0.8068784152884744 -1.1608692345283411
-0.08327812130255262 0.6269103507382848 0.9398158324964725 -0.3061471623540004 -0.07039454206221471 -0.7366731047698306 0.8049160220160858 -1.1612469312792748
-0.07919759797134432 0.6282089212115222 0.935309466279713 -0.30414541680935975 -0.0710574289542614 -0.7350281757226017 0.8029649826666853 -1.1616233270905172
-0.07510928677855486 0.6295316528958953 0.9307881250366529 -0.3021389210385449 -0.07171486261770596 -0.7333927466157731 0.801023434944021 -1.1619984272443609
-0.0710182491709106 0.630873308321051 0.9262547611996546 -0.30012963053652714 -0.0723651861025971 -0.7317645515166127 0.7990896797094855 -1.1623722369737624
-0.06692914355503478 0.6322290462659703 0.921712108755117 -0.2981193509923382 -0.07300691105263969 -0.7301415295718885 0.7971621696971807 -1.1627447614636266
-0.06284625177050762 0.6335943964356544 0.9171626976640401 -0.2961097479968864 -0.0736387053837616 -0.7285218106668782 0.7952394989472121 -1.1631160058520469
-0.058773503918703646 0.6349652356824644 0.9126088673740346 -0.29410235614902547 -0.07425938177205774 -0.7269037020020332 0.7933203929129767 -1.1634859752315023
-0.05471450164755413 0.6363377656791069 0.9080527794787232 -0.2920985875966287 -0.07486788690027928 -0.7252856755306143 0.7914036992008944 -1.1638546746500147
-0.05067253998632684 0.6377084919558444 0.9034964295770765 -0.29009974004718947 -0.07546329141516192 -0.7236663562040612 0.7894883789035603 -1.1642221091122662
-0.04665062781882462 0.6390742042197589 0.8989416583820241 -0.2881070042803737 -0.07604478055082242 -0.722044510975105 0.7875734984896683 -1.164588283580678
-0.04265150707805688 0.6404319578788292 0.8943901621246774 -0.28612147119298126 -0.07661164537621007 -0.7204190385116723 0.7856582222162841 -1.1649532029764527
-0.0386776707404132 0.6417790566982237 0.889843502297675 -0.2841441384049224 -0.0771632746271887 -0.718788959577495 0.7837418050311434 -1.1653168721805816
-0.03473137969264636 0.6431130365205656 0.8853031147785084 -0.2821759164530788 -0.07769914708625603 -0.7171534080380269 0.7818235859346158 -1.1656792960348175
-0.030814678540534927 0.6444316499860303 0.8807703183711948 -0.2802176345982844 -0.07821882447519063 -0.7155116224527924 0.7799029817728272 -1.1660404793426147
-0.026929410423926395 0.6457328521919796 0.8762463228023198 -0.27827004626912905 -0.07872194482806028 -0.7138629382176668 0.7779794814351697 -1.166400426870036
-0.023077230898943656 0.6470147872354651 0.8717322362052762 -0.27633383416484586 -0.07920821631403925 -0.712206780222813 0.7760526404310572 -1.1667591433466316
-0.0192596209444564 0.64827577558533 0.8672290721244561 -0.27440961503818995 -0.07967741148137196 -0.7105426559940995 0.7741220758223247 -1.1671166334662848
-0.01547789914645945 0.6495143022338409 0.8627377560692162 -0.2724979441779444 -0.08012936189559557 -0.7088701492877839 0.7721874614891038 -1.167472901888033
-0.011733233110749558 0.6507290055807868 0.8582591316456089 -0.27059931960949424 -0.08056395314680058 -0.707188914110101 0.7702485237083624 -1.167827953236858
-0.008026650151237717 0.6519186670058084 0.8537939662921623 -0.268714186030788 -0.0809811202022733 -0.705498669135124 0.7683050370255704 -1.1681817921044517
-0.004359047298363955 0.6530822010873765 0.8493429566443839 -0.2668429384999505 -0.08138084308233298 -0.7037991924959043 0.7663568204011437 -1.168534423049955
-0.0007464060603539942 0.6541986463795528 0.8449197855653618 -0.26499046370366985 -0.08174402988790205 -0.7020826077450807 0.7643988035155568 -1.1688890576617883
0.0028119389978131567 0.6552686870371973 0.8405240407723923 -0.26315653014213386 -0.08207189124426849 -0.7003495107475343 0.7624313702291712 -1.169245574636298
0.006316665010560487 0.6562930190271158 0.8361553145624443 -0.26134090432063306 -0.08236560449277 -0.6986004917742065 0.7604549030504459 -1.1696038571392748
0.009768459050157371 0.6572723482870395 0.8318132042315259 -0.25954335122673905 -0.08262631441640951 -0.6968361349392979 0.7584697825747643 -1.1699637926471211
0.013168016492391105 0.6582073890174496 0.8274973124445648 -0.2577636347692431 -0.08285513396251046 -0.6950570176950709 0.7564763869734165 -1.170325272793642
0.016516039501413185 0.6590988620978818 0.8232072475595803 -0.25600151818145445 -0.08305314496127819 -0.6932637103801946 0.7544750915293357 -1.1706881932222635
0.019813235626198474 0.6599474936198563 0.8189426239096685 -0.254256764391291 -0.08322139883924462 -0.691456775817829 0.7524662682163948 -1.1710524534434845
0.023060316501516298 0.6607540135290507 0.8147030620460871 -0.25252913636043794 -0.08336091732667611 -0.6896367689598893 0.7504502853192748 -1.1714179566973766
0.026257996646745687 0.6615191543697863 0.8104881889455037 -0.25081839739470385 -0.08347269315811984 -0.6878042365741579 0.7484275070911003 -1.1717846098209541
0.029406992356274208 0.6622436501253134 0.8062976381842653 -0.24912431142756725 -0.08355769076535219 -0.6859597169711259 0.7463982934462166 -1.1721523231202409
0.03250802067560226 0.6629282351477844 0.8021310500823527 -0.2474466432787762 -0.08361684696207441 -0.6841037397676463 0.7443629996856473 -1.1725210102468688
0.03556179845763441 0.6635736431721682 0.7979880718195005 -0.2457851588897439 -0.08365107161977639 -0.6822368256846686 0.7423219762529273 -1.172890588079047
0.03856904149397704 0.6641806064087142 0.7938683575257923 -0.24413962553737 -0.08366124833425896 -0.6803594863765033 0.7402755685181501 -1.1732609766067463
0.04153046371637924 0.6647498547089024 0.7897715683488861 -0.24250981202781097 -0.08364823508237014 -0.6784722242892284 0.7382241165882104 -1.173632098820951
0.044514076125916735 0.6653224540414712 0.7856683241213045 -0.24087366904031132 -0.08363330804616423 -0.6766071238289071 0.736192302465352 -1.1740059121881807
0.0475156860473195 0.6658959441851684 0.7815605067749107 -0.23923270860954585 -0.08361574390378905 -0.67476217015566 0.7341785218733126 -1.1743822654868576
0.05053139242937453 0.6664680554215435 0.777449867854178 -0.2375883383787038 -0.08359489510978163 -0.6729354972883346 0.7321812876433457 -1.174761013042031
0.053557568417383634 0.6670366968098763 0.7733380365353986 -0.2359418677804594 -0.08357018444929085 -0.6711253787756036 0.7301992224001324 -1.1751420145285147
0.05659084491950659 0.6675999451370602 0.7692265271756065 -0.23429451386654418 -0.08354109993639436 -0.669330218913081 0.7282310516751738 -1.1755251347809896
0.059628095111227936 0.6681560345044466 0.7651167464181314 -0.2326474068056626 -0.08350719003599624 -0.6675485444754141 0.7262755974233811 -1.1759102436108237
0.06266641982529617 0.6687033465157766 0.7610099998801745 -0.23100159506838702 -0.08346805918997921 -0.6657789969340537 0.7243317719199386 -1.1762972156293738
0.06570313377742186 0.6692404010323327 0.756907498446366 -0.2293580503166258 -0.08342336362940463 -0.6640203251330474 0.7223985720158045 -1.1766859300775379
0.06873575258079491 0.6697658474633356 0.7528103641909079 -0.22771767201427306 -0.08337280745560947 -0.6622713783967581 0.720475073731428 -1.177076270661338
0.07176198050510076 0.6702784565613967 0.7487196359496255 -0.22608129177471922 -0.08331613897404465 -0.660531100044874 0.7185604271694104 -1.1774681253933212
0.07477969893818871 0.6707771126945294 0.744636274562046 -0.2244496774600232 -0.08325314726563819 -0.6587985212914617 0.7166538517279168 -1.1778613864395704
0.07778695551088174 0.6712608065678088 0.7405611678024817 -0.22282353704571894 -0.08318365898135179 -0.6570727555061214 0.7147546315976744 -1.1782559499721288
0.08078195384762249 0.6717286283692802 0.7364951350180241 -0.22120352226444628 -0.08310753534643386 -0.6553529928165401 0.7128621115263498 -1.1786517160266465
0.08376304390773325 0.6721797613161344 0.7324389314903335 -0.21959023204085726 -0.0830246693616594 -0.6536384950328981 0.710975692835019 -1.1790485883650632
0.08672871288403461 0.6726134755785118 0.7283932525371584 -0.21798421572955204 -0.08293498318958853 -0.6519285908756907 0.7090948296722959 -1.179446474343149
0.08967757662742477 0.6730291225595596 0.7243587373686107 -0.21638597616713987 -0.08283842571457548 -0.6502226714895634 0.7072190254925025 -1.1798452847827334
0.09260837156777531 0.6734261295115691 0.7203359727123707 -0.21479597254889893 -0.08273497026591908 -0.6485201862267368 0.7053478297450309 -1.1802449338484546
0.09551994710315544 0.6738039944691436 0.7163254962211922 -0.21321462313992232 -0.08262461249416737 -0.6468206386845278 0.703480834762767 -1.18064533892887
0.09841125843096075 0.6741622814814178 0.7123277996753168 -0.2116423078300829 -0.08250736839117509 -0.6451235829823442 0.7016176728381361 -1.1810464205217737
0.10128135979599916 0.6745006161263536 0.7083433319916893 -0.21007937054162715 -0.08238327244506519 -0.6434286202643572 0.6997580134759698 -1.181448102123572
0.10412939813198135 0.6748186812910918 0.7043725020511926 -0.20852612149771405 -0.08225237592176628 -0.6417353954148329 0.6979015608130066 -1.1818503101225744
0.10695460707417993 0.6751162132032328 0.7004156813544777 -0.2069828393597488 -0.08211474526528838 -0.6400435939738411 0.6960480511944133 -1.1822529736960588
0.10975630132226452 0.6753929976987699 0.6964732065163646 -0.20544977324092148 -0.0819704606093623 -0.6383529392417531 0.6941972508982548 -1.1826560247109823
0.11253387133349496 0.6756488667131989 0.6925453816082221 -0.20392714460294453 -0.08181961439350341 -0.6366631895615956 0.6923489539993573 -1.1830593976282031
0.11528677832756296 0.6758836949830818 0.6886324803571956 -0.20241514904259117 -0.08166231007697183 -0.634974135768947 0.6905029803644877 -1.1834630294100932
0.11801454958541938 0.6760973969460585 0.6847347482106468 -0.20091395797426656 -0.08149866094448792 -0.6332855987996435 0.6886591737712346 -1.1838668594314201
0.12071677402541367 0.676289923827972 0.6808524042736929 -0.1994237202144936 -0.08132878899792659 -0.6315974274461187 0.6868174001434044 -1.184270829393383
0.12334017321300851 0.6764204554939177 0.6770069443948262 -0.19796358224749308 -0.08113928327785944 -0.6298846291746454 0.6849582305459494 -1.1846748832406917
0.12588653692103619 0.6764905230446601 0.6731975606437912 -0.19653293781196382 -0.08093099171848901 -0.6281482354065194 0.6830824531298747 -1.1850789670815796
0.12835761488157468 0.6765016247058339 0.669423469562676 -0.1951311928026699 -0.08070473199469008 -0.626389247211552 0.6811908327061942 -1.1854830291106477
0.13075511770188733 0.6764552265154063 0.6656839114012487 -0.1937577649942241 -0.0804612925649501 -0.62460863614639 0.6792841113917705 -1.1858870195344409
0.13308071775890537 0.676352762996952 0.6619781493760459 -0.1924120837726354 -0.08020143367871958 -0.6228073450702453 0.6773630092377322 -1.1862908904996567
0.13533605007276392 0.6761956378190254 0.658305468952473 -0.1910935898743596 -0.07992588834938268 -0.6209862889386307 0.67542822484093 -1.1866945960238966
0.1375227131598894 0.6759852244409124 0.6546651771492029 -0.1898017351325989 -0.07963536329401721 -0.6191463555756862 0.6734804359388823 -1.1870980919288674
0.1396422698661248 0.6757228667450359 0.6510566018641801 -0.18853598223060858 -0.0793305398410734 -0.6172884064256643 0.671520299988647 -1.1875013357759487
0.14169624818036736 0.6754098796562852 0.6474790912215579 -0.1872958044617755 -0.07901207480706245 -0.615413277284127 0.6695484547300495 -1.1879042868040397
0.1436861420291822 0.6750475497485336 0.6439320129389198 -0.1860806854962434 -0.07868060134330891 -0.6135217790093938 0.6675655187336798 -1.1883069058696074
0.145613412052844 0.6746371358386049 0.6404147537141542 -0.18489011915386744 -0.0783367297537849 -0.611614698214765 0.6655720919340646 -1.1887091553888571
0.14747948636324845 0.6741798695679415 0.636926718631374 -0.1837236091832885 -0.0779810482850098 -0.6096927979420319 0.6635687561484098 -1.1891109992819497
0.1492857612841242 0.6736769559722265 0.6334673305852871 -0.18258066904692616 -0.07761412388896546 -0.6077568183167703 0.6615560755812949 -1.1895124029191946
0.15103360207396632 0.6731295740392005 0.6300360297234501 -0.18146082171169534 -0.0772365029599448 -0.6058074771859031 0.6595345973156956 -1.189913333069147
0.15272434363210147 0.6725388772549169 0.6266322729058442 -0.1803635994452602 -0.07684871204622044 -0.6038454707380038 0.6575048517906973 -1.1903137578485437
0.15435929118828604 0.6719059941386689 0.6232555331812427 -0.17928854361764482 -0.07645125853738988 -0.6018714741067989 0.6554673532662543 -1.1907136466740114
0.15593972097622807 0.6712320287668193 0.6199052992798442 -0.17823520450802677 -0.07604463132822457 -0.5998861419583186 0.6534226002753402 -1.1911129702154848
0.15746688089141517 0.6705180612857592 0.6165810751216702 -0.1772031411165465 -0.07562930145982233 -0.5978901090621296 0.6513710760638262 -1.1915117003512743
0.1589419911336209 0.6697651484142179 0.6132823793402377 -0.1761919209809715 -0.07520572273883505 -0.5958839908470758 0.6493132490184124 -1.1919098101247252
0.16036624483445375 0.66897432393514 0.6100087448210333 -0.17520111999805946 -0.0747743323355178 -0.5938683839419391 0.6472495730829337 -1.1923072737024114
0.16174080867030347 0.6681465991773448 0.6067597182543306 -0.17423032224947116 -0.07433555136131982 -0.5918438667014224 0.6451804881633492 -1.19270406633381
0.16306682346103163 0.6672829634871744 0.603534859701907 -0.17327911983208852 -0.0738897854267134 -0.5898109997178473 0.6431064205217164 -1.1931001643124042
0.1643454047547447 0.6663843846903375 0.6003337421772279 -0.17234711269259909 -0.07343742517993333 -0.5877703263189468 0.641027783159447 -1.1934955449381635
0.16557764339897973 0.6654518095441482 0.5971559512386836 -0.17143390846621262 -0.07297884682727628 -0.5857223730521245 0.6389449761901282 -1.1938901864813534
0.16676460609862523 0.6644861641803574 0.5940010845954731 -0.17053912231938106 -0.07251441263558775 -0.5836676501555432 0.6368583872021905 -1.1942840681476272
0.1679073359608914 0.6634883545387692 0.5908687517257442 -0.16966237679639704 -0.07204447141754287 -0.5816066520163926 0.634768391611691 -1.194677170044354
0.16900685302763738 0.6624592667918305 0.5877585735066101 -0.16880330166975088 -0.07156935900030652 -0.5795398576166805 0.6326753530054805 -1.1950694731481395
0.17006415479535456 0.6613997677603816 0.584670181855676 -0.1679615337941308 -0.07108939867813867 -0.5774677309668808 0.630579623475008 -1.1954609592734986
0.1710802167230991 0.6603107053207458 0.5816032193837183 -0.16713671696395435 -0.07060490164949136 -0.575390721527763 0.6284815439410157 -1.1958516110426363
0.17205599272865857 0.6591929088033395 0.5785573390581722 -0.16632850177432357 -0.0701161674391253 -0.5733092646207201 0.6263814444693679 -1.1962414118563007
0.17299241567323215 0.6580471893829742 0.5755322038770937 -0.1655365454853005 -0.06962348430575602 -0.571223781826901 0.6242796445782509 -1.1966303458656689
0.1738903978348956 0.6568743404610239 0.5725274865532717 -0.16476051188940244 -0.06912712963572247 -0.5691346813754509 0.6221764535369759 -1.197018397945228
0.1747508313711169 0.6556751380396225 0.5695428692081761 -0.16400007118222085 -0.06862737032315384 -0.5670423585211468 0.6200721706566107 -1.1974055536666188
0.1755745887705818 0.6544503410880591 0.5665780430754389 -0.1632548998360709 -0.0681244631370945 -0.5649471959117172 0.6179670855726574 -1.197791799273405
0.17636252329458174 0.6532006919015283 0.5636327082135721 -0.1625246804765815 -0.06761865507603111 -0.5628495639451191 0.6158614785199923 -1.198177121656738
0.17711546940821157 0.6519269164523954 0.5607065732276381 -0.1618091017621397 -0.0671101837102512 -0.5607498211170435 0.6137556206002732 -1.1985615083318837
0.1778342432016175 0.6506297247341305 0.5577993549995957 -0.1611078582661053 -0.06659927751244749 -0.558648314358911 0.6116497740420193 -1.1989449474155818
0.17851964280153068 0.6493098110980625 0.5549107784270533 -0.1604206503617156 -0.06608615617696859 -0.5565453793666127 0.6095441924535572 -1.1993274276042074
0.1791724487733159 0.6479678545831016 0.55204057617017 -0.15974718410960217 -0.06557103092810278 -0.554441340920246 0.6074391210690284 -1.1997089381527075
0.1797934245137594 0.6466045192385755 0.5491884884064518 -0.15908717114784454 -0.06505410481776863 -0.5523365131950857 0.6053347969876421 -1.2000894688542838
0.18038331663481458 0.6452204544403218 0.5463542625932012 -0.1584403285844883 -0.0645355730129734 -0.5502312000640276 0.6032314494063571 -1.2004690100207966
0.18094285533851887 0.643816295200176 0.5435376532373805 -0.1578063788924579 -0.06401562307338803 -0.5481256953917324 0.6011292998461677 -1.200847552463863
0.1814727186380631 0.6423928890909942 0.5407381137385899 -0.15718616265237417 -0.06349511627220587 -0.5460186724761479 0.5990285922681462 -1.201213102051265
0.18197361243105084 0.6409508395619422 0.5379554086069148 -0.15657937042374415 -0.06297422221335829 -0.5439104640014009 0.5969295243129662 -1.2015661192023284
0.18244622685929288 0.6394907365749903 0.5351893093062134 -0.15598569918079136 -0.06245310313415889 -0.5418013917427311 0.5948322871731833 -1.2019070479719365
0.18289123666704074 0.6380131568938151 0.5324395940233966 -0.1554048521742921 -0.061931914180452304 -0.5396917668811022 0.5927370657685451 -1.2022363166323233
0.18330930155082217 0.6365186643664801 0.5297060474451747 -0.15483653879679485 -0.061410803671951626 -0.5375818903090028 0.5906440389168245 -1.2025543382341817
0.18370106650108084 0.6350078102020332 0.5269884605420346 -0.15428047445112583 -0.06088991335810679 -0.5354720529276831 0.5885533795002835 -1.2028615111478216
0.1840671621358174 0.633481133241154 0.5242866303592173 -0.15373638042208593 -0.060369378664834245 -0.5333625359360624 0.5864652546278751 -1.20315821958509
0.18440820502642424 0.6319391602209796 0.5216003598144722 -0.15320398375124805 -0.05984932893242688 -0.5312536111115425 0.5843798257932855 -1.203444834102734
0.18472479801590172 0.6303824060342383 0.5189294575023754 -0.15268301711476684 -0.059329887644952214 -0.5291455410829479 0.5822972490289184 -1.203721712087867
