1.1348013271941304 0.36312760532108085 0.10736695295987653 0.36515774705135673 -0.14897266068609968 2.5593779251233753 -1.1845997337199583 -0.9193694451205378
1.1348013271941304 0.36312760532108085 0.10736695295987653 0.36515774705135673 -0.14897266068609968 2.5593779251233753 -1.1845997337199583 -0.9193694451205378
1.1347493838230625 0.3631077665365309 0.10739306851298623 0.3651205319312845 -0.14894160229883846 2.5591508509014465 -1.184496314373242 -0.9192806562685153
1.1346472138711372 0.3630686148081348 0.10744453029791398 0.36504730364442567 -0.14888069601480036 2.5587054895021395 -1.1842934762456887 -0.9191061274352562
1.134496483357024 0.36301066504378526 0.10752059042000806 0.3649392279393543 -0.1487911089969228 2.5580503098622156 -1.1839950751382524 -0.9188488113729311
1.1342988090068045 0.3629344213960973 0.10762052180176811 0.364797435476005 -0.14867396659906204 2.5571934742722755 -1.1836048273003748 -0.9185115677212118
1.1340557596899203 0.3628403774391242 0.10774361759113646 0.36462302290630794 -0.14853035383171387 2.5561428494255733 -1.1831263144557156 -0.9180971659194452
1.1337688578133667 0.36272901634413984 0.10788919058703739 0.3644170539205407 -0.14836131677681597 2.5549060170688858 -1.1825629886469609 -0.9176082880278197
1.1334395806753454 0.3626008110543798 0.10805657268164899 0.36418056026051304 -0.1481678639533946 2.5534902842697673 -1.1819181769062204 -0.9170475314603681
1.1330693617795622 0.3624562244586412 0.10824511431890783 0.3639145427006624 -0.14795096763575824 2.5519026933140045 -1.1811950857572928 -0.9164174116325631
1.1326595921113085 0.3622957095636489 0.10845418396876205 0.36361997199810353 -0.14771156512588104 2.5501500312465915 -1.18039680555585 -0.9157203645261721
1.1322116213764444 0.3621197096651024 0.10868316761670334 0.36329778981263955 -0.1474505599815624 2.548238839069061 -1.179526314673377 -0.9149587491739591
1.1317267592043607 0.3619286585173223 0.10893146826812246 0.3629489095977102 -0.14716882320189403 2.54617542060555 -1.1785864835304904 -0.9141348500667361
1.1312062763159674 0.3617229805014266 0.10919850546704707 0.3625742174632187 -0.14686719437151305 2.543965851049529 -1.1775800784850585 -0.9132508794851922
1.1306514056577288 0.3615030907919659 0.10948371482883398 0.36217457301114936 -0.1465464827650679 2.541615985202697 -1.1765097655803491 -0.9123089797588504
1.130063343502731 0.36126939552195886 0.10978654758640102 0.36175081014485594 -0.14620746841327517 2.539131465417125 -1.1753781141582442 -0.9113112254544282
1.129443250519742 0.36102229194626956 0.11010647014959628 0.3613037378528738 -0.14585090313189716 2.536517729251342 -1.1741876003423781 -0.9102596254958103
1.1287922528111967 0.360762168603277 0.1104429636773149 0.36083414096807864 -0.14547751151492438 2.533780016850658 -1.1729406103958835 -0.9091561252177676
1.1281114429210086 0.3604894054747889 0.1107955236619854 0.36034278090298943 -0.14508799189320246 2.530923378061663 -1.1716394439582567 -0.9080026083554948
1.1274018808130877 0.3602043741441592 0.11116365952605868 0.3598303963619845 -0.14468301725970012 2.527952679290471 -1.1702863171656952 -0.906800898971972
1.126664594821415 0.3599074379525699 0.1115468942301446 0.35929770403117667 -0.14426323616257383 2.5248726101139387 -1.168883365659102 -0.9055527633250918
1.1259005825725035 0.35959895215344534 0.11194476389245142 0.3587453992466672 -0.14382927356714387 2.5216876896527576 -1.1674326474838006 -0.9042599116764357
1.125110811881047 0.3592792640649678 0.11235681741919369 0.3581741566418752 -0.143381731687859 2.5184022727149937 -1.1659361458848585 -0.9029240000435225
1.124296221619535 0.35894871322066896 0.11278261614564483 0.357584630774616 -0.14292119079128904 2.5150205557183427 -1.164395772001777 -0.9015466318972947
1.123457722562595 0.35860763151807373 0.11322173348751996 0.3569774567345803 -0.1424482099711487 2.5115465823990717 -1.1628133674661707 -0.9001293598065551
1.1225961982067942 0.358256343365378 0.11367375460238431 0.35635325073184326 -0.14196332789632166 2.507984249315329 -1.1611907069059286 -0.8986736870310101
1.121712505566612 0.35789516582614284 0.11413827606079167 0.3557126106670137 -0.1414670635328198 2.5043373111522254 -1.1595295003592228 -0.897181069064527
1.1208074759472821 0.3575244087619921 0.11461490552686629 0.3550561166836121 -0.14095991684058115 2.500609385835834 -1.15783139560161 -0.8956529151301594
1.119881915695172 0.35714437497330226 0.1151032614480503 0.35438433170324746 -0.1404423694459775 2.49680395946298 -1.156097980389356 -0.8940905896284499
1.118936606926353 0.35675536033787647 0.1156029727537471 0.35369780194414424 -0.13991488529087348 2.4929243910534655 -1.154330784621997 -0.8924954135404679
1.1179723082339987 0.35635765394759655 0.11611367856259923 0.35299705742355264 -0.1393779112590498 2.4889739171311156 -1.1525312824270457 -0.8908686657869989
1.116989755375221 0.35595153824305004 0.11663502789814725 0.3522826124445573 -0.13883187778077438 2.4849556561398165 -1.1507008941696464 -0.889211584545254
1.1159896619379488 0.35553728914612975 0.11716667941262374 0.3515549660677838 -0.13827719941627908 2.480872612700488 -1.148840988389877 -0.8875253685244281
1.1149727199884218 0.35511517619060723 0.11770830111864364 0.35081460256848535 -0.13771427541887274 2.4767276817147166 -1.146952883670307 -0.8858111782013923
1.1139396006998699 0.35468546265068174 0.11825957012855995 0.3500619918794758 -0.13714349027839626 2.472523652320576 -1.14503785043632 -0.8840701370177655
1.112890954962919 0.35424840566750965 0.11882017240126001 0.34929759002036087 -0.13656521424570117 2.468263211705955 -1.1430971126916203 -0.8823033325395735
1.1118274139782585 0.35380425637371976 0.11938980249618496 0.3485218395135041 -0.13597980383880928 2.463948948784526 -1.1411318496912584 -0.8805118175806638
1.1107495898320838 0.35335326001592143 0.11996816333436101 0.3477351697871496 -0.13538760233138855 2.4595833577393034 -1.1391431975544235 -0.8786966112910083
1.1096580760548145 0.35289565607521495 0.12055496596623802 0.3469379975661108 -0.13478894022415805 2.4551688414385593 -1.1371322508191732 -0.8768587002109922
1.1085534481635746 0.3524316783857135 0.12114992934613618 0.34613072725042 -0.134184135699814 2.4507077147286918 -1.1351000639411872 -0.8749990392927512
1.107436264188907 0.3519615552510889 0.1217527801131086 0.345313751282321 -0.1335734950620482 2.4462022076084815 -1.1330476527385636 -0.8731185528895866
1.106307065186179 0.3514855095591532 0.12236325237803239 0.3444874505019755 -0.13295731315921053 2.441654468289007 -1.1309759957845977 -0.8712181357144564
1.105166375732125 0.35100375889448954 0.12298108751674709 0.3436521944922404 -0.13233587379314798 2.437066566143336 -1.1288860357504182 -0.8692986537685085
1.1040147044069573 0.350516515649147 0.1236060339690643 0.3428083419128624 -0.13170945011373436 2.4324404945499634 -1.1267786806992826 -0.8673609452405915
1.1028525442624633 0.35002398713141536 0.12423784704347791 0.3419562408244257 -0.13107830499958703 2.427778173633824 -1.124654805334275 -0.8654058213786514
1.1016803732764997 0.34952637567269534 0.12487628872740907 0.3410962290023755 -0.13044269142544992 2.423081452908568 -1.1225152522010837 -0.863434067333891
1.1004986547942741 0.34902387873248203 0.12552112750282549 0.3402286342414323 -0.12980285281670545 2.4183521138236523 -1.120360832847472 -0.8614464429785448
1.0993078379568009 0.34851668900147914 0.12617213816707878 0.3393537746506996 -0.1291590233914618 2.413591872219688 -1.1181923289410065 -0.8594436836980923
1.0981083581169033 0.3480049945028629 0.12682910165880887 0.3384719589397592 -0.12851142849064698 2.408802380695328 -1.1160104933465422 -0.8574265011587103
1.0969006372431234 0.347488978691714 0.12749180488876832 0.33758348669603727 -0.12786028489652576 2.403985230888903 -1.1138160511649122 -0.8553955840507359
1.0956850843118902 0.3469688205526384 0.12816004057542443 0.33668864865371734 -0.12720580114004149 2.399141955677862 -1.1116097007342223 -0.8533515988088914
1.0944620956882884 0.3464446946955956 0.12883360708520075 0.3357877269544652 -0.12654817779737051 2.39427403129898 -1.109392114595094 -0.8512951903099968
1.0932320554957569 0.34591677144995636 0.1295123082772238 0.33488099540022365 -0.12588760777606428 2.3893828793921923 -1.1071639404211542 -0.8492269825488727
1.0919953359750403 0.3453852169568101 0.13019595335244508 0.3339687196983263 -0.1252242765911402 2.3844698689708013 -1.1049258019160224 -0.8471475792931166
1.0907522978327058 0.34485019325954364 0.13088435670701182 0.3330511576991708 -0.12455836263147062 2.379536318320709 -1.102678299678003 -0.8450575647174108
1.0895032905795259 0.3443118583927123 0.131577337789764 0.33212855962668547 -0.12389003741680704 2.3745834968312334 -1.100422012033643 -0.8429575040180038
1.0882486528590234 0.34377036646922665 0.13227472096373868 0.33120116830181506 -0.12321946584576471 2.369612626759967 -1.0981574958412785 -0.8408479440079827
1.0869887127664648 0.3432258677658754 0.13297633537156647 0.33026921935924397 -0.12254680643508199 2.364624884934064 -1.095885287265648 -0.8387294136939378
1.0857237881585766 0.34267850880720774 0.1336820148046474 0.32933294145756814 -0.1218722115504576 2.359621404390233 -1.0936059025246148 -0.8366024248346017
1.084454186954256 0.3421284324477977 0.13439159757599833 0.3283925564831208 -0.12119582762925855 2.3546032759556557 -1.0913198386090044 -0.8344674724820238
1.083180207426539 0.3415757779529126 0.13510492639666585 0.32744827974764984 -0.12051779539538143 2.3495715497719467 -1.0890275739765212 -0.832325035505829
1.0819021384860745 0.3410206810776086 0.13582184825560234 0.32650032018003855 -0.11983825006653998 2.3445272367642187 -1.0867295692206806 -0.8301755771010864
1.080620259956357 0.3404632741442765 0.1365422143029059 0.3255488805122559 -0.11915732155424225 2.3394713100572195 -1.0844262677156555 -0.8280195452803017
1.0793348428409537 0.33990368611866034 0.13726587973632756 0.3245941574597149 -0.11847513465671188 2.334404706340454 -1.082118096237903 -0.8258573733500301
1.078046149582958 0.3393420426843713 0.13799270369095235 0.32363634189621415 -0.11779180924499885 2.329328327184125 -1.0798054655654077 -0.8236894803725876
1.0767544343168984 0.3387784663159206 0.13872254913196272 0.3226756190236295 -0.11710746044251688 2.324243040307669 -1.0774887710553485 -0.82151627161333
1.0754599431133174 0.3382130763502939 0.13945528275039712 0.32171216853652046 -0.11642219879823616 2.319149680802587 -1.0751683932009637 -0.819338138973947
1.074162914216237 0.33764598905708954 0.14019077486181694 0.3207461647818076 -0.11573613045375251 2.3140490523112254 -1.072844698168365 -0.8171554614122113
1.0728635782737146 0.3370773177072445 0.14092889930779953 0.31977777691367454 -0.11504935730444615 2.308941928163085 -1.0705180383140216 -0.8149686053486036
1.071562158561692 0.3365071726403697 0.14166953336017626 0.3188071690438416 -0.11436197715493598 2.3038290524701956 -1.06818875268361 -0.8127779250602264
1.07025887120133 0.33593566133071784 0.1424125576279372 0.3178345003873553 -0.11367408386902816 2.2987111411830248 -1.0658571674929005 -0.8105837630624009
1.0689539253700204 0.33536288845180584 0.1431578559667265 0.3168599254040311 -0.11298576751435091 2.2935888831083457 -1.063523596591327 -0.8083864504783334
1.0676475235062561 0.33478895593971497 0.14390531539085474 0.31588359393568427 -0.11229711450186078 2.2884629408904336 -1.0611883419088641 -0.8061863073972244
1.06633986150854 0.33421396305509 0.14465482598775628 0.3149056513392786 -0.11160820772039921 2.2833339519569105 -1.058851693886812 -0.8039836432211809
1.0650311289285024 0.33363800644386016 0.14540628083482218 0.31392623861611846 -0.11091912666647209 2.2782025294305135 -1.0565139318930679 -0.801778757001281
1.0637215091583996 0.3330611801967035 0.14615957591854134 0.31294549253720616 -0.11022994756941888 2.273069263008013 -1.054175324622443 -0.799571937763132
1.0624111796131535 0.3324835759072761 0.14691461005588377 0.3119635457648828 -0.10954074351213237 2.267934719807465 -1.051836130482565 -0.7973634648222478
1.0611003119070914 0.33190528272922865 0.14767128481786282 0.31098052697086587 -0.10885158454748427 2.2627994451849345 -1.0494965979658808 -0.7951536080895659
1.0597890720255405 0.3313263874320305 0.14842950445521413 0.3099965609507955 -0.10816253781060667 2.257663963521795 -1.0471569660082647 -0.7929426283674105
1.0584776204914252 0.33074697445562357 0.1491891758261316 0.3090117687353947 -0.10747366762717415 2.252528778983662 -1.0448174643347108 -0.7907307776362013
1.057166112527014 0.33016712596392594 0.1499502083260017 0.3080262676983493 -0.10678503561782623 2.2473943762519784 -1.042478313792577 -0.7885182993321966
1.0558546982109547 0.329586921897207 0.1507125138190801 0.3070401716610056 -0.10609670079886507 2.242261221229245 -1.0401397266728267 -0.7863054286165518
1.0545435226307358 0.3290064400233538 0.15147600657205493 0.30605359099398516 -0.10540871967935878 2.2371297617188364 -1.0378019070197015 -0.784092392635963
1.053232726030708 0.3284257559880492 0.15224060318944374 0.30506663271580947 -0.10472114635477592 2.232000428080324 -1.0354650509292407 -0.78187941077516
1.0519224439557922 0.32784494336388215 0.15300622255077242 0.3040794005886262 -0.10403403259727267 2.2268736338611865 -1.03312934683705 -0.7796666949015038
1.050612807391001 0.32726407369840943 0.15377278574948552 0.30309199521112534 -0.1033474279427498 2.221749776405758 -1.0307949757957056 -0.7774544496019337
1.0493039428968947 0.326683216561189 0.15454021603353904 0.3021045141087304 -0.10266137977479246 2.216629237442232 -1.028462111742168 -0.7752428724125044
1.0479959727410895 0.32610243958980367 0.15530843874762854 0.3011170518211482 -0.10197593340560218 2.2115123836485178 -1.0261309217555628 -0.7730321540407445
1.0466890150259334 0.32552180853489504 0.15607738127700616 0.30012969998735656 -0.10129113215402627 2.206399567197703 -1.0238015663056783 -0.77082247858106
1.0453831838124592 0.3249413873042256 0.15684697299284206 0.29914254742810886 -0.1006070174207865 2.2012911262838615 -1.0214741994925123 -0.7686140237234007
1.0440785892407265 0.3243612380057881 0.1576171451990865 0.2981556802260292 -0.09992362876100516 2.196187385628917 -1.0191489692771893 -0.7664069609554005
1.0427753376466513 0.3237814209899808 0.15838783108079066 0.2971691818033724 -0.0992410039541236 2.1910886569712367 -1.0168260177045625 -0.7642014557581948
1.041473531675431 0.3232019948908663 0.15915896565384496 0.29618313299751897 -0.09855917907130426 2.1859952395366236 -1.0145054811177958 -0.7619976677961122
1.040173270391663 0.3226230166665317 0.15993048571609522 0.29519761213427353 -0.09787818854040516 2.18090742049233 -1.0121874903652175 -0.759795751100434
1.0388746493862469 0.32204454163856777 0.1607023297997979 0.29421269509903275 -0.09719806520861148 2.1758254753847157 -1.0098721709997216 -0.7575958542474034
1.0375777608801722 0.3214666235306848 0.1614744381253767 0.2932284554058873 -0.09651884040280724 2.170749668561128 -1.0075596434709875 -0.7553981205306683
1.0362826938252758 0.3208893145064818 0.1622467525564445 0.29224496426472046 -0.09584054398776594 2.1656802535765833 -1.0052500233107737 -0.7532026881283281
1.0349895340020596 0.3203126652063858 0.1630192165560545 0.2912622906463624 -0.09516320442223722 2.1606174735857904 -1.0029434213115385 -0.7510096902647548
1.0336983641146533 0.31973672478377824 0.1637917751441469 0.29028050134586003 -0.09448684881300351 2.155561561721044 -1.0006399436986235 -0.7488192553673519
1.0324092638830054 0.31916154094032384 0.1645643748561569 0.2892996610439183 -0.09381150296697807 2.150512741456501 -0.9983396922962368 -0.7466315072184085
1.0311223101323819 0.31858715996051934 0.1653369637027524 0.2883198323665672 -0.09313719144141354 2.145471226959327 -0.996042764687454 -0.7445021329623788
1.0298375768802532 0.31801362674547656 0.16610949113066872 0.287341075943109 -0.09246393759228741 2.1404372234281874 -0.9937492543684562 -0.7424291369288044
1.0285551354206424 0.31744098484595595 0.16688190798461114 0.2863634504623958 -0.09179176362092889 2.1354109274195383 -0.9914592508972102 -0.7404105935786907
1.0272750544060087 0.31686927649466595 0.1676541664701939 0.2853870127274885 -0.0911206906189491 2.130392527162157 -0.9891728400367927 -0.7384446450335018
1.0259973999267418 0.31629854263784274 0.16842622011788808 0.28441181770874463 -0.09045073861153448 2.1253822028603366 -0.9868901038935496 -0.7365294986912414
1.0247222355883296 0.31572882296612537 0.16919802374794932 0.2834379185953821 -0.08978192659916122 2.120380126986149 -0.9846111210502773 -0.7346634249265475
1.0234496225862744 0.315160155944741 0.16996953343629873 0.2824653668455646 -0.08911427259778669 2.1153864645611775 -0.9823359666946061 -0.7328447548718424
1.0221796197788158 0.3145925788430142 0.17074070648132994 0.28149421223505267 -0.08844779367757132 2.1104013734280906 -0.9800647127427565 -0.7310718782766802
1.02091228375753 0.31402612776321426 0.171511501371617 0.28052450290446235 -0.08778250600018332 2.1054250045124285 -0.9777974279588363 -0.7293432414425352
1.0196476689158627 0.31346083766875427 0.17228187775449746 0.27955628540517363 -0.08711842485473623 2.1004575020749505 -0.9755341780698383 -0.7276573452303744
1.0183858275156594 0.31289674241175625 0.17305179640550727 0.2785896047439284 -0.08645556469240763 2.095499003954888 -0.9732750258764944 -0.7260127431384473
1.0171268097517474 0.31233387475999425 0.1738212191986427 0.27762450442615655 -0.08579393915978602 2.0905496418044267 -0.9710200313601347 -0.7244080394478183
1.0158706638146295 0.3117722664232295 0.17459010907742734 0.2766610264980681 -0.08513356113099065 2.085609541314736 -0.9687692517856947 -0.7228418874332551
1.014617435951342 0.31121194807895053 0.17535843002676127 0.275699211587548 -0.0844744427386081 2.0806788224338484 -0.9665227418010105 -0.7213129876371697
1.013367170524532 0.31065294939752935 0.17612614704553095 0.2747390989438882 -0.0838165954034875 2.0757575995766864 -0.9642805535325354 -0.719820086204389
1.012119910069804 0.3100952990668083 0.17689322611995856 0.27378072647639246 -0.08316002986343497 2.0708459818275133 -0.962042736677606 -0.7183619732756117
1.0108756953513873 0.3095390248161278 0.17765963419767067 0.2728241307918861 -0.08250475620084642 2.0659440731350873 -0.9598093385933824 -0.7169374814374833
1.009634565416173 0.3089841534398073 0.178425339162466 0.27186934723116335 -0.0818507838693165 2.0610519725007785 -0.9575804043825832 -0.7155454842272934
1.0083965576461664 0.3084307108200924 0.17919030980976325 0.2709164099044036 -0.08119812171926015 2.056169774159901 -0.9553559769761288 -0.7141848946903706
1.0071617078094044 0.3078787219495775 0.17995451582270983 0.2699653517255865 -0.0805467780225819 2.0512975677565097 -0.9531360972128061 -0.712854663988318
1.0059300501093777 0.30732821095311696 0.18071792774893367 0.2690162044459357 -0.07989676049642695 2.0464354385118892 -0.9509208039160609 -0.7115537800562961
1.0047016172330059 0.3067792011092347 0.18148051697792014 0.26806899868641937 -0.07924807632604672 2.0415834673869715 -0.9487101339680217 -0.7102812663076267
1.0034764403972032 0.30623171487104356 0.18224225571899685 0.2671237639693351 -0.07860073218681049 2.036741731238892 -0.9465041223808545 -0.709036180384048
1.0022545493940793 0.30568577388668516 0.18300311697990954 0.2661805287490064 -0.07795473426539379 2.0319103029719012 -0.9443028023655442 -0.7078176129500138
1.0010359726348144 0.3051413990193001 0.18376307454597296 0.26523932044161563 -0.07731008828017277 2.0270892516828356 -0.9421062053981971 -0.7066246865294824
0.9998207371922441 0.30459861036653907 0.18452210295978086 0.2643001654542004 -0.07666679950085317 2.0222786428013375 -0.9399143612839511 -0.7054565543837006
0.9986088688421951 0.30405742727962476 0.1852801775014595 0.26336308921283574 -0.07602487276736117 2.0174785382250198 -0.9377272982185815 -0.7043123994285345
0.9974003921036074 0.3035178683819746 0.18603727416945 0.26242811619002715 -0.07538431250802266 2.012688996449754 -0.9355450428478851 -0.703191433189957
0.9961953302774761 0.30297995158739327 0.18679336966180501 0.26149526993133687 -0.07474512275705651 2.007910072695259 -0.9333676203249225 -0.7020928947963443
0.994993705484649 0.30244369411784544 0.1875484413579853 0.26056457308126596 -0.07410730717140639 2.003141819026159 -0.9311950543651953 -0.7010160500062853
0.9937955387025137 0.3019091125208169 0.18830246730114286 0.2596360474084132 -0.07347086904693492 1.9983842844686739 -0.9290273672998333 -0.6999601902706533
0.9926008498006051 0.30137622268627384 0.18905542618087715 0.25870971382993246 -0.0728358113340032 1.993637515123098 -0.9268645801268619 -0.69892463182773
0.9914096575751653 0.30084503986322886 0.18980729731645113 0.2577855924353086 -0.07220213665245775 1.9889015542722233 -0.9247067125606221 -0.69790871483022
0.9902219797826862 0.3003155786759222 0.19055806064045513 0.2568637025094709 -0.07156984730604633 1.984176442485848 -0.922553783079405 -0.6969118025030286
0.9890378331724654 0.29978785313962714 0.19130769668290587 0.25594406255526453 -0.0709389452962831 1.9794622177215142 -0.9204058089713689 -0.6959332803307219
0.9878572335182024 0.2992618766760878 0.19205618655576867 0.25502669031529707 -0.07030943233578323 1.9747589154216114 -0.918262806378799 -0.6949725552736205
0.9866801956486642 0.2987376621285967 0.1928035119378917 0.2541116027931792 -0.06968130986108588 1.9700665686069727 -0.91612479034077 -0.6940290550115195
0.9855067334774472 0.2982152217767216 0.1935496550603405 0.2531988162741762 -0.06905457904498434 1.9653852079670961 -0.9139917748342686 -0.6931022272140601
0.9843368600318618 0.29769456735068806 0.19429459869212237 0.252288346345288 -0.06842924080838096 1.960714861947107 -0.9118637728138325 -0.6921915388368138
0.9831705874809641 0.2971757100454259 0.19503832612628955 0.2513802079147734 -0.0678052958316843 1.9560555568315818 -0.9097407962497569 -0.6912964754421729
0.9820079271627615 0.2966586605342876 0.1957808211664111 0.25047441523113456 -0.06718274456576495 1.951407316825345 -0.9076228561649236 -0.6904165405441732
0.9808488896106149 0.29614342898244456 0.19652206811340334 0.2495709819015778 -0.06656158724248624 1.94677016413135 -0.9055099626702988 -0.6895512549764062
0.9796934845788607 0.2956300250599702 0.1972620517527092 0.2486699209099648 -0.06594182388482513 1.9421441190257478 -0.9034021249991504 -0.688700156282205
0.9785417210676768 0.29511845795461566 0.19800075734181688 0.2477712446342693 -0.06532345431659833 1.937529199930244 -0.9012993515400286 -0.6878627981263213
0.9773936073472125 0.2946087363842852 0.19873817059810864 0.24687496486355354 -0.06470647817180815 1.9329254234818432 -0.8992016498685558 -0.6870387497273343
0.9762491509810056 0.29410086860921886 0.19947427768703063 0.24598109281447736 -0.06409089490362165 1.9283328046000743 -0.8971090267780684 -0.6862275953100616
0.9751083588487065 0.29359486244388777 0.20020906521057524 0.24508963914735443 -0.06347670379299687 1.9237513565517879 -0.8950214883091514 -0.6854289335772679
0.97397123716813 0.29309072526860963 0.20094252019606754 0.24420061398176715 -0.06286390395696884 1.9191810910136116 -0.8929390397781061 -0.6846423771999891
0.9728377915166541 0.29258846404089 0.20167463008524697 0.2433140269117538 -0.062252494356607846 1.9146220181321516 -0.890861685804389 -0.6838675523258188
0.9717080268519837 0.2920880853064962 0.2024053827236372 0.24242988702057972 -0.06164247380466216 1.910074146582016 -0.8887894303370596 -0.6831040981045211
0.970581947532301 0.29158959521026895 0.2031347663501956 0.24154820289510395 -0.061033840972896596 1.905537483621743 -0.886722276680272 -0.682351666230362
0.9694595573358162 0.29109299950667883 0.20386276958723507 0.24066898263975342 -0.06042659439913828 1.9010120351477076 -0.8846602275178451 -0.6816099205005675
0.96834085947974 0.2905983035701327 0.20458938143061084 0.2397922338901152 -0.05982073249404031 1.89649780574608 -0.8826032849369441 -0.6808785363893416
0.967225856638691 0.2901055124050357 0.205314591240165 0.238917963826158 -0.05921625354757383 1.8919947987429049 -0.8805514504509063 -0.680157200636896
0.9661145509625576 0.28961463065561455 0.20603838873042177 0.23804617918509305 -0.05861315573525844 1.8875030162523712 -0.8785047250212418 -0.6794456108529612
0.9650069440938289 0.28912566261550804 0.20676076396152712 0.2371768862738848 -0.058011437124140704 1.8830224592233353 -0.8764631090788372 -0.6787434751342699
0.9639030371844102 0.28863861223712917 0.2074817073304254 0.23631009098142108 -0.057411095678530095 1.8785531274841631 -0.8744266025443939 -0.6780505116955197
0.9628028309119379 0.28815348314080463 0.2082012095622673 0.23544579879035232 -0.05681212926550134 1.8740950197859492 -0.8723952048481255 -0.6773664485133395
0.961706325495609 0.2876702786236969 0.20891926170204242 0.23458401478860924 -0.05621453566017191 1.8696481338441728 -0.8703689149487434 -0.6766910229828026
0.9606550271420002 0.2871851685702352 0.2096287394606487 0.23373657887146115 -0.055609989469745075 1.8652923925284448 -0.8684039826604962 -0.6760264002817271
0.9596475320592591 0.28669836487286754 0.21032976723733926 0.2329030546721996 -0.05499885321312685 1.8610246776361539 -0.8664982150797569 -0.6753722449128681
0.9586824795923145 0.28621006900873536 0.21102246888250042 0.23208302056321864 -0.05438147446879714 1.856841983731009 -0.8646494988656276 -0.6747282330154928
0.9577585508801161 0.2857204724884198 0.2117069676167976 0.23127606915413104 -0.053758186473748845 1.8527414140490264 -0.8628557973510033 -0.6740940519570867
0.9568744675553353 0.2852297572864698 0.2123833859558951 0.23048180680694497 -0.05312930869880539 1.8487201765531376 -0.8611151477584994 -0.6734693999394014
0.9560289904851624 0.284738096254426 0.21305184564047797 0.22969985316772154 -0.052495147401235925 1.8447755801310308 -0.8594256585174395 -0.6728539856183404
0.9552209185518802 0.28424565351702774 0.21371246757131604 0.228929840714154 -0.05185599615555197 1.8409050309310222 -0.8577855066782352 -0.6722475277371985
0.9544490874719382 0.28375258485226496 0.21436537174912101 0.2281714143185276 -0.05121213636333525 1.837106028830949 -0.8561929354206237 -0.6716497547727823
0.9537123686522918 0.2832590380559085 0.21501067721895875 0.22742423082553825 -0.0505638377429139 1.833376164035259 -0.8546462516523583 -0.6710604045939624
0.9530096680828105 0.2827651532911319 0.21564850201898894 0.2266879586444653 -0.04991135879967252 1.8297131137956393 -0.853143823695068 -0.6704792241322193
0.9523399252636017 0.2822710634238103 0.21627896313331427 0.22596227735521116 -0.049254947277751426 1.826114639250705 -0.8516840790541239 -0.6699059690637609
0.9517021121661289 0.2817768943440629 0.21690217644873086 0.2252468773277368 -0.04859484059386128 1.822578582380424 -0.8502655022694636 -0.6693404035028072
0.9510952322270445 0.2812827652745807 0.21751825671518069 0.22454145935443867 -0.04793126625391125 1.8191028630711128 -0.8488866328444358 -0.6687822997056475
0.9505183193736892 0.28078878906626287 0.21812731750971545 0.2238457342950272 -0.04726444225312203 1.815685476286994 -0.8475460632498328 -0.668231437785093
0.949970437080246 0.28029507248166313 0.21872947120379 0.22315942273348266 -0.04659457746026889 1.8123244893444435 -0.8462424370003847 -0.6676876054349595
0.9494506774535679 0.2798017164667289 0.21932482893371114 0.22248225464667845 -0.04592187198667536 1.809018039285202 -0.844974446801082 -0.6671505976642281
0.9489581603477333 0.2793088164112976 0.21991350057407544 0.2218139690842753 -0.045246517540553824 1.8057643303449604 -0.8437408327607959 -0.6666202165405425
0.948492032506409 0.27881646239879576 0.22049559471403754 0.22115431385950415 -0.04456869776726654 1.802561631513854 -0.8425403806707519 -0.6660962709427164
0.9480514667321361 0.27832473944557 0.2210712186362565 0.22050304525046763 -0.043888588576058256 1.7994082741855322 -0.8413719203455036 -0.6655785763219342
0.9476356610816783 0.27783372773026255 0.22164047829837577 0.2198599277116032 -0.04320635845379034 1.7963026498915875 -0.8402343240241389 -0.6650669544713389
0.9472438380866017 0.27734350281362646 0.22220347831689788 0.21922473359496294 -0.042522168766185836 1.793243208118246 -0.8391265048295319 -0.6645612333037135
0.9468752439982836 0.27685413584916324 0.22276032195332188 0.21859724288097646 -0.04183617404707518 1.790228454202332 -0.8380474152835343 -0.6640612466369707
0.9465291480565704 0.27636569378494735 0.22331111110241722 0.21797724291837514 -0.04114852227611322 1.7872569473036322 -0.8369960458760757 -0.663566833987177
0.9462048417813335 0.27587823955699065 0.22385594628251337 0.21736452817296664 -0.040459355145420116 1.7843272984508836 -0.8359714236862162 -0.6630778403688463
0.945901638286193 0.27539183227448466 0.2243949266276903 0.2167588999849589 -0.039768808315581015 1.7814381686587129 -0.834972611053267 -0.6625941161022486
0.9456188716137063 0.27490652739724575 0.2249281498817605 0.21616016633454357 -0.03907701166142266 1.7785882671129538 -0.8339987042961595 -0.6621155166274857
0.9453558960913379 0.2744223769056762 0.22545571239393694 0.21556814161545834 -0.03838408950796875 1.7757763494218577 -0.8330488324793138 -0.6616419023250973
0.9451120857075503 0.2739394294635413 0.22597770911608833 0.21498264641625714 -0.03769016085696034 1.7730012159308073 -0.8321221562233179 -0.6611731383429681
0.9448868335073795 0.2734577305738505 0.22649423360148538 0.21440350730902644 -0.036995339604312685 1.770261710098228 -0.8312178665587909 -0.6607090944293137
0.9446795510068722 0.27297732272812136 0.22700537800494802 0.21383055664529502 -0.036299734748865185 1.7675567169304747 -0.8303351838218646 -0.6602496447715329
0.9444896676257926 0.27249824554929175 0.22751123308430696 0.2132636323588926 -0.03560345059276765 1.7648851614735535 -0.8294733565897692 -0.6597946678407194
0.9443166301380138 0.27202053592853676 0.2280118882030969 0.21270257777552137 -0.0349065869338324 1.7622460073596162 -0.8286316606550719 -0.6593440462416343
0.9441599021390378 0.27154422815623686 0.22850743133440338 0.2121472414288127 -0.03420923925016914 1.7596382554062369 -0.8278093980371619 -0.6588976665679482
0.9440189635300994 0.2710693540473337 0.228997949065788 0.2115974768826484 -0.03351149887740709 1.7570609422665562 -0.8270058960296319 -0.6584554192625665
0.9438933100183304 0.2705959430613004 0.22948352660522123 0.21105314255953417 -0.03281345317879708 1.7545131391284468 -0.826220506282252 -0.6580171984828603
0.9437824526324751 0.27012402241694555 0.22996424778795477 0.210514101574819 -0.03211518570847481 1.7519939504609194 -0.8254526039162804 -0.6575829019706313
0.9436859172536664 0.2696536172022598 0.23044019508426913 0.20998022157656282 -0.031416776368155694 1.7495025128060546 -0.8247015866719024 -0.6571524309266416
0.9436032441607863 0.26918475047950746 0.23091144960803514 0.2094513745908596 -0.03071830155752097 1.7470379936148084 -0.8239668740866283 -0.6567256898895514
0.9435339875899497 0.26871744338575654 0.2313780911260309 0.20892743687243137 -0.03001983431854482 1.7445995901250975 -0.8232479067035297 -0.6563025866191078
0.9434777153076657 0.26825171522903285 0.23184019806795875 0.2084082887603136 -0.029321444474002308 1.7421865282806313 -0.822544145308229 -0.6558830319834353
0.9434340081972465 0.2677875835802777 0.23229784753710983 0.20789381453845898 -0.028623198760388772 1.7397980616890085 -0.8218550701935989 -0.6554669398502851
0.9423213061665482 0.2676306352147147 0.2330172662109786 0.20720882974788393 -0.02816558633692876 1.7360165090644812 -0.8202317075521862 -0.6550542269821028
0.940178402060267 0.2677673160961204 0.23399086159826912 0.2063622134997832 -0.027937633894144883 1.7309005951568923 -0.8177133641146654 -0.6546448129347813
0.9370428961340246 0.26818460528051313 0.23521120590733852 0.20536247122825657 -0.027928803558547217 1.7245068967184694 -0.8143379085133888 -0.6542386199599691
0.9329512319891756 0.26886999450127547 0.23667103335004044 0.20421774913688512 -0.028128976258529746 1.7168899193933846 -0.8101418227775485 -0.6538355729108092
0.9279387314130483 0.26981146852479826 0.23836323745587604 0.20293584811051596 -0.028528435714995068 1.7081021718620961 -0.805160251989258 -0.6534355991509874
0.9220396281585636 0.2709974862478845 0.24028086839834245 0.201524237111592 -0.029117853033475014 1.6981942373385446 -0.7994270521662674 -0.6530386284669751
0.9152871006961096 0.2724169625092162 0.24241713033524262 0.19999006607967257 -0.02988827187537316 1.6872148425147682 -0.7929748364346799 -0.6526445929833533
0.9077133039695057 0.2740592505882131 0.2447653787646003 0.19834017835212503 -0.030831094186781854 1.675210924044121 -0.7858350195527684 -0.6522534270811098
0.8993494001868868 0.2759141253655982 0.2473191178977096 0.1965811226233259 -0.03193806646412269 1.6622276926510176 -0.7780378608448068 -0.6518650673188052
0.890225588676367 0.2779717671209372 0.2500719980507397 0.19471916445909004 -0.033201266536626424 1.64830869495198 -0.769612505601725 -0.6514794523565074
0.8803711348353962 0.2802227459433346 0.2530178130562123 0.1927602973824497 -0.03461309084640706 1.6334958730697426 -0.7605870250033628 -0.6510965228823958
0.8698143982018159 0.28265800673235103 0.2561504976955696 0.19071025354632834 -0.03616624220759652 1.6178296221192325 -0.7509884546151402 -0.6507162215419442
0.8585828596737362 0.2852688547670581 0.2594641251539588 0.18857451400809921 -0.03785371802669179 1.6013488456414393 -0.7408428315100729 -0.6503384928695884
0.8467031479045021 0.28804694182196283 0.2629529044982685 0.18635831862048197 -0.03966879896692663 1.584091009058461 -0.7301752300652419 -0.6499632832227943
0.8342010648981919 0.2909842528093259 0.2666111781793689 0.18406667555271397 -0.04160503804011582 1.5660921912203962 -0.7190097964800665 -0.6495905407184395
0.8211016108302895 0.29407309292815387 0.2704334195594263 0.18170437045543425 -0.04365625011003259 1.547387134112229 -0.7073697820620418 -0.6492202151714297
0.8074290081173983 0.29730607530087994 0.2744142304650878 0.17927597528223677 -0.04581650179196975 1.5280092907864113 -0.6952775753239651 -0.6488522580354694
0.7932067247591147 0.3006761090794508 0.2785483387672579 0.1767858567803864 -0.04808010173370329 1.5079908715845045 -0.6827547329351036 -0.648486622345912
0.7784574969744559 0.30417638800321595 0.28283059598812116 0.17423818466274307 -0.050441591263624685 1.4873628887089723 -0.6698220095672386 -0.6481232626646165
0.7632033511545296 0.30780037939167076 0.2872559749359999 0.171636939472508 -0.052895735392335115 1.4661551992040374 -0.6564993866750557 -0.6477621350267396
0.7474656251524588 0.3115418135557324 0.2918195673685737 0.1689859201519903 -0.05543751415450284 1.444396546402406 -0.6428061002489414 -0.6474031968893961
0.7312649889309116 0.3153946736118352 0.29651658168492945 0.1662887513261902 -0.058062114278273715 1.4221145998926357 -0.6287606675768849 -0.647046407082121
0.7146214645869529 0.3193531856837163 0.3013423406468558 0.16354889031160819 -0.06076492116999612 1.3993359940599623 -0.6143809130508724 -0.6466917257590712
0.6975544457733162 0.32341180947732345 0.30629227912974166 0.16076963386031615 -0.06354151120247513 1.3760863652515176 -0.5996839930518965 -0.6463391143529039
0.6800827165345964 0.3275652292148207 0.311361941903392 0.15795412464896602 -0.06638764429540774 1.3523903876150447 -0.584686419946482 -0.6459885355302752
0.6622244695762862 0.3318083449141875 0.31654698144302373 0.15510535752206478 -0.06929925677707176 1.3282718076584676 -0.569404085226456 -0.6456399531488995
0.6439973239840202 0.3361362640014107 0.32184315577066375 0.1522261854985088 -0.0722724545167464 1.3037534775759765 -0.5538522818225536 -0.6452933322161171
0.6254183424098476 0.3405442932427519 0.32724632632712647 0.14931932555004837 -0.07530350631773287 1.2788573873846578 -0.5380457256213584 -0.6449486388489148
0.6065040477418314 0.345027930985039 0.3327524558747109 0.14638736416004097 -0.07838883756121941 1.253604695914129 -0.5219985762140226 -0.6446058402353511
0.587270439272761 0.34958285969238034 0.33835760643071955 0.14343276267055163 -0.08152502409159702 1.2280157606901163 -0.5057244569041945 -0.6442649045973334
0.567733008383277 0.3542049387681315 0.3440579372318657 0.1404578624255689 -0.08470878633418132 1.2021101667514533 -0.48923647400160203 -0.6439258011547035
0.5479067537542275 0.3588901976513603 0.34984970272960436 0.13746488971782533 -0.08793698363663142 1.1759067544385666 -0.4725472354267926 -0.6435885000905818
0.527806196122617 0.3636348291774586 0.35572925061638955 0.13445596054644207 -0.0912066088256806 1.1494236461901566 -0.45566886865162365 -0.643252972517928
0.5074453925950596 0.36843518319293406 0.36169301988283237 0.13143308519235683 -0.09451478297110459 1.1226782723834678 -0.4386130379992141 -0.6429191904472762
0.4868379505322178 0.37328776041478723 0.3677375389057075 0.12839817261824443 -0.09785875034915384 1.0956873962522804 -0.42139096132622256 -0.6425871267556008
0.46599704101728956 0.37818920652523724 0.37385942356672885 0.12535303469939632 -0.10123587359796482 1.0684671379155337 -0.40401342610950064 -0.6422567551562757
0.44538214783534447 0.3830823825347214 0.3799452186729286 0.12234712734744864 -0.10452110688339518 1.0414336741023003 -0.3867037461642367 -0.641922397944497
0.42502644602515 0.38794737177689365 0.38598767329345995 0.11938477977567184 -0.10771330102082137 1.014654738163574 -0.3695144208832212 -0.6415842462976812
0.4049587426691284 0.3927668182391974 0.39198033444521085 0.11646964341276916 -0.11081172722618816 0.9881892465914024 -0.35249134881406574 -0.6412424844682082
0.3852038810051967 0.39752568177620007 0.3979174794955604 0.11360475981938532 -0.1138160307823878 0.9620881344190532 -0.335674447793417 -0.640897290028969
0.3657831107439607 0.40221101431768236 0.4037940539557731 0.11079262267021665 -0.11672618887701741 0.9363951194629381 -0.31909822242153085 -0.6405488341102231
0.34671442730697005 0.40681175535762376 0.4096056142425862 0.10803523429041458 -0.11954247226365752 0.9111474011909318 -0.30279228315255113 -0.6401972816280733
0.3280128824873632 0.4113185451467599 0.41534827501846344 0.105334157195871 -0.1222654104268152 0.886376299541981 -0.2867818209362426 -0.6398427915048547
0.3096908688366327 0.4157235541371789 0.42101866075135036 0.10269056105095388 -0.12489575995646078 0.8621078385982883 -0.2710880410340135 -0.6394855168817237
0.291758379899115 0.4200203273433141 0.42661386116276157 0.10010526542408335 -0.1274344758618325 0.8383632796210394 -0.2557285593437381 -0.6391256053237238
0.2742232482479497 0.42420364239045305 0.4321313902588531 0.09757877869098085 -0.12988268557604707 0.8151596076010287 -0.24071776430223632 -0.6387631990175924
0.2570913631215463 0.42826938012022736 0.4375691486629459 0.09511133340728031 -0.13224166542318502 0.7925099751442247 -0.22606714718951487 -0.6383984349625684
0.2403668693170173 0.43221440671314404 0.44292538898992356 0.09270291844627244 -0.13451281933805298 0.7704241072070892 -0.21178560343338618 -0.6380314451544458
0.22405234886564068 0.4360364663716577 0.44819868402318286 0.09035330817368606 -0.13669765964588623 0.7489086699152865 -0.19787970730535318 -0.6376623567631129
0.20814898689432557 0.4397340836841397 0.4533878974734884 0.08806208890943389 -0.13879778972496018 0.7279676064404069 -0.1843539622072917 -0.6372912923038093
0.19268578020120064 0.4432307408159678 0.45846986720943317 0.08583306016650533 -0.14081722416335415 0.7076663902984188 -0.17126039149207498 -0.6369227203793401
0.17765756920081127 0.44653069628061476 0.46344601943326896 0.08366424270899973 -0.14275724371334403 0.6879973323344604 -0.1585947713784338 -0.6365565885458415
0.1630585824191573 0.44963849022537994 0.46831781689780955 0.08155365511664141 -0.14461925600311182 0.6689514712902284 -0.1463518777814412 -0.6361928460885541
0.14888252137890837 0.4525588938725098 0.47308675339095824 0.07949932215511397 -0.1464047754223538 0.6505187547945716 -0.1345256229394673 -0.6358314439613119
0.13512263740914265 0.45529686418090204 0.4777543486770232 0.07749928209538755 -0.14811540503868875 0.6326882026518378 -0.12310917879654211 -0.6354723347281627
0.12177180107114625 0.4578575032638742 0.48232214386000416 0.0755515930826561 -0.1497528203652238 0.6154480539703774 -0.11209508829062326 -0.635115472507043
0.10882256483498176 0.46024602213739313 0.4867916971366805 0.07365433864678027 -0.1513187548146662 0.598785899545587 -0.10147536560288992 -0.6347608129154357
0.09626721958929063 0.4624677084089041 0.4911645799097764 0.07180563243813175 -0.15281498668917387 0.5826888007942479 -0.09124158633554531 -0.6344083130179402
0.08409784551876938 0.4645278975497286 0.49544237323373325 0.07000362226540086 -0.15424332756781783 0.5671433964288338 -0.08138496850508231 -0.6340579312756883
0.07230635783961512 0.46643194742414507 0.4996266645677041 0.06824649350520388 -0.15560561196517197 0.5521359979611719 -0.07189644516398264 -0.6337096274975408
0.060884547842662444 0.4681852157759483 0.5037190448123058 0.06653247194716376 -0.156903688145238 0.5376526750336287 -0.06276672939585323 -0.6333633627930013
0.049824119656644024 0.4697930403986979 0.5077211056084393 0.06485982613248852 -0.15813940998472883 0.5236793314922126 -0.05398637236657021 -0.6330190995267876
0.03911672310973905 0.4712607217391943 0.5116344368781316 0.0632268692388973 -0.1593146297887444 0.5102017730390364 -0.045545815056656974 -0.6326768012750018
0.028755907819311644 0.47261825499630433 0.5154774187102908 0.0616350867461512 -0.16040600016247417 0.4971980577552476 -0.037427945320987664 -0.632332219234521
0.018733605069133602 0.4738696867840189 0.5192505959768358 0.06008288091578252 -0.16141654795033647 0.4846546419220489 -0.02962364407854225 -0.6319854802998159
0.009041752457329875 0.4750190144257997 0.522954557911595 0.05856869162790257 -0.16234922708872718 0.4725579711655462 -0.022123756980964686 -0.631636706732137
-0.0003276855496902858 0.47607017719318234 0.526589933833608 0.05709099794750056 -0.16320691701292742 0.46089452823451393 -0.01491913026792921 -0.6312860163237466
-0.0093826994121585 0.47702704878023605 0.5301573891728938 0.055648319356636104 -0.16399242150816884 0.4496508750347717 -0.008000642396127754 -0.6309335225563457
-0.018131218449749513 0.47789343089398545 0.5336576217778627 0.05423921668803445 -0.16470846795635402 0.43881368945404486 -0.0013592318326796794 -0.6305793347538997
-0.026581096718828953 0.47867304785124676 0.5370913584850263 0.052862292792413446 -0.16535770693430824 0.42836979746586185 0.005014078629344847 -0.6302235582300607
-0.034740100656848016 0.47936954208182725 0.5404593519330311 0.05151619296895685 -0.16594271212345116 0.41830620095941784 0.01112816070600854 -0.6298662944303784
-0.04261589833141751 0.47998647044675163 0.5437623776043067 0.05019960518567861 -0.16646598049445174 0.40861010170411133 0.016991762308848298 -0.629507641069483
-0.05021605014522635 0.4805273012881749 0.5470012310788006 0.04891126011397736 -0.16692993273379336 0.3992689218223645 0.02261349180877093 -0.6291476922634173
-0.05754800086049883 0.48099541213497676 0.5501767254853566 0.047649930999440905 -0.16733691388225644 0.39027032111212084 0.02800180462734568 -0.6287865386572912
-0.0646190728181993 0.4813940879947603 0.5532896891373069 0.046414433388911 -0.16768919415814257 0.38160221153084095 0.033164991926949335 -0.6284242675484224
-0.07143646023777248 0.48172652016914486 0.5563409633397867 0.04520362473194288 -0.16798896994064236 0.37325276912568145 0.03811117119105577 -0.6280609630051233
-0.07800722449292735 0.4819958055348998 0.5593314003571433 0.044016403873078265 -0.168238364891105 0.3652104436696423 0.04284827850416348 -0.6276967059812877
-0.08433829026790138 0.4822049462386474 0.5622618615296261 0.042851710449781547 -0.16843943119212218 0.3574639662406275 0.04738406235755323 -0.6273315744269268
-0.0904364425068416 0.4823568497576112 0.5651332155292832 0.04170852420945471 -0.16859415088630667 0.35000235495941673 0.05172607882238449 -0.6269656433947962
-0.09630832407647023 0.4824543292832373 0.5679463367456914 0.040585864257636085 -0.1687044372984429 0.3428149190833381 0.05588168794568513 -0.6265989851432536
-0.10196043406911592 0.4825001043884981 0.5707021037927856 0.039482788248291135 -0.16877213652632791 0.3358912616348234 0.05985805123766635 -0.6262316692354788
-0.10739912667953902 0.48249680194333533 0.5734013981286554 0.038398391526010725 -0.16879902898711763 0.32922128072789125 0.06366213013059858 -0.6258637626351857
-0.11263061059480475 0.4824469572460354 0.5760451027807285 0.03733180622893553 -0.16878683100735825 0.3227951697408156 0.06730068530030081 -0.6254953297989505
-0.11766094884180374 0.4823530153413844 0.5786341011692799 0.03628220036031562 -0.16873719644612742 0.3166034164696951 0.07078027675120527 -0.6251264327652742
-0.12249605904192341 0.48221733249924026 0.5811692760226818 0.035248776835785554 -0.16865171834184217 0.31063680138523325 0.07410726457503548 -0.6247571312404969
-0.12714171402687288 0.48204217782971437 0.5836515083782559 0.03423077251268022 -0.16853193057432334 0.30488639510368787 0.0772878103014459 -0.6243874826816731
-0.13160354277378908 0.4818297350134854 0.586081676663005 0.03322745720702893 -0.16837930953464367 0.29934355517255323 0.08032787876657767 -0.6240175423765172
-0.13588703162153387 0.4815821041278996 0.5884606558488819 0.03223813270324008 -0.16819527579614135 0.293999922262035 0.08323324043244586 -0.6236473635205217
-0.1399975257335592 0.4813013035514562 0.5907893166776133 0.03126213176091952 -0.1679811957807548 0.288847415844681 0.08600947409643955 -0.6232769972913483
-0.14394023077589405 0.4809892719310535 0.5930685249504313 0.03029881712274935 -0.1677383834155389 0.2838782294375838 0.08866196993603849 -0.6229064929205879
-0.14772021478171687 0.4806478701979874 0.5952991408783704 0.02934758052688448 -0.16746810177486082 0.2790848254743061 0.09119593283917092 -0.6225358977629835
-0.15134241017664296 0.4802788836201737 0.5974820184890783 0.02840784172689882 -0.1671715647043516 0.2744599298670459 0.09361638597549936 -0.6221652573632048
-0.15481161594129608 0.47988402387940726 0.5996180050863567 0.027479047521927338 -0.1668499384232134 0.26999652631349974 0.09592817456836114 -0.6217946155202616
-0.15813249988996725 0.47946493116369737 0.6017079407588967 0.026560670799300932 -0.16650434310195583 0.2656878503973524 0.0981359698311441 -0.6214240143496383
-0.1613096010462066 0.4790231762658325 0.6037526579349091 0.02565220959165533 -0.16613585441306147 0.2615273835262795 0.10024427303557618 -0.6210534943432322
-0.1643473320980633 0.4785602626803412 0.6057529809795602 0.024753186150209987 -0.1657455050524675 0.2575088467467505 0.10225741968278063 -0.6206830944271706
-0.16724998191739676 0.4780776286919354 0.607709725832333 0.023863146035655397 -0.16533428623009666 0.25362619447072915 0.10417958375102256 -0.6203128520175842
-0.17002171812924352 0.4775766494493601 0.609623699681615 0.022981657227855404 -0.16490314912798434 0.24987360814555537 0.10601478199687317 -0.619942803074407
-0.17266658971865023 0.47705863901933065 0.6114957006739934 0.02210830925536232 -0.16445300632482815 0.24624548989481798 0.10776687828906747 -0.6195729821532735
-0.17518852966368567 0.4765248524159254 0.6133265176559003 0.02124271234555517 -0.1639847331860392 0.24273645615487138 0.10943958795665082 -0.6192034224555809
-0.17739954769887573 0.4758882368480451 0.6149426578832671 0.02047908272986523 -0.16335815338724793 0.2399118147012461 0.11062101411002141 -0.6188341558767798
-0.17931637407874151 0.47515578602520814 0.6163530116994957 0.019810774229797726 -0.16258445758612522 0.23772630701110917 0.11134390629597422 -0.6184652130529568
-0.18095489111721136 0.4743340620880758 0.617566128337053 0.01923149803389213 -0.1616742228740644 0.23613725474304134 0.11163914285335305 -0.6180966234057694
-0.18233017702865142 0.47342922128461434 0.6185902292389303 0.01873530453228235 -0.16063744396620194 0.23510441835316 0.11153583359736138 -0.617728415185792
-0.18345654744820328 0.47244703815372535 0.6194332208423403 0.018316566064545153 -0.1594835628567056 0.2345898633615243 0.1110614169414327 -0.6173606155143273
-0.18434759475608914 0.4713929283018065 0.6201027068469902 0.017969960534724036 -0.1582214970135225 0.2345578338566459 0.11024175175661519 -0.6169932504237396
-0.18501622532380005 0.47027196985285996 0.620605999989322 0.017690455849764378 -0.15685966618323385 0.23497463284810463 0.1091012042522766 -0.616626344896361
-0.18547469479370185 0.4690889236481958 0.620950133343209 0.017473295139823312 -0.1554060178732839 0.23580850909825016 0.10766273014665487 -0.6162599229020205
-0.18573464149756125 0.46784825226746507 0.6211418711667285 0.017313982721031223 -0.15386805157563405 0.23702955008382548 0.105947952381322 -0.6158940074342459
-0.18580711811378792 0.466554137938684 0.6211877193138023 0.017208270763286553 -0.15225284179282667 0.23860958075713384 0.10397723461994901 -0.6155286205451854
-0.18570262165779275 0.46521049940107245 0.6210939352287043 0.017152146627567606 -0.15056705992452407 0.24052206779414692 0.1017697507588159 -0.6151637833792922
-0.1854311218947585 0.4638210077809014 0.620866537540669 0.017141820839049395 -0.14881699506980664 0.2427420290337719 0.09934355066426347 -0.6147995162058182
-0.18500208825929312 0.46238910153712465 0.6205113152751154 0.017173715664025504 -0.14700857379786483 0.24524594782841053 0.09671562234069574 -0.6144358384501578
-0.1844245153618714 0.4609180005303425 0.6200338366972946 0.017244454260259008 -0.14514737893719698 0.24801169204100262 0.09390195072177711 -0.6140727687240826
-0.18370694715765337 0.4594107192655972 0.6194394578035111 0.01735085037192753 -0.14323866743102073 0.251018437437996 0.09091757326709406 -0.6137103248549057
-0.18285749984918545 0.45787007935662677 0.6187333304744227 0.01748989854178946 -0.14128738730431745 0.25424659524116805 0.08777663253673489 -0.6133485239136146
-0.18188388359062943 0.45629872125649185 0.6179204103043177 0.01765876481458563 -0.13929819378574834 0.25767774361398216 0.08449242590695334 -0.6129873822420078
-0.18079342305751162 0.4546991152969301 0.6170054641196793 0.017854777907006958 -0.13727546462560455 0.2612945628702341 0.08107745258129363 -0.6126269154788714
-0.17959307694253196 0.4530735720763791 0.6159930771997887 0.01807542082080755 -0.13522331464897536 0.2650807742041665 0.07754345804323935 -0.6122671385852293
-0.1782894564347057 0.45142425223433 0.6148876602115823 0.018318322876827747 -0.13314560958143573 0.26902108175203676 0.07390147608858127 -0.6119080658686992
-0.17688884273602115 0.4497531756475254 0.6136934558704644 0.01858125214881632 -0.13104597918276 0.27310111780535296 0.07016186856825457 -0.6115497110069869
-0.1753972036668753 0.44806223008148643 0.6124145453382849 0.018862108277008006 -0.12892782972245995 0.277307391005667 0.06633436296535256 -0.6111920870705485
-0.1738202094087857 0.44635317932894114 0.6110548543692216 0.01915891564242538 -0.12679435582931872 0.28162723735997247 0.06242808792335946 -0.6108352065444511
-0.17216324743026326 0.4446276708649216 0.6096181592138575 0.019469816883834975 -0.1246485517455426 0.2860487739244181 0.05845160683633899 -0.6104790813494587
-0.17043143663925914 0.4428872430465944 0.6081080922913085 0.019793066740199657 -0.12249322201467668 0.290560855012246 0.0544129496058489 -0.610123722862372
-0.16862964080326018 0.44113333188428244 0.6065281476388472 0.020127026202334728 -0.12033099163102566 0.29515303078962174 0.05031964266370649 -0.6097691419356484
-0.16676248127589702 0.439367277408622 0.6048816861480735 0.02047015695829674 -0.11816431567698256 0.2998155081303622 0.04617873735438836 -0.6094153489163261
-0.1648343490668366 0.4375903296573678 0.6031719405963003 0.02082101611781359 -0.11599548847339397 0.3045391136075131 0.04199683676579393 -0.6090623536642799
-0.16284941628975338 0.4358036543040122 0.6014020204814655 0.021178251201804436 -0.11382665226687719 0.3093152585063005 0.037780121092319985 -0.6087101655698286
-0.16081164702130207 0.4340083379491123 0.5995749166685296 0.02154059538374031 -0.11165980547684881 0.31413590574919664 0.0335343716096692 -0.6083587935707203
-0.15872480760224536 0.43220539309401923 0.5976935058549891 0.021906862970262855 -0.10949681052392461 0.31899353862972796 0.029264993336534262 -0.6080082461685151
-0.15659247641021593 0.4303957628155715 0.5957605548628179 0.022275945109111468 -0.10733940126030243 0.3238811312572158 0.024977036454248768 -0.6076585314443883
-0.1544180531320089 0.42858032515924954 0.5937787247638409 0.022646805713009605 -0.10518919002174275 0.32879212061991275 0.020675216551663406 -0.6073096570743731
-0.15220476756180346 0.4267598972672795 0.5917505748452573 0.02301847758873129 -0.10304767431981146 0.333720380178979 0.016363933758879658 -0.6069616303440644
-0.14995568795029565 0.42493523925722626 0.5896785664217479 0.023390058761109923 -0.10091624319214554 0.33866019491046073 0.012047290830042183 -0.6066144581628
-0.1476737289283847 0.4231070578657208 0.5875650665003347 0.023760708982265375 -0.09879618322764075 0.34360623771689547 0.007729110232144674 -0.6062681470773413
-0.14536165902778764 0.4212760098711221 0.5854123513039058 0.024129646416812936 -0.09668868428264132 0.34855354713439124 0.0034129502937323233 -0.6059227032850677
-0.14302210781975822 0.4194427053081184 0.5832226096590728 0.024496144494280912 -0.09459484490343079 0.35349750626502296 -0.0008978795355221595 -0.605578132646704
-0.1406575726919524 0.41760771048652007 0.5809979462537914 0.02485952892040303 -0.09251567746958023 0.35843382286816905 -0.005200304266141881 -0.605234440698597
-0.1382704252824093 0.41577155082579137 0.5787403847699553 0.025219174839369324 -0.09045211307200285 0.3633585105479886 -0.009491469745443067 -0.6048916326645567
-0.13586291758860244 0.4139347135161979 0.5764518708959525 0.02557450413951531 -0.08840500613889032 0.3682678709776258 -0.01376872978624262 -0.6045497134672777
-0.1334371877685561 0.41209765001681875 0.5741342752239726 0.025924982895305527 -0.0863751388220653 0.3731584771039281 -0.018029634006841364 -0.6042086877393559
-0.1309952656501129 0.410260778400078 0.5717893960366519 0.026270118938824704 -0.08436322515567417 0.3780271572794978 -0.0222719163436521 -0.6038685598339144
-0.1285390779635811 0.4084244855518918 0.5694189619874558 0.02660945955432898 -0.08236991499856325 0.3828709802717628 -0.02649348419992665 -0.6035293338348532
-0.12607045331217576 0.4065891292359981 0.5670246346790174 0.026942589289731707 -0.08039579777112839 0.3876872411014646 -0.030692408196008856 -0.6031910135667345
-0.12359112689390069 0.40475504003053986 0.5646080111434763 0.027269127879204113 -0.07844140599690182 0.39247344766553044 -0.03486691248840701 -0.6028536026043185
-0.12110274498778989 0.4029225231445033 0.562170626228695 0.0275887282713616 -0.07650721865863869 0.3972273081017247 -0.03901536562674525 -0.60251710428176
-0.11860686921673952 0.40109186012117043 0.5597139548940747 0.027901074757782123 -0.07459366437818908 0.4019467188547719 -0.0431362719193243 -0.6021815217014793
-0.11610498059851047 0.3992633104353289 0.5572394144195351 0.02820588119686511 -0.07270112442898694 0.40662975340582 -0.04722826327960292 -0.6018468577427187
-0.1135984833958658 0.3974371129905887 0.5547483665310792 0.028502889328287956 -0.07082993558955561 0.41127465162916915 -0.0512900915274071 -0.6015131150697945
-0.11108870877622448 0.3956134875227854 0.5522421194462255 0.028791867173553472 -0.0689803928460182 0.415879809742138 -0.05532062112008939 -0.601180296140057
-0.10857691829066198 0.3937926359151012 0.5497219298424522 0.029072607518345898 -0.0671527519512095 0.4204437708157826 -0.0593188222901994 -0.6008484032115673
-0.10606430718156609 0.39197474343020416 0.5471890047516731 0.02934492647262621 -0.06534723184761379 0.4249652158159241 -0.06328376456749372 -0.6005174383505026
-0.1035520075277637 0.3901599798643983 0.5446445033836412 0.029608662104599833 -0.0635640169609984 0.4294429551455928 -0.06721461066431186 -0.6001874034382976
-0.10104109123546648 0.38834850062848353 0.5420895388810557 0.02986367314488203 -0.06180325937127512 0.4338759206615543 -0.07111061070447874 -0.5998583001785325
-0.09853602722467718 0.38654088834457656 0.5395080475315841 0.03013113871502922 -0.06002851109088545 0.43826222870625386 -0.07497419470133009 -0.5995344827976324
-0.09603762969847873 0.384737200860413 0.536901888710702 0.03040985811584867 -0.05824196353888423 0.44260114386599214 -0.07880463745452654 -0.5992157861850443
-0.09354666460486429 0.3829374888161351 0.534272850786969 0.030698690941941758 -0.05644568575699083 0.4468920225700947 -0.08260128972673508 -0.5989020509755401
-0.09106385204348888 0.38114179628857736 0.5316226535805985 0.030996554478470602 -0.05464163025430127 0.45113430725359294 -0.08636357358860212 -0.5985931233470816
-0.08858986855025756 0.37935016138746797 0.5289529507381906 0.03130242120600819 -0.05283163858605004 0.45532752085072287 -0.09009097802247105 -0.5982888548258055
-0.08612534926619006 0.3775626168067787 0.5262653320265027 0.031615316408976156 -0.05101744667829545 0.4594712616010948 -0.0937830547708365 -0.5979891020978756
-0.08367088999665359 0.3757791903342534 0.523561325548036 0.031934315883365316 -0.049200689909876645 0.463565198151374 -0.09743941441628047 -0.5976937268279618
-0.08122704916672656 0.37399990532195126 0.5208423998811182 0.03225854373961645 -0.04738290796248752 0.4676090649362413 -0.10105972268034787 -0.5974025954841125
-0.07879434967814473 0.3722247811204632 0.5181099661470712 0.032587170296713694 -0.04556554944923253 0.47160265782328653 -0.10464369692949324 -0.5971155791687937
-0.07637328067298729 0.37045383347928723 0.5153653800069613 0.03291941006370968 -0.04374997633156998 0.4755458300073172 -0.1081911028768686 -0.5968325534558806
-0.07396429920898218 0.36868707491569325 0.5126099435903463 0.033254519805061424 -0.04193746813410961 0.4794384881403581 -0.1117017514693259 -0.5965533982333884
-0.07156783185104748 0.366924515054256 0.5098449073583463 0.03359179668630858 -0.040129225966311605 0.48328058868435825 -0.11517549594957907 -0.5962779975517426
-0.06918427618343695 0.365166160939095 0.5070714719032878 0.03393057649677195 -0.03832637635973318 0.48707213447433 -0.11861222908401134 -0.5960062394773932
-0.06681400224662284 0.36341201732073025 0.5042907896870916 0.034270231946089795 -0.036529974929085586 0.49081317148031267 -0.12201188054712526 -0.5957380159515837
-0.06445735390282763 0.36166208691933777 0.5015039667204999 0.03461017103154338 -0.03474100986499795 0.4945037857571813 -0.12537441445411682 -0.5954732226540949
-0.062114650133905464 0.3599163706660736 0.49871206418516656 0.03494983547325099 -0.03296040526603424 0.498144100571921 -0.1286998270335137 -0.5952117588717862
-0.0597861862750767 0.35817486792402653 0.4959161000005634 0.0352886992144322 -0.031189024317174803 0.501734273698551 -0.13198814443225096 -0.5949535273717679
-0.05747223518783019 0.3564375766902572 0.49311705033758807 0.03562626698406131 -0.02942767232165405 0.5052744948714162 -0.13523942064596797 -0.5946984342790387
-0.05517304837513153 0.35470449378028707 0.49031585108069514 0.035962072919340934 -0.027677099592740007 0.50876498338807 -0.1384537355676991 -0.5944463889584335
-0.05288885704190699 0.35297561499630914 0.48751339924030757 0.036295679245534125 -0.02593800421174916 0.5122059858534495 -0.14163119314849734 -0.5941973039007283
-0.05061987310361473 0.35125093528030993 0.4847105543172063 0.03662667501079594 -0.02421103465831058 0.5155977740574968 -0.1447719196638788 -0.5939510946127561
-0.048366290145564685 0.3495304488532125 0.4819081396205362 0.03695467487374389 -0.022496792318626276 0.5189406429788072 -0.14787606208030457 -0.5937076795113923
-0.046128284335506795 0.3478141493410767 0.47910694354101085 0.037279317941600644 -0.02079583387721949 0.5222349089072889 -0.15094378651622797 -0.5934669798212743
-0.04390601529187316 0.3461020298893236 0.4763077207808434 0.0376002666568324 -0.0191086735974186 0.5254809076792039 -0.15397527679253015 -0.5932289194761224
-0.04169962690993285 0.3443940832658863 0.4735111935418784 0.03791720573029271 -0.01743578549559109 0.5286789930183179 -0.15697073306744574 -0.5929934250235359
-0.03950924814799835 0.3426903019541282 0.47071805267334865 0.03822984111896402 -0.015777605413919264 0.5318295349772324 -0.1599303705513445 -0.5927604255331419
-0.037334993775709036 0.34099067823631324 0.46792895878063245 0.03853789904646827 -0.014134532996296108 0.5349329184732934 -0.16285441829698413 -0.592529852507979
-0.035176965086309915 0.339295204268359 0.4651445432963377 0.038841125064593515 -0.012506933571716276 0.5379895419137799 -0.16574311806108696 -0.5923016397990009
-0.03303525057474262 0.3376038721465538 0.46236540951499616 0.0391392831541562 -0.01089513994934238 0.5409998159053621 -0.1685967232333153 -0.5920757235225916
-0.030909926583269378 0.33591667396687197 0.45959213359260415 0.03943215486358779 -0.009299454129240818 0.5439641620430953 -0.1714154978289335 -0.5918520419809851
-0.02880105791626037 0.33423360187747847 0.4568252655122059 0.0397195384837014 -0.007720148932603489 0.5468830117744738 -0.1741997155416445 -0.5916305355854865
-0.026708698425688734 0.3325546481249713 0.45406533001667315 0.04000124825715738 -0.006157469555101845 0.5497568053343131 -0.17694965885327762 -0.5914111467823985
-0.024632891568796538 0.3308798050948742 0.45131282750979484 0.04027711362120791 -0.0046116350468572475 0.5525859907464619 -0.1796656181971851 -0.5911938199815545
-0.022573670939318183 0.3292090653468541 0.44856823492675396 0.04054697848235909 -0.0030828397223563305 0.555371022888564 -0.18234789117237343 -0.5909785014873699
-0.020531060773575097 0.32754242164510644 0.4458320065750293 0.040810700521645094 -0.0015712545034917188 0.5581123626162978 -0.184996781805557 -0.5907651394323201
-0.018505076432686875 0.32587986698431726 0.4431045749467267 0.0410681505292623 -7.702819876656206e-05 0.5608104759437149 -0.18761259985847334 -0.5905536837127618
-0.016495724862079016 0.324221394611585 0.44038635150330774 0.04131921176736291 0.0013997112784341695 0.5634658332764885 -0.19019566017794295 -0.5903440859270135
-0.014503005029405948 0.3225669980446547 0.4376777274336518 0.04156377935985674 0.002858855749732269 0.5660789086950546 -0.19274628208629352 -0.5901362993156165
-0.012526908341949824 0.3209166710867934 0.43497907438635525 0.0418017597081169 0.0043003156671552285 0.5686501792847961 -0.19526478880989614 -0.5899302787037
-0.010567419044500533 0.3192704078386111 0.43229074517713995 0.04203306993153047 0.005724019061514327 0.5711801245105758 -0.19775150694368446 -0.5897259804453746
-0.008624514598670292 0.31762820270710945 0.42961307447221403 0.04225763733187837 0.0071299105413438115 0.5736692256330739 -0.20020676594964146 -0.5895233623700847
-0.006698166044546889 0.3159900504122186 0.4269463794483986 0.04247539888057035 0.008517950340091198 0.5761179651645251 -0.20263089768734946 -0.5893223837308491
-0.004788338345542995 0.31435594599106526 0.42429096043080594 0.042686300727800504 0.00988811340935205 0.5785268263615819 -0.2050242359748009 -0.5891230051543246
-0.002894990717254822 0.31272588480019436 0.421647101508829 0.042890297732727185 0.011240388556041312 0.580896292753159 -0.20738711617776592 -0.5889251885926275
-0.0010180769411016356 0.31109986251595173 0.41901507113117425 0.04308735301381744 0.012574777621487704 0.5832268477012286 -0.20971987482610518 -0.5887288972768518
0.0011637496636824184 0.30979872148019744 0.41626222625928966 0.04340414979505541 0.01386868574372609 0.5853662405859562 -0.21190793156011198 -0.5885340956722234
0.003632316600351017 0.30880511409059 0.41339805614791575 0.04383328444660257 0.015122115664978585 0.5873218361394009 -0.21395680105060355 -0.5883407494348336
0.006370358138325617 0.30810251607045186 0.4104315191778603 0.04436774103866966 0.016335147930231424 0.5891007475793631 -0.2158718102884705 -0.5881488253698962
0.009361471135975552 0.30767518797781834 0.40737107011924545 0.04500087161694681 0.017507933852030345 0.5907098438894204 -0.21765810397352042 -0.5879582913914735
0.012590073025512443 0.3075081385148584 0.40422468603781975 0.04572637747374476 0.01864068895700648 0.5921557569829875 -0.21932064982101654 -0.587769116483621
0.01604136185303036 0.30758708955333236 0.40099989091105137 0.04653829136475731 0.019733686884677696 0.5934448887451845 -0.22086424378097314 -0.5875812706628993
0.019701278272077564 0.3078984427957052 0.39770377901744997 0.04743096062387158 0.02078725371076359 0.5945834179472038 -0.22229351516596532 -0.5873947249422068
0.023556469394229267 0.30842924799529947 0.39434303715945906 0.048399031130842735 0.02180176266885177 0.5955773070287004 -0.22361293168384805 -0.5872094512958841
0.027594254404956973 0.3091671726624625 0.39092396577730526 0.04943743208891993 0.022777629245764132 0.5964323087444892 -0.22482680437236424 -0.5870254226260487
0.03180259185767252 0.3101004731871454 0.3874524990083797 0.050541361571666034 0.0237153066273987 0.5971539726725298 -0.2259392924331566 -0.5868426127301136
0.03617004856317536 0.31121796731155216 0.38393422374405556 0.05170627280026118 0.02461528147317056 0.5977476515808158 -0.2269544079631868 -0.5866609962694496
0.04068576999586279 0.31250900788962704 0.3803743977333028 0.052927861114524966 0.025478069998447914 0.598218507651363 -0.22787602058201156 -0.5864805487391508
0.04533945214198534 0.3139634578731122 0.3767779667800434 0.054202051602738825 0.026304214345581275 0.5985715185600214 -0.22870786195377196 -0.5863012464388649
0.05012131471895383 0.31557166646673124 0.373149581078893 0.0555249873571045 0.02709427922525828 0.598811483411311 -0.22945353020312148 -0.5861230664446496
0.05502207569824177 0.31732444639774804 0.3694936107317462 0.056893018323340316 0.027848848810987932 0.598943028527918 -0.23011649422465405 -0.5859459865818196
0.06003292706778494 0.31921305224771473 0.3658141604855841 0.058302690714499485 0.028568523870529203 0.5989706130948819 -0.23070009788569693 -0.5857699853987502
0.06514551177296968 0.321229159796671 0.36211508372990503 0.05975073696059733 0.029253919119033335 0.598898534658852 -0.23120756412260798 -0.5855950421416025
0.07035190177833002 0.32336484633238616 0.35839999579029835 0.06123406616706186 0.02990566077956997 0.5987309344831201 -0.23164199893096418 -0.5854211367299378
0.07564457719495031 0.32561257187945847 0.3546722865528907 0.06274975505637774 0.030524384337557286 0.598471802759412 -0.2320063952502504 -0.5852482497331908
0.08101640642130209 0.32796516130520476 0.3509351324526948 0.06429503936858129 0.031110732476418258 0.598124983677684 -0.23230363674385682 -0.585076362347971
0.08648825136405662 0.33032280906633604 0.34722031991067454 0.06583651880214976 0.03163983012450931 0.5976776584571735 -0.23252858507541815 -0.58490086560318
0.09205314751122141 0.3326848310893217 0.3435286201892611 0.06737346164548995 0.03211425446832396 0.5971335633114282 -0.23268383265302045 -0.5847219182179253
0.09770445273693201 0.33505055590574717 0.3398607339853699 0.06890518884681826 0.032536470844103035 0.5964963194267302 -0.23277189455778002 -0.5845396731960283
0.10343583315265571 0.3374193249337106 0.3362172954067437 0.07043107103880866 0.032908837492533406 0.595769435862507 -0.2327952103564194 -0.5843542780285703
0.10924124958145259 0.33979049271619793 0.3325988757501987 0.07195052571876018 0.03323361011622787 0.5949563124223243 -0.23275614590606775 -0.5841658748892705
0.11511494462733772 0.3421634271194944 0.3290059870912391 0.07346301457643976 0.033512946247956796 0.5940602424920535 -0.23265699514818605 -0.5839746008229499
0.12105143031307297 0.34453750949450385 0.3254390856940579 0.07496804096214604 0.0337489094372886 0.5930844158421893 -0.23249998188882356 -0.5837805879273257
0.12704547626094123 0.34691213480367783 0.32189857525051385 0.07646514748790938 0.033943473262995294 0.5920319213916482 -0.2322872615626977 -0.5835839635283717
0.13309209839222214 0.3492867117160904 0.3183848099562723 0.07795391375509621 0.03409852517828923 0.590905749930705 -0.23202092297885352 -0.5833848503494734
0.1391865481222004 0.3516606626730417 0.3148980974319049 0.07943395420201958 0.03421587019567872 0.5897087968010286 -0.2317029900459036 -0.5831833666745961
0.1453243020285972 0.3540334239264284 0.31143870149638114 0.0809049160654763 0.03429723441796198 0.5884438645310559 -0.23133542347507557 -0.5829796265056792
0.15150105197232452 0.3564044455519809 0.3080068448000287 0.08236647745043309 0.034344268421621006 0.587113665425199 -0.23092012245950427 -0.5827737397144597
0.15771269565042575 0.3587731914393392 0.30460271132370753 0.08381834550237156 0.034358550498629056 0.5857208241056213 -0.23045892632839965 -0.5825658121889226
0.1639553275619821 0.3611391392608167 0.3012264487506238 0.08526025467707499 0.03434158976244697 0.5842678800055309 -0.2299536161748995 -0.582355945974569
0.17022523036864018 0.3635017804205861 0.2978781707169063 0.0866919651028992 0.0342948291237542 0.5827572898131439 -0.229405916456582 -0.5821442394106839
0.17651886663224886 0.36586061998591407 0.2945579589467777 0.08811326103081714 0.03421964814124 0.581191429865652 -0.22881749656776434 -0.5819307872617819
0.18283287091288938 0.3682151766019676 0.29126586527787957 0.08952394936776073 0.03411736575256822 0.5795725984926947 -0.2281899723828544 -0.5817156808444003
0.18916404221133967 0.3705649823916208 0.28800191358204597 0.09092385828900706 0.033989242890425396 0.5779030183089957 -0.22752490777015086 -0.5814990081494051
0.1955093367407375 0.37290958284159764 0.28476610158657073 0.09231283592556765 0.03383648498836586 0.5761848384559566 -0.22682381607560512 -0.5812808539599689
0.20186586101289528 0.37524853667620317 0.28155840260077586 0.09369074912274096 0.033660244380979296 0.5744201367921337 -0.2260881615761673 -0.581061299965372
0.208230865225377 0.37758141571981224 0.27837876715246057 0.09505748226618031 0.033461622602725186 0.5726109220326382 -0.2253193609024375 -0.5808404248707776
0.21460173693607473 0.37990780474921176 0.2752271245385951 0.09641293617201069 0.03324167258960454 0.5707591358376058 -0.22451878443043438 -0.5806183045031198
0.22097599501261914 0.3822273013368188 0.27210338429441666 0.09775702703770182 0.03300140078767208 0.5688666548499768 -0.22368775764237592 -0.5803950119132457
0.22735128384452943 0.3845395156857307 0.2690074375848882 0.09908968545056879 0.032741769172231414 0.5669352926829138 -0.22282756245644303 -0.5801706174744412
0.2337253678065513 0.38684407045749897 0.26593915852229466 0.10041085545092812 0.03246369718140121 0.5649668018572637 -0.2219394385255646 -0.5799451889774703
0.24009612596215033 0.38914060059346 0.2628984054135713 0.10172049364708606 0.03216806356759208 0.5629628756895377 -0.22102458450532564 -0.5797187917222499
0.2464615469966237 0.3914287531303986 0.25988502194079094 0.10301856837947682 0.0318557081702911 0.5609251501309465 -0.22008415929115568 -0.5794914886062809
0.2528197243697643 0.3937081870112676 0.2568988382780724 0.104305058931403 0.031527433613414174 0.5588552055580822 -0.21911928322500632 -0.579263340209948
0.2591688516784624 0.3959785728916378 0.25393967214802043 0.10557995478395839 0.03118400693035453 0.55675456851589 -0.21813103927177155 -0.5790344048788015
0.26550721822005996 0.3982395929425044 0.2510073298206585 0.10684325491283411 0.030826161119729287 0.5546247134136114 -0.21712047416574617 -0.5788047388029264
0.2718093236399089 0.40051972550765497 0.24808427339672404 0.10811260488741715 0.030486383204191617 0.552443116511278 -0.21606982265954003 -0.5785743960935013
0.2780743241978313 0.4028175867267996 0.24517088900343972 0.10938746839619339 0.030164136275041314 0.5502118332344442 -0.214980606811109 -0.5783434288566488
0.28430144066888746 0.40513184400287616 0.24226753529857045 0.11066733193354275 0.02985889484169521 0.5479328477554968 -0.2138542965800615 -0.5781118872646712
0.2904899552457967 0.40746121422967124 0.23937454486853663 0.11195170382450736 0.029570144727873678 0.545608075606278 -0.21269231171898054 -0.5778798196247644
0.29663920857611725 0.409804462081475 0.236492225562006 0.1132401132927415 0.029297382960284078 0.5432393661898949 -0.21149602359235053 -0.5776472724453
0.30274859692851647 0.41216039836253937 0.23362086176181202 0.11453210956971653 0.029040117650487432 0.5408285051957207 -0.2102667569259506 -0.577414290499761
0.308817569482695 0.4145278784141937 0.23076071559792355 0.11582726104333904 0.02879786787059401 0.5383772169214388 -0.2090057914894608 -0.5771809168884142
0.31484562573775693 0.4169058005775492 0.22791202810407313 0.11712515444422213 0.02857016352339531 0.5358871665058212 -0.2077143637149182 -0.5769471930977997
0.3208323130340331 0.4192931047098014 0.2250750203205391 0.1184253940679277 0.028356545207503383 0.5333599620757846 -0.2063936682535521 -0.5767131590581145
0.32677722418357175 0.421688770752211 0.22224989434546885 0.11972760103157225 0.028156564078034067 0.5307971568111249 -0.20504485947342826 -0.5764788531985641
0.3326799952047105 0.42409181734791596 0.2194368343370266 0.12103141256325992 0.027969781703337762 0.5282002509301934 -0.20366905290023204 -0.5762443125007558
0.338540303156333 0.4265013005077942 0.21663600746855172 0.12233648132287468 0.027795769918250543 0.525570693599645 -0.20226732660342867 -0.576009572550201
0.3443578640675984 0.4289163123226623 0.21384756483881803 0.1236424747528291 0.027634110674308772 0.5229098847712658 -0.20084072252994817 -0.5757746675859944
0.35013243095910423 0.43133597972015747 0.21107164233939435 0.12494907445742902 0.027484395887342583 0.5202191769487613 -0.19939024778745637 -0.5755396305487344
0.35586379195161405 0.4337594632647123 0.20830836148101958 0.12625597560957325 0.027346227282837123 0.517499876887276 -0.19791687587919105 -0.5753044931267475
0.36155176845864007 0.43618595599908805 0.20555783018082352 0.12756288638356467 0.02721921623942537 0.5147532472282977 -0.19642154789226263 -0.5750692858006756
0.3671962134593267 0.4386146823259896 0.202820143512144 0.12886952741286314 0.02710298363085269 0.5119805080724993 -0.19490517364124307 -0.5748340378864852
0.37279700984822817 0.4410448969283386 0.20009538441861566 0.13017563127166293 0.02699715966673071 0.5091828384929609 -0.19336863276879343 -0.5745987775769537
0.37835406885871614 0.44347588372683344 0.1973836243941328 0.13148094197922752 0.026901383732376917 0.5063613779911242 -0.1918127758050102 -0.5743635319816863
0.38386732855688804 0.4459069548734744 0.1946849241302188 0.13278521452596156 0.026815304228016264 0.503517227897731 -0.19023842518710407 -0.5741283271657176
0.38933675240297866 0.4483374497797809 0.19199933413226805 0.1340882144202458 0.026738578407601903 0.5006514527209086 -0.18864637624095953 -0.5738931881867446
0.39476232787740123 0.4507667341784737 0.18932689530606275 0.13538971725510424 0.026670872217494323 0.49776508144348075 -0.18703739812606202 -0.5736581391310429
0.40014406516866535 0.4531941992174398 0.18666763951590498 0.13668950829381424 0.026611860135221016 0.4948591087714948 -0.18541223474522037 -0.57342320314811
0.4054819959205328 0.4556192605848404 0.18402159011564703 0.13798738207361003 0.026561225008522763 0.4919344963358795 -0.18377160562045478 -0.5731884024840829
0.41077617203588324 0.45804135766426396 0.18138876245384636 0.13928314202666822 0.026518657894877375 0.48899217384906885 -0.18211620673636594 -0.5729537585139717
0.4160266645348672 0.46045995271886586 0.17876916435421775 0.14057660011760023 0.026483857901677427 0.4860330402183548 -0.18044671135224893 -0.5727192917727522
0.4212335624650248 0.46287453010347507 0.17616279657250444 0.14186757649671108 0.02645653202722491 0.483057964617661 -0.17876377078416458 -0.5724850219853571
0.4263969718611459 0.4652845955036843 0.17356965323084078 0.1431558991683175 0.026436395002692938 0.48006778751936124 -0.17706801515813292 -0.5722509680956058
0.4315170147527401 0.4676896752009764 0.17098972223063144 0.1444414036734496 0.026423169135192538 0.47706332168770255 -0.17536005413556705 -0.5720171482941088
0.43659382821707476 0.4700893153629736 0.16842298564492827 0.1457239327862911 0.026416584152071286 0.47404535313532825 -0.17364047761202123 -0.5717835800451841
0.4416275634758236 0.4724830813579294 0.16586942009124173 0.14700333622374173 0.026416377046559632 0.47101464204433935 -0.1719098563902842 -0.5715502801128216
0.4466183850334519 0.4748705570926135 0.16332899708568321 0.14827947036751338 0.026422291924870795 0.4679719236532729 -0.17016874282880784 -0.571317264585726
0.4515664698555416 0.47725134437277383 0.16080168337929537 0.14955219799819758 0.026434079854850506 0.46491790911132136 -0.16841767146642195 -0.5710845489014739
0.45647200658533515 0.47962506228538454 0.15828744127738917 0.15082138804076797 0.026451498716263937 0.4618532863010652 -0.16665715962424812 -0.5708521478698152
0.4613351947968494 0.48199134660192133 0.15578622894267075 0.1520869153210047 0.02647431305279871 0.4587787206309386 -0.1648877079856897 -0.5706200756951489
0.46615624428298047 0.4843498492019306 0.15329800068290672 0.15334866033235114 0.026502293925854934 0.4556948557986008 -0.1631098011553397 -0.5703883459982031
0.47093537437708505 0.48670023751618546 0.15082270722384292 0.15460650901273565 0.02653521877018582 0.45260231452633826 -0.16132390819761575 -0.5701569718369465
0.47567281330658995 0.48904219398874815 0.14836029596806055 0.1558603525309117 0.026572871251445328 0.4495016992695777 -0.15953048315589807 -0.5699259657267597
0.4803687975772393 0.49137541555728037 0.14591071124042337 0.1571100870818902 0.02661504112569281 0.4463935928995482 -0.1577299655529174 -0.5696953396598918
0.48502357138665053 0.4936996131509697 0.14347389452073994 0.15835561369105666 0.02666152410089842 0.4432785593610878 -0.15592278087310874 -0.5694651051242277
0.48963738606590324 0.49601451120545986 0.14104978466423826 0.15959683802658475 0.02671212170048728 0.44015714430655156 -0.15410934102761908 -0.56923527312139
0.4942104995479417 0.4983198471941969 0.1386383181104226 0.1608336702197748 0.02676664112895497 0.43702987570673985 -0.15229004480263075 -0.5690058541842008
0.4987431758616198 0.5006153711756223 0.13623942908085793 0.1620660246929632 0.026824895139581875 0.43389726443972826 -0.15046527829163456 -0.5687768583935235
0.5032356846502695 0.5029008453556656 0.1338530497664022 0.16329381999466394 0.026886701904269176 0.43075980485844695 -0.14863541531226326 -0.5685482953945088
0.5076883007137201 0.5051760436650089 0.13147911050438413 0.16451697864161952 0.026951884885514792 0.42761797533782264 -0.14680081780827117 -0.568320174412264
0.5121013035727394 0.5074407513506126 0.12911753994620173 0.16573542696745255 0.027020272710543566 0.4244722388022645 -0.14496183623722245 -0.5680925042669687
0.516474977054914 0.5096947645810118 0.12676826521579537 0.1669490949776239 0.027091699047601996 0.42132304323424447 -0.1431188099444292 -0.5678652933884529
0.5208096089010247 0.5119378900649085 0.12443121205942938 0.1681579162104156 0.02716600248442434 0.4181708221646926 -0.14127206752365878 -0.5676385498302603
0.5251054903910158 0.5141699446826037 0.12210630498719617 0.1693618276036709 0.027243026408873532 0.41501599514589926 -0.13942192716510945 -0.5674122812832115
0.5293629159886923 0.5163907551298269 0.11979346740663858 0.1705607693670347 0.02732261889175723 0.41185896820759027 -0.13756869699113358 -0.5671864950884878
0.5335821830043178 0.5186001575735391 0.11749262174886838 0.17175468485944964 0.02740463257181646 0.4087001342968118 -0.1357126753801697 -0.5669611982502508
0.5377635912743198 0.5207979973192972 0.11520368958754165 0.1729435204716749 0.027488924542881668 0.4055398737022399 -0.13385415127932573 -0.5667363974478142
0.5419074428573442 0.522984128489786 0.1129265917510358 0.1741272255136042 0.027575356243188485 0.4023785544635032 -0.13199340450603886 -0.566512099047385
0.5460140417459298 0.5251584137141343 0.11066124842815703 0.17530575210617044 0.027663793346843265 0.39921653276608554 -0.13013070603922094 -0.5662883091133877
0.5500836935931098 0.527320723827647 0.10840757926769265 0.17647905507763392 0.027754105657426267 0.3960541533223516 -0.1282663183002822 -0.5660650334193875
0.5541167054532702 0.5294709375815982 0.10616550347210794 0.17764709186406002 0.02784616700371857 0.39289174973921825 -0.12640049542441067 -0.565842277458626
0.5581133855366296 0.5316089413627413 0.103934939885674 0.17880982241380142 0.027939855137536867 0.3897296448729739 -0.12453348352247016 -0.5656200464541834
0.5620740429767288 0.5337346289222066 0.10171580707729984 0.179967209095808 0.02803505163365878 0.3865681511717275 -0.1226655209338656 -0.5653983453687801
0.5659989876103443 0.5358479011134657 0.09950802341832968 0.18111921661159588 0.02813164179181972 0.3834075710059511 -0.12079683847071061 -0.5651771789142314
0.5698885297692661 0.5379486656390557 0.09731150715555428 0.1822658119107147 0.028229514540761128 0.38024819698756074 -0.11892765965361964 -0.5649565515605658
0.5737429800834047 0.5400368368057641 0.09512617647967407 0.1834069641095591 0.028328562344308524 0.37709031227796425 -0.11705820093943403 -0.5647364675448211
0.577562649294713 0.5421123352879892 0.09295194958944061 0.18454264441337828 0.028428681109456795 0.37393419088548574 -0.11518867194117988 -0.5645169308795275
0.5813478480814317 0.544175087898999 0.09078874475169298 0.18567282604134316 0.028529770096439085 0.37078009795256317 -0.11331927564054346 -0.5642979453608902
0.5850988868921894 0.5462250273698201 0.08863648035749519 0.18679748415453776 0.02863173183075479 0.36762829003309777 -0.11145020859313952 -0.5640795145766817
0.5888160757895057 0.5482620921354988 0.0864950749745719 0.18791659578674721 0.028734472017131307 0.3644790153603207 -0.1095816611268366 -0.5638616419138542
0.5924997243022678 0.5502862261284868 0.08436444739622986 0.1890301397779206 0.028837899455393553 0.36133251410552725 -0.10771381753339372 -0.5636443305658816
0.5961501412867679 0.5522973785789097 0.08224451668694448 0.1901380967101925 0.028941925958214494 0.358189018628016 -0.10584685625365274 -0.5634275835398408
0.5997676347959063 0.5542955038214877 0.08013520222478233 0.19124044884635227 0.02904646627071957 0.35504875371655636 -0.10398095005652135 -0.5632114036632425
0.603352511956185 0.5562805611088826 0.07803642374082256 0.19233718007065528 0.02915143799191727 0.35191193682269656 -0.10211626621197273 -0.5629957935906188
0.6069050788521272 0.5582525144312568 0.0759481013557323 0.19342827583187486 0.029256761497927775 0.34877877828621073 -0.10025296665827904 -0.5627807558098769
0.6104256404177795 0.5602113323418354 0.07387015561364456 0.19451372308849885 0.02936235986698127 0.3456494815529735 -0.09839120816368777 -0.5625662926484277
0.6139145003349659 0.5621569877882686 0.07180250751347958 0.19559351025597838 0.029468158806157194 0.3425242433855381 -0.09653114248274176 -0.562352406279097
0.6173719609379763 0.5640894579496014 0.06974507853784415 0.19666762715594108 0.029574086579835526 0.3394032540666848 -0.09467291650743628 -0.5621390987258257
0.6207983231243873 0.5660087240786623 0.06769779067963737 0.197736064967285 0.029680073939831016 0.33628669759619423 -0.09281667241339889 -0.5619263718691687
0.6241938862717255 0.5679147713496892 0.06566056646648495 0.19879881617907302 0.029786054057181186 0.33317475188109247 -0.0909625478012709 -0.5617142274515982
0.627558948159697 0.5698075887110182 0.0636333289831185 0.19985587454515139 0.02989196245555881 0.33006758891960397 -0.08911067583346248 -0.5615026670826179
0.6308938048977184 0.5716871687426666 0.06161600189181086 0.20090723504041935 0.02999773694627962 0.32696537497903944 -0.08726118536644663 -0.5612916922436967
0.6341987508574936 0.5735535075186448 0.05960850945097298 0.2019528938186805 0.03010331756487595 0.3238682707678378 -0.08541420107875136 -0.5610813042930263
0.6374740786103971 0.5754066044738425 0.057610776532013325 0.20299284817200908 0.030208646509207085 0.3207764316019719 -0.08356984359480299 -0.5608715044701096
0.6407200788694305 0.5772464622753345 0.055622728634555335 0.2040270964915678 0.030313668079077254 0.3176900075659207 -0.08172822960476794 -0.5606622939001868
0.6439370404355308 0.5790730866979601 0.05364429190010443 0.2050556382298169 0.030418328617332166 0.31460914366840226 -0.07988947198053474 -0.5604536735985036
0.6471252501480186 0.5808864865040344 0.05167539312425142 0.20607847386405614 0.030522576452405324 0.3115339799930544 -0.07805367988797256 -0.5602456444744274
0.6502849928389843 0.5826866733270538 0.049715959767494974 0.207095604861245 0.030626361842285368 0.30846465184424326 -0.07622095889559763 -0.5600382073354176
0.6534165512914174 0.5844736615592636 0.047765919964762 0.20810703364404806 0.030729636919876006 0.305401289888173 -0.07439141107977358 -0.5598313628908552
0.6565202062008946 0.5862474682429596 0.04582520253370075 0.20911276355805522 0.030832355639720286 0.30234402028946267 -0.07256513512656744 -0.5596251117557347
0.6595962361406502 0.5880081129654 0.04389373698181798 0.21011279884012898 0.030934473726061153 0.299292964843351 -0.0707422264303782 -0.5594194544542259
0.6626449175298588 0.5897556177572093 0.0419714535125279 0.21110714458783256 0.031035948622210617 0.29624824110368314 -0.06892277718945052 -0.5592143914231087
0.6656665246049686 0.5914900069941573 0.04005828303017758 0.21209580672989511 0.031136739441200007 0.2932099625068275 -0.06710687649838194 -0.5590099230150853
0.6686613293939319 0.5932113073022027 0.03815415714410987 0.21307879199767255 0.031236806917684195 0.2901782384916659 -0.065294610437728 -0.5588060495019751
0.671629601693184 0.5949195474656935 0.036259008171822316 0.2140561078975633 0.0313361133610729 0.2871531746157936 -0.06348606216080546 -0.558602771077795
0.6745716090472305 0.596614758338621 0.03437276914127747 0.21502776268434162 0.03143462260986261 0.2841348726680626 -0.06168131197779074 -0.5584000878617309
0.6774876167307077 0.598296972758825 0.03249537379241722 0.21599376533537148 0.031532299987142826 0.28112343077759444 -0.05988043743720625 -0.5581979999010028
0.6803778877327872 0.5999662254650557 0.030626756577931135 0.21695412552566629 0.0316291122572509 0.2781189435193855 -0.05808351340488452 -0.557996507173628
0.6832426827438025 0.6016225530167968 0.028766852663326455 0.2179088536037613 0.03172502758354991 0.2751215020166222 -0.056290612140496375 -0.5577956095910858
0.6860822601439803 0.6032659937167588 0.02691559792634482 0.21885796056836707 0.031820015487304454 0.27213119403982083 -0.054501803371726325 -0.557595307000887
0.6888968759941633 0.6048965875359572 0.025072928955768552 0.21980145804577306 0.03191404680762963 0.2691481041028996 -0.05271715436617519 -0.5573955991890526
0.6916867840284187 0.6065143760412882 0.023238783049657263 0.22073935826797297 0.032007093662488835 0.2661723135562894 -0.05093673000106715 -0.5571964858825029
0.6944522356484292 0.6081194023255224 0.02141309821305334 0.22167167405148383 0.032099129410716326 0.26320390067718413 -0.049160592830835514 -0.5569979667513626
0.69719347991957 0.6097117109396359 0.019595813155192963 0.22259841877683223 0.03219012861504101 0.2602429407570281 -0.04738880315265866 -0.5568000414111824
0.6999107635685784 0.6112913478274037 0.017786867286257384 0.22351960636868265 0.03228006700608817 0.2572895061863345 -0.04562141907001525 -0.5566027094250827
0.7026043309827262 0.6128583602621802 0.01598620071369746 0.22443525127658345 0.032368921447336337 0.25434366653692564 -0.043858496554325034 -0.5564059703058195
0.7052744242104115 0.614412796785797 0.01419375423816261 0.22534536845630743 0.03245666990100686 0.25140548864168166 -0.042100089504739334 -0.5562098235177774
0.7079212829630883 0.6159547071495074 0.012409469349063841 0.22624997335176497 0.03254329139486411 0.24847503667188223 -0.040346249806142806 -0.5560142684788908
0.710545144618457 0.6174841422569126 0.010633288219798871 0.22714908187746846 0.0326287659899047 0.24555237221222143 -0.038597027385425996 -0.5558193045624971
0.7131462442248421 0.6190011541088037 0.008865153702665904 0.22804271040152785 0.032713074748914404 0.24263755433357442 -0.036852470266085915 -0.5556249310991228
0.7157248145066865 0.6205057957498579 0.007105009323491203 0.2289308757291579 0.032796199705872 0.23973063966359054 -0.0351126246212099 -0.5554311473782069
0.7182810858710964 0.6219981212171286 0.0053527992759942414 0.2298135950866788 0.03287812383617947 0.23683168245518502 -0.03337753482489593 -0.5552379526497612
0.7208152864153728 0.6234781854902719 0.0036084684159129517 0.23069088610599225 0.03295883102769853 0.2339407346529995 -0.0316472435021608 -0.5550453461259723
0.7233276419354677 0.624946044443451 0.0018719622549103667 0.23156276680951612 0.03303830605257384 0.2310578459578981 -0.02992179157738549 -0.5548533269827464
0.7258183759353085 0.6264017547988673 0.00014322695428274287 0.2324292555955616 0.03311653453982346 0.228183063889564 -0.028201218321345554 -0.5546618943611973
0.7282877096369349 0.6278453740818623 -0.0015777906815117758 0.23329037122413718 0.03319350294867781 0.2253164338472588 -0.026485561396872425 -0.5544710473690831
0.7307358619913954 0.6292769605775419 -0.003291143211486044 0.23414613280316465 0.03326919854264844 0.2224579991688049 -0.02477485690319004 -0.5542807850821898
0.7331630496903534 0.6306965732888727 -0.004996882564901386 0.23499655977509293 0.03334360936430854 0.21960780118784873 -0.02306913941896955 -0.554091106545666
0.7355694871783555 0.632104271896203 -0.006695060048173641 0.23584167190389602 0.03341672421076739 0.21676587928946095 -0.02136844204414334 -0.5539020107753095
0.7379553866657166 0.6335001167181621 -0.008385726351892737 0.2366814892624422 0.033488532609821355 0.21393227096412742 -0.019672796440518205 -0.5537134967588084
0.7402951369812845 0.634897115340395 -0.010062403541795668 0.23750959982614367 0.03356674306890716 0.21112182117308462 -0.017988837485342246 -0.5535326588611261
0.7425900090714225 0.6362949268341687 -0.01172543163525523 0.23832637275562235 0.03365105560945644 0.20833390042111916 -0.016316266288522886 -0.5533592242804812
0.7448412305882514 0.6376932214624494 -0.013375137407495952 0.2391321614178846 0.0337411815520396 0.20556790472181338 -0.014654797171732839 -0.5531929297913841
0.7470499875250319 0.6390916804224054 -0.015011834955268675 0.239927304063534 0.03383684308851068 0.20282325454593464 -0.013004157079528 -0.5530335214088826
0.7492174257867255 0.6404899955903018 -0.016635826235980724 0.24071212447575588 0.03393777287088854 0.20009939381270545 -0.011364085016080381 -0.5528807540645782
0.7513446526983669 0.6418878692690029 -0.018247401583360478 0.2414869325922322 0.03404371361630021 0.1973957889222108 -0.00973433150642359 -0.5527343912939996
0.7534327384537776 0.6432850139382696 -0.019846840200687547 0.24225202510109684 0.03415441772734063 0.19471192782727004 -0.008114658081155713 -0.5525942049349369
0.7554827175070373 0.6446811520080304 -0.021434410632574275 0.24300768601199718 0.034269646927229044 0.192047319143169 -0.006504836783589813 -0.5524599748363506
0.7574955899090401 0.6460760155747763 -0.023010371216240774 0.24375418720328326 0.034389171909168036 0.18940149129371364 -0.004904649698385529 -0.5523314885774847
0.7594723225913578 0.6474693461812209 -0.02457497051318407 0.24449178894630513 0.03451277199933562 0.18677399169212888 -0.0033138885007368522 -0.5522085411968286
0.7614138505995479 0.6488608945793466 -0.026128447722102325 0.24522074040775818 0.03464023483296398 0.18416438595538676 -0.0017323540252308068 -0.552090934930579
0.7633210782779506 0.6502504204969444 -0.027671033073896945 0.2459412801309786 0.03477135604298107 0.1815722571506054 -0.00015985585352980324 -0.5519784789602715
0.7651948804079384 0.651637692407741 -0.029202948209539264 0.24665363649705366 0.034905938960712604 0.17899720507221614 0.0014037880799332133 -0.5518709891692589
0.7670361033014991 0.6530224873051951 -0.030724406541553662 0.2473580281665765 0.035043794328162584 0.17643884554864844 0.0029587518650228605 -0.5517682879077274
0.7688455658519578 0.6544045904800295 -0.03223561359983586 0.2480546645028416 0.03518474002141033 0.17389680977733413 0.004505201976475434 -0.5516702037659496
0.7706240605435665 0.6557837953015602 -0.03373676736249344 0.24874374597724375 0.035328600784680655 0.17137074368688024 0.006043297618689864 -0.5515765713554874
0.7723723544216202 0.6571599030028656 -0.03522805857236533 0.24942546455761322 0.0354752079746621 0.1688603073253072 0.007573191055415899 -0.5514872310980653
0.7740911900246937 0.6585327224698379 -0.03670967103984804 0.2501000040801894 0.035624399314665545 0.166365174273294 0.009095027924990638 -0.551402029021844
0.7757812862805199 0.6599020700341407 -0.038181781932628736 0.25076754060590606 0.03577601865823187 0.16388503108141447 0.01060894754174659 -0.5513208165648377
0.7774433393669757 0.6612677692700981 -0.03964456205289882 0.2514282427616352 0.03592991576181368 0.16141957673039098 0.012115083184187754 -0.5512434503852218
0.7790780235395788 0.662629650795524 -0.04109817610259635 0.25208227206700895 0.03608594606617102 0.15896852211343065 0.013613562370504501 -0.5511697921782913
0.780685991926839 0.6639875520764998 -0.04254278293720155 0.2527297832474137 0.036243970486135854 0.15653158953974758 0.015104507121973667 -0.5510997084998357
0.7822678772947566 0.6653413172360981 -0.04397853580858638 0.2533709245337275 0.03640385520841412 0.1541085122584107 0.01658803421476671 -0.551033070595706
0.7838242927817041 0.6666907968670465 -0.04540558259739731 0.2540058379493471 0.03656547149710752 0.1516990340016927 0.0180642554206664 -0.5509697542373573
0.7853558326048796 0.6680358478483174 -0.046824066035429115 0.2546346595850295 0.03672869550665019 0.1493029085471275 0.019533277737171024 -0.5509096395631552
0.7868630727394689 0.6693763331656283 -0.04823412391842742 0.25525751986205125 0.03689340810186774 0.14691989929751725 0.020995203607444494 -0.5508526109252475
0.7883465715716096 0.6707121217358283 -0.04963588930973853 0.25587454378416835 0.03705949468487796 0.14454977887816017 0.02245013113055116 -0.5507985567418027
0.7898068705262049 0.6720430882351448 -0.05102949073520645 0.25648585117883976 0.03722684502856399 0.14219232875059978 0.023898154262395156 -0.550747369354429
0.7912444946705898 0.6733691129312596 -0.05241505236969955 0.25709155692815827 0.03739535311636147 0.13984733884222503 0.025339363007766267 -0.5506989448905927
0.7926599532950156 0.6746900815191811 -0.05379269421563249 0.2576917711899151 0.03756491698811168 0.13751460719107775 0.026773843603876867 -0.5506531831308581
0.7940537404708767 0.6760058849608745 -0.05516253227383278 0.2582865996092068 0.03773543859174286 0.13519393960524995 0.028201678695758105 -0.5506099873807835
0.7954263355875651 0.6773164193286092 -0.05652467870708615 0.25887614352097615 0.037906823640551195 0.13288514933627865 0.029622947503867667 -0.5505692643473067
0.7967782038688049 0.678621585651981 -0.057879241996680084 0.25946050014386285 0.03807898147586244 0.13058805676596993 0.03103772598424634 -0.550530924019465
0.7981097968692821 0.6799212897685645 -0.05922632709225086 0.260039762765725 0.03825182493486381 0.1283024891061066 0.03244608698154604 -0.5504948795532967
0.7994215529523528 0.6812154421781463 -0.060566035555225974 0.26061402092117686 0.03842527022340433 0.12602828011051664 0.03384810037523822 -0.5504610471607773
