-2.9393684712708614 -0.15435552815880116 2.5758544481268304 3.9199729928843614 6.461692505650484 0.21354572641017672
-2.9393684712708614 -0.15435552815880116 2.5758544481268304 3.9199729928843614 6.461692505650484 0.21354572641017672
-2.9389407965406074 -0.15425241732105133 2.5758858089947156 3.9199593213913912 6.461680505268151 0.21359189692607028
-2.9381016163027533 -0.15404947314936002 2.5759473938562607 3.9199321001365854 6.461656885864601 0.2136826525343063
-2.936866529191909 -0.1537498800661461 2.5760381009308224 3.9198914566572878 6.4616220180990895 0.21381645779335218
-2.935250583358024 -0.15335673202832023 2.5761568624833857 3.919837523871338 6.4615762622433826 0.2139918256805028
-2.9332682958590643 -0.15287303506945138 2.576302643807587 3.919770439671005 6.461519968486226 0.2142073160775399
-2.9309336713681775 -0.1523017097703132 2.5764744422388084 3.9196903465357864 6.461453477228246 0.2144615343037154
-2.928260220219663 -0.15164559365982666 2.576671286196466 3.91959739116332 6.461377119367588 0.21475312969458038
-2.9252609758171984 -0.15090744354837016 2.5768922342546166 3.9194917241176643 6.461291216576626 0.21508079422522625
-2.921948511426934 -0.15008993779537239 2.5771363742400686 3.919373499494258 6.461196081569999 0.21544326117655083
-2.918334956377268 -0.14919567851304416 2.577402822357169 3.919242874600874 6.461092018364302 0.21583930384320493
-2.9144320116863236 -0.1482271937080506 2.5776907223385024 3.919100009653919 6.460979322529676 0.21626773428191715
-2.910250965137444 -0.14718693936288552 2.5779992446207167 3.9189450674894584 6.460858281433587 0.2167274020989342
-2.905802705822233 -0.14607730145864695 2.578327585544754 3.9187782132883555 6.46072917447703 0.21721719327535588
-2.9010977381700416 -0.14490059794087196 2.5786749665797606 3.918599614314953 6.460592273323433 0.21773602902917943
-2.8961461954820846 -0.14365908063003796 2.5790406335699774 3.9184094396687343 6.4604478421204705 0.21828286471290648
-2.8909578529877473 -0.14235493707830082 2.5794238560039378 3.9182078600484367 6.460296137715049 0.21885668874560188
-2.885542140439992 -0.14099029237397853 2.5798239263053118 3.917995047528089 6.460137409861664 0.21945652157832718
-2.8799081542662295 -0.13956721089526658 2.5802401591447657 3.91777117534449 6.459971901424371 0.22008141469190584
-2.874064669290356 -0.13808769801460974 2.5806718907722095 3.917536417695647 6.459799848572542 0.2207304496260103
-2.8680201500411764 -0.1365537017551357 2.581118478368838 3.917290949549708 6.459621480970658 0.22140273703859226
-2.8617827616618525 -0.13496711440049225 2.5815792994183777 3.917034946463963 6.459437021962287 0.222097415794707
-2.855360380434493 -0.1333297740594137 2.5820537510969803 3.9167685844134748 6.45924668874847 0.22281365208381476
-2.8487606039335267 -0.13164346618628908 2.582541249681203 3.9164920396289427 6.459050692560674 0.22355063856466761
-2.841990760820992 -0.12990992505897592 2.583041229973549 3.916205488443401 6.458849238828509 0.22430759353692165
-2.8350579202964186 -0.12813083521507052 2.5835531447450535 3.9159091071473804 6.458642527342352 0.22508376013863757
-2.8279689012135227 -0.12630783284779934 2.584076464194404 3.915603071852167 6.458430752411079 0.22587840556886218
-2.820730280875522 -0.12444250716268002 2.5846106754231126 3.9152875583608124 6.458214103015024 0.22669082033450588
-2.8133484035204157 -0.12253640169605284 2.585155281926268 3.9149627420465625 6.457992762954348 0.2275203175207583
-2.8058293885072354 -0.12059101559656371 2.5857098030984007 3.9146287977383785 6.457766910992952 0.22836623208430468
-2.798179138213798 -0.11860780487063716 2.5862737737540273 3.914285899613247 6.457536720998087 0.22922792016863264
-2.7904033456562134 -0.11658818359296719 2.5868467436624263 3.9139342210949803 6.457302362075785 0.23010475844073724
-2.7825075018399588 -0.11453352508299752 2.5874282770962393 3.913573934759221 6.457063998702257 0.23099614344855668
-2.7744969028520154 -0.11244516304836205 2.5880179523934763 3.9132052122443786 6.456821790851384 0.23190149099849083
-2.7663766567032324 -0.11032439269621741 2.5886153615325442 3.9128282241682335 6.456575894118428 0.23282023555237413
-2.758151689929746 -0.10817247181336276 2.5892201097198972 3.9124431400499584 6.456326459840075 0.2337518296432965
-2.7498267539619583 -0.10599062181604091 2.589831814989954 3.9120501282373104 6.4560736352109345 0.23469574330968151
-2.7414064312693185 -0.10378002877026438 2.590450107816901 3.911649355838766 6.455817563396612 0.23565146354705296
-2.7328951412887994 -0.10154184438350189 2.5910746307380497 3.9112409886603694 6.455558383643449 0.2366184937769355
-2.7242971461447363 -0.0992771869685356 2.5917050379883904 3.910825191147084 6.455296231385057 0.23759635333235568
-2.715616556167384 -0.09698714238026751 2.5923409951460212 3.9104021263284388 6.455031238345716 0.2385845769594227
-2.706857335217319 -0.09467276492624177 2.5929821787881293 3.9099719557682704 6.454763532640776 0.23958271433448852
-2.6980233058225283 -0.0923350782516208 2.593628276157207 3.909534839518374 6.454493238874125 0.24059032959639837
-2.6891181541348077 -0.08997507619933875 2.594278984837212 3.909090936075878 6.4542204782328225 0.24160700089336212
-2.4070002979098915 -0.11263757972011779 2.6491511380667427 3.851743598492423 6.533642939917298 0.25464871636289055
-2.3985351964663257 -0.11030999614757464 2.649991376521202 3.8511987622109807 6.533331910805111 0.2557896871558164
-2.3900131060833347 -0.1079636312368335 2.6508370583434386 3.850647260418797 6.533018545699714 0.2569393459623766
-2.3814370119938806 -0.10559934432062335 2.6516878529096024 3.8500892759275955 6.532702963739551 0.25809728425954237
-2.3728097925641167 -0.10321796957446772 2.652543440131807 3.8495249884087164 6.532385280616245 0.2592631067132769
-2.364134223038695 -0.10082031671994662 2.6534035101490328 3.848954574427295 6.532065608672554 0.2604364307650994
-2.3554129791544858 -0.09840717170835811 2.6542677630269504 3.8483782074768427 6.531744056997353 0.26161688623157237
-2.3466486406273344 -0.09597929738531819 2.655135908466407 3.8477960580141906 6.531420731517751 0.2628041149163074
-2.3378436945163505 -0.09353743413684534 2.656007665520326 3.8472082934947505 6.531095735088426 0.2639977702340998
-2.3290005384700523 -0.09108230051743482 2.6568827623187774 3.8466150784080466 6.530769167578284 0.2651975168468113
-2.32012148385851 -0.08861459386063286 2.6577609358019902 3.8460165743134826 6.5304411259545025 0.2664030303106355
-2.31120875879553 -0.0861349908725959 2.6586419314610708 3.845412939876298 6.530111704364067 0.26761399673438874
-2.302264511054755 -0.08364414820911659 2.659525503086212 3.8448043309036875 6.529780994212869 0.26883011244848304
-2.2932908108833994 -0.08114270303656723 2.6604114125221763 3.8441909003810353 6.529449084242437 0.2700510836842468
-2.284289653717253 -0.07863127357722122 2.6612994294308407 3.8435727985082453 6.529116060604392 0.27127662626326965
-2.2752629628004213 -0.07611045963938312 2.662189331060606 3.842950172736123 6.52878200693269 0.27250646529645894
-2.2662125917131526 -0.07358084313275248 2.66308090202247 3.8423231678027907 6.528447004413722 0.273740334892504
-2.2571403268110073 -0.07104298856943347 2.6639739340725708 3.8416919257701 6.52811113185434 0.2749779778754535
-2.248047889578472 -0.06849744355099396 2.664868225901022 3.841056586060018 6.52777446574788 0.276219145511123
-2.238936938900051 -0.06594473924195676 2.6657635829268513 3.840417285490962 6.527437080338236 0.27746359724205377
-2.229809073251725 -0.06338539083011363 2.666659817098868 3.8397741583140608 6.52709904768206 0.2787111004307595
-2.2206658328155973 -0.060819897974015324 2.6675567467022923 3.8391273362493177 6.5267604377091235 0.27996143011099806
-2.2115087015204136 -0.05824874523801005 2.6684541961709827 3.838476948521653 6.526421318280936 0.2812143687468205
-2.2023391090105795 -0.055672402515164476 2.669351995905091 3.837823121896814 6.526081755247631 0.28246970599915283
-2.193158432546187 -0.053091325438417325 2.670249982093998 3.8371659807171206 6.525741812503212 0.2837272384996747
-2.183967998836473 -0.05050595578028716 2.6711479965443745 3.836505646937044 6.525401552039182 0.2849867696317686
-2.1747690858090696 -0.04791672184145446 2.67204588651322 3.83584224015859 6.525061033996629 0.28624810931831757
-2.1655629243172685 -0.045324038828532975 2.672943504545736 3.835175877666479 6.524720316716795 0.2875110738161368
-2.156350699787531 -0.0427283092213222 2.6738407083178948 3.8345066744631056 6.524379456790199 0.2887754855168336
-2.147133553809298 -0.04012992312984731 2.674737360483573 3.833834743303261 6.524038509104329 0.29004117275389313
-2.137912585669155 -0.03752925864146195 2.675633328526107 3.8331601947286167 6.523697526889982 0.29130796961579625
-2.1286888538313073 -0.03492668215829209 2.6765284846141575 3.8324831371019408 6.5233565617662626 0.2925757157649809
-2.1194633773662375 -0.03232254872529938 2.6774227054617463 3.831803676641055 6.523015663784303 0.2938442562624641
-2.110237137329384 -0.029717202349209382 2.678315872192356 3.8311219174525046 6.522674881469735 0.2951134413979477
-2.1010110780915854 -0.02711097630857706 2.6792078702069673 3.8304379615649475 6.522334261863946 0.29638312652523713
-2.0917861086229967 -0.024504193455223477 2.6800985890559232 3.829751908962242 6.521993850564179 0.29765317190280627
-2.082563103732098 -0.02189716650729112 2.6809879223145137 3.829063857616231 6.521653691762481 0.29892344253934805
-2.073342905261377 -0.0192901983341478 2.681875767462168 3.8283739035192172 6.521313828283557 0.3001938080441549
-2.064126323241225 -0.016683582233371297 2.6827620257651534 3.8276821407161155 6.520974301621564 0.30146414248217857
-2.05491413700348 -0.01407760220002996 2.6836466021626815 3.8269886613362853 6.520635151975856 0.3027343242336219
-2.0457070962560673 -0.011472533188478407 2.684529405156317 3.8262935556250297 6.520296418285738 0.30400423585792236
-2.0365059221200834 -0.008868641366869934 2.685410346702601 3.8255969119747624 6.51995813826424 0.3052737639619892
-2.0273113081306384 -0.006266184364603911 2.686289342108795 3.824898816955833 6.519620348430953 0.30654279907256127
-2.0181239212027515 -0.00366541151288291 2.6871663099316523 3.8241993553470124 6.519283084143944 0.3078112355125574
-2.008944402563496 -0.0010665640785918473 2.6880411718791297 3.823498610165628 6.518946379630788 0.309078971281294
-1.9997733686516073 0.0015301245083250148 2.688913852714959 3.8227966626973524 6.518610268018739 0.310345907938449
-1.9906114119856682 0.004124428433810445 2.689784280165993 3.8220935925256363 6.518274781364064 0.3116119504916555
-1.981459102001991 0.006716129284778827 2.6906523848322466 3.821389477560794 6.517939950680571 0.31287700728761114
-1.9723169858632525 0.009305015840172404 2.691518100099551 3.8206843940687225 6.517605805967343 0.314140989906594
-1.963185589238912 0.01189088386782955 2.692381362054757 3.819978416699272 6.517272376235724 0.3154038130602779
-1.9540654170583966 0.014473535926988967 2.6932421094033976 3.819271618514253 6.516939689535548 0.31666539449274445
-1.9449569542379992 0.017052781176287057 2.6941002833897563 3.8185640710150843 6.516607772980666 0.3179256548845914
-1.9358606663824371 0.019628435187086568 2.694955827719258 3.817855844170082 6.516276652773765 0.31918451776004153
-1.9267770004619331 0.022200319761992438 2.6958086884831203 3.8171470064413886 6.51594635423052 0.32044190939695716
-1.917706385465685 0.024768262758406268 2.6966588140852066 3.8164376248115373 6.515616901803084 0.32169775873967016
-1.9086492330325537 0.027332097916986653 2.697506155171002 3.8157277648096644 6.5152883191029405 0.32292009928244086
-1.899605938059766 0.029891664694868814 2.698350664558669 3.8150174905373535 6.514960628923144 0.3241100766148264
-1.890576879290398 0.032446808103518965 2.699192297172106 3.814306864694129 6.5146338532599595 0.3252687960682984
-1.881562419880388 0.03499737855109464 2.7000310099759677 3.813595948602585 6.514308013333909 0.3263973241346919
-1.8725629079457873 0.03754323168917728 2.7008667619125712 3.812884802233166 6.51398312961027 0.3274966898346645
-1.8635786770909553 0.04008422826376434 2.701699513840656 3.8121734842285817 6.513659221819008 0.328567886037928
-1.8546100469183378 0.04262023397040138 2.70252922847592 3.8114620519278803 6.513336308974192 0.3296118707369512
-1.8456573235205136 0.045151119313330934 2.7033558703333025 3.81075056139016 6.513014409392873 0.3306295682757749
-1.8367207999550823 0.04767675946855787 2.7041794056709483 3.8100390674179403 6.512693540713479 0.3316218705355204
-1.8278007567030405 0.05019703415071519 2.704999802435814 3.809327623580176 6.512373719913711 0.3325896380781176
-1.8188974621111766 0.05271182748362446 2.7058170302108593 3.808616282234934 6.512054963327964 0.3335337012497256
-1.81001117281909 0.05522102787445338 2.7066310601637884 3.8079050945517214 6.511737286664292 0.33445486124526663
-1.801142134171335 0.057724527891363175 2.707441864997289 3.807194110533478 6.511420705020923 0.3353538911354429
-1.7922905806152212 0.06022222414455869 2.7082494189007305 3.8064833790382253 6.511105232902337 0.33623153685755913
-1.7834567360847862 0.0627140171706333 2.7090536975032724 3.8057729478003846 6.510790884234931 0.33708851817142677
-1.7746408143713959 0.06519981132012997 2.7098546778283494 3.805062863451761 6.510477672382253 0.33792552958157956
-1.7658430194814665 0.06767951464822386 2.710652338249494 3.8043531715421968 6.5101656101598655 0.33874324122698884
-1.757063545981734 0.07015303880843682 2.711446658447446 3.8036439165599 6.509854709849794 0.33954229973942307
-1.7483025793325302 0.07262029894930389 2.71223761936853 3.8029351419514477 6.509544983214616 0.34032332907155705
-1.7395602962094605 0.07508121361390852 2.7130252031842463 3.802226890141469 6.509236441511179 0.3410869312958973
-1.7308368648139023 0.07753570464220672 2.7138093932520544 3.801519202552012 6.508929095503959 0.3418336873755515
-1.7221324451727185 0.07998369707606079 2.7145901740773035 3.800812119621594 6.508622955478074 0.34256415790783445
-1.7134471894275372 0.08242511906691452 2.7153675312762866 3.8001056808239446 6.508318031251973 0.3432788838416686
-1.7047812421139978 0.08485990178602498 2.716141451540377 3.799399924686435 6.508014332189771 0.34397838716970136
-1.6961347404312797 0.08728797933719101 2.7169119226012217 3.7986948888082113 6.507711867213301 0.3446631715960316
-1.687507814502279 0.08970928867190153 2.7176789331969613 3.7979906098780187 6.507410644813822 0.3453337231804042
-1.678900587624736 0.09212376950684265 2.718442473039439 3.7972871236917345 6.507110673063456 0.34599051095970185
-1.6703131765136492 0.09453136424369224 2.7192025327823828 3.7965844651696043 6.506811959626307 0.34663398754753527
-1.661745691535267 0.09693201789114103 2.7199591039905178 3.7958826683731877 6.506514511769319 0.3472645897127022
-1.653198236932952 0.09932567798908276 2.720712179109598 3.795181766522018 6.506218336372836 0.34788273893726107
-1.644670911045206 0.10171229453490471 2.7214617514373174 3.7944817920099783 6.5059234399409105 0.3484888419549375
-1.6361638065161284 0.10409181991182614 2.7222078150950804 3.7937827764213967 6.505629828611338 0.3490832912705565
-1.6276770104985596 0.10646420881922891 2.7229503650006066 3.793084750546867 6.505337508165441 0.3496664656611691
-1.6340151523544866 0.15915540438002318 2.791287658550927 3.4936655166273143 6.713550737860093 0.3544308649719485
-1.6254000351208835 0.16160036028130298 2.7917431767816323 3.4933757607952534 6.7131688768488385 0.3550656883040764
-1.6168058978061723 0.1640378651726524 2.7921960190578394 3.493086347718426 6.712788494690395 0.35568896562907576
-1.6082328090762688 0.16646788032372473 2.79264619030166 3.49279729795262 6.712409595730524 0.35630106824381624
-1.599680832916802 0.1688903690730259 2.793093695819616 3.492508631599728 6.712032183977753 0.35690235447661045
-1.5911500288010179 0.1713052967671722 2.7935385412869644 3.4922203683141513 6.711656263113335 0.35749317014388426
-1.582640451851867 0.17371263070183662 2.7939807327325363 3.491932527309179 6.711281836500925 0.3580738489907541
-1.574152152998478 0.17611234006432652 2.7944202765240633 3.491645127363356 6.710908907195977 0.3586447131160778
-1.5656851791272088 0.17850439587775546 2.794857179353988 3.4913581868268238 6.710537477954897 0.35920607338252647
-1.5572395732274642 0.1808887709467626 2.79529144822574 3.491071723627632 6.710167551243926 0.35975822981220534
-1.5488153745324618 0.18326543980473708 2.795723090440455 3.490785755278025 6.7097991292477825 0.36030147196833295
-1.5404126186551275 0.18563437866250232 2.7961521135841396 3.490500298880693 6.7094322138780615 0.3608360793234698
-1.5320313377192716 0.1879955653584291 2.79657852551525 3.4902153711349904 6.709066806781404 0.3613623216147705
-1.5236715604862359 0.19034897930992556 2.797002334352687 3.489930988343114 6.708702909347439 0.36188045918671735
-1.5153333124771442 0.19269460146627804 2.7974235484641765 3.4896471664162414 6.708340522716503 0.3623907433217753
-1.5070166160909273 0.19503241426279527 2.7978421764550516 3.4893639208806295 6.707979647787149 0.36289341655939533
-1.4987214907182538 0.19736240157622897 2.7982582271573873 3.4890812668836677 6.70762028522345 0.36338871300377606
-1.4904479528515187 0.1996845486814276 2.7986717096195113 3.4887992191998825 6.707262435462095 0.36387685862078023
-1.4821960161910215 0.20199884220919606 2.7990826330958547 3.4885177922368977 6.706906098719297 0.3643580715243875
-1.4739656917474737 0.2043052701053223 2.7994910070371466 3.488237000041344 6.706551274997506 0.36483256225305366
-1.4657569879409489 0.2066038215907422 2.799896841080933 3.4879568563047156 6.706197964091941 0.36530053403633067
-1.4575699106964088 0.20889448712281244 2.8003001450424136 3.4876773743691767 6.705846165596939 0.3657621830520916
-1.4494044635359278 0.21117725835765566 2.8007009289055897 3.487398567233314 6.705495878912136 0.366217698674691
-1.441260647667709 0.21345212811355285 2.8010992028147044 3.4871204475578317 6.705147103248472 0.36666726371438063
-1.433138462072041 0.21571909033535142 2.801494977065978 3.4868430276711946 6.704799837634041 0.3671110546482885
-1.4250379035842564 0.21797814005986615 2.801888262099615 3.4865663195752106 6.704454080919767 0.3675492418432592
-1.4171489579204537 0.2201749734801559 2.8022672317383424 3.4862970972907217 6.704109129011596 0.36798042062453296
-1.409464488884105 0.22231138647060944 2.8026323461517926 3.4860351126812232 6.703764899721388 0.36840480864837255
-1.4019776088456983 0.2243891223448895 2.802984051449018 3.485780127163941 6.703421316241981 0.36882261602176913
-1.3946816700026932 0.22640987340754548 2.803322780099134 3.4855319113332848 6.7030783068941355 0.36923404556732625
-1.3875702559487615 0.22837528245944116 2.8036489513395866 3.485290244599066 6.7027358048838765 0.3696392930788391
-1.3806371735412877 0.23028694425838214 2.803962971572382 3.485054914838912 6.70239374806984 0.37003854756789595
-1.373876445056538 0.2321464069362955 2.8042652347486396 3.4848257180643256 6.702052078740233 0.3704319915018174
-1.3672823006222647 0.23395517337425153 2.8045561227418094 3.4846024580998516 6.701710743399049 0.3708198010332377
-1.3608491709178874 0.23571470253660642 2.8048360057098702 3.484384946274851 6.701369692561164 0.3712021462216218
-1.3545716801327403 0.2374264107654842 2.8051052424468383 3.484173001127386 6.701028880555981 0.3715791912470009
-1.348444639173207 0.23909167303678824 2.8053641807238945 3.4839664481197445 6.700688265339296 0.3719510946162011
-1.3424630391099197 0.24071182417889392 2.8056131576204306 3.483765119365151 6.700347808313054 0.37231800936182713
-1.3366220448564659 0.24228816005514742 2.8058524998453045 3.4835688533652336 6.700007474152699 0.37268008323425755
-1.330916989071405 0.2438219387112448 2.8060825240485983 3.483377494757817 6.6996672306418175 0.3730374588868955
-1.3253433662756513 0.24531438148855278 2.8063035371241454 3.4831908940746494 6.699327048513795 0.3733902740549124
-1.3198968271775788 0.24676667410438302 2.806515836503101 3.483008907508672 6.698986901300206 0.3737386617277136
-1.3145731731984682 0.24817996770021544 2.806719710438818 3.4828313966904547 6.69864676518568 0.3740827503153458
-1.3093683511911984 0.2495553798588248 2.8069154382832737 3.482658228473447 6.698306618868991 0.37442266380906014
-1.304278448345305 0.2508939955912448 2.8071032907553093 3.4824892747276963 6.697966443430111 0.3747585219362346
-1.2992996872718074 0.2521968682944675 2.807283530200899 3.4823244121417023 6.69762622220302 0.3750904403098558
-1.294428421261422 0.25346502068075827 2.8074564108457074 3.48216352203209 6.697285940654014 0.3754185305727496
-1.289661129710003 0.2546994456794278 2.8076221790401346 3.4820064901607988 6.6969455862653255 0.3757429005367464
-1.2849944137052924 0.2559011073118935 2.8077810734970914 3.481853206559487 6.696605148423818 0.376063654316958
-1.2804249917692516 0.25707094154081767 2.8079333255226984 3.4817035653608777 6.696264618314575 0.3763808924613387
-1.2759496957504575 0.2582098570941067 2.8080791592401324 3.481557464636765 6.695923988819173 0.37669471207569527
-1.2715654668612406 0.2593187362645135 2.8082187918068064 3.4814148062424315 6.695583254418466 0.3770052069443066
-1.2672693518544507 0.2603984356855771 2.80835243362509 3.48127549566721 6.695242411099687 0.37731246764630666
-1.2630584993348783 0.2614497870846042 2.808480288546752 3.4811394418909662 6.694901456267711 0.3776165816679801
-1.2589301562005786 0.26247359801337433 2.808602554071312 3.481006557246258 6.694560388660294 0.37791763351111346
-1.254881664209488 0.2634706525572381 2.8087194215384823 3.4808767572859503 6.694219208267139 0.3782157047975411
-1.2509104566669005 0.2644417120232503 2.8088310763148696 3.480749960656078 6.693877916252639 0.3785108743700194
-1.2470140552295161 0.26538751560796103 2.8089376979751046 3.4806260889737444 6.693536514882138 0.37880321838955816
-1.2431900668219424 0.26630878104547673 2.8090394604775706 3.4805050667098563 6.693195007451573 0.3790928104293334
-1.2394361806616598 0.2672062052363706 2.809136532334878 3.4803868210765145 6.6928533982203575 0.37937972156530203
-1.2357501653886236 0.26808046485801995 2.809229076779254 3.480271281918867 6.692511692347383 0.37966402046363457
-1.2321298662957827 0.26893221695692326 2.8093172519229803 3.480158381611253 6.692169895829995 0.37994577346507635
-1.22857320265696 0.2697620995235257 2.809401210914043 3.480048054957474 6.69182801544584 0.38022504466634705
-1.2250781651486453 0.27057073205008475 2.8094811020871173 3.479940239095018 6.691486058697454 0.3805018959986809
-1.2216428133623727 0.2713587160720723 2.809557069110041 3.479834873403093 6.691144033759481 0.38077638730360863
-1.2182652734044894 0.2721266356936056 2.809629251125897 3.479731899414313 6.69080194942842 0.38104857640607875
-1.214943735580221 0.27287505809738377 2.8096977828908454 3.4796312607298954 6.690459815074789 0.3813185191850103
-1.2079090661069478 0.2747045506568504 2.8098178639555265 3.47944463152759 6.690387086826284 0.3815862696413683
-1.1973097351386826 0.27757641498494 2.809987761927947 3.479177564224468 6.690577674034364 0.38185187996384873
-1.1832890703119125 0.28145309407108954 2.8102057649255876 3.4788353403642462 6.691025544186907 0.38211540059225646
-1.1659854322333407 0.2862981401037732 2.8104701825075606 3.4784229821398984 6.691724725139509 0.38237688027865835
-1.145532383941775 0.2920761831879164 2.81077934651894 3.4779452634591483 6.692669307162119 0.3826363661463881
-1.1220588545528973 0.2987529009324641 2.811131611852089 3.4774067205703356 6.693853444810074 0.38289390374697985
-1.095689297288327 0.3062949888840454 2.811525357129636 3.4768116622654666 6.695271358628218 0.38314953711510247
-1.0665438420833957 0.3146701317833498 2.81195898531348 3.476164179676652 6.696917336696419 0.3834033088215643
-1.0347384429612414 0.32384697562146747 2.812430924244042 3.4754681556815132 6.69878573602445 0.38365526002445777
-1.0003850203543028 0.333795100474074 2.812939627113759 3.4747272739325585 6.700870983803853 0.3839054305185072
-0.9635915985479806 0.3444849940919428 2.8134835728786207 3.47394502752497 6.703167578524101 0.3841538587826848
-0.9244624384151261 0.35588802622686977 2.8140612666113967 3.4731247273166943 6.705670090960044 0.3844005820261542
-0.8830981656041539 0.3679764236726617 2.8146712397999885 3.4722695099142133 6.7083731650373295 0.3846456362326009
-0.8395958943378998 0.38072324600140295 2.815312050594211 3.471382345336863 6.711271518582203 0.3848890562030068
-0.7940493469748593 0.39410236197576176 2.8159822840041215 3.4704660443720874 6.714359943961829 0.3851308755969224
-0.746548969479178 0.4080884266186202 2.8166805520528824 3.4695232656335535 6.7176333086209805 0.3853711269722904
-0.6971820429406566 0.42265685892184 2.8174054938869837 3.4685565223335915 6.721086555520723 0.38560984182387104
-0.6460327912811197 0.4377838201764608 2.818155775846522 3.4675681887810015 6.72471470348445 0.38584705062031815
-0.5931824852787506 0.4534461929071283 2.818930091498096 3.466560506614859 6.7285128474563916 0.38608278283995423
-0.538709543037418 0.46962156039401726 2.8197271616327506 3.4655355907845253 6.732476158677537 0.386317067005289
-0.4826896270235954 0.48628818676597674 2.820545734231283 3.4644954352857167 6.736599884783612 0.38654993071632693
-0.4251957377892208 0.5034249976490746 2.8213845843991128 3.463441918662088 6.740879349829631 0.38678140068270456
-0.36629830449471124 0.5210115613551543 2.822242514272788 3.462376809281441 6.745309954245293 0.3870115027547008
-0.30606527234240355 0.5390280705954347 2.823118352900129 3.461301770395319 6.749887174725307 0.3872402619531579
-0.2445621870268262 0.5574553247046103 2.8240109560958637 3.460218364990429 6.754606564058562 0.38746770249835266
-0.18185227630454692 0.5762747123612972 2.824919206274563 3.4591280604399905 6.759463750899873 0.3876938478378541
-0.1179965287827387 0.5954681947910632 2.825842012262548 3.4580322329628292 6.764454439487855 0.38791872067340316
-0.05305377002218625 0.6150182894386687 2.8267783090903826 3.4569321718977175 6.769574409312339 0.38814234298684946
0.012919263952877902 0.6349080540965015 2.8277270577674676 3.4558290838001904 6.774819514734567 0.38836473606517735
0.07986785564891896 0.6551210714765576 2.8286872450401743 3.45472409636879 6.780185684563252 0.3885859205246539
0.1477392375151445 0.6756414342136607 2.829657883134885 3.45361826220742 6.785668921589472 0.3888059163341294
0.21648252569034154 0.6964537302879672 2.8306380094872243 3.4525125624302495 6.791265302083198 0.38902474283752003
0.2860486560042803 0.7175430288551106 2.831626686458709 3.451407910115351 6.796970975254147 0.3892424187755018
0.3563903221562499 0.7388948664726842 2.832623001041963 3.4503051536130247 6.802782162679505 0.38945896230644317
0.4274619159959707 0.7604952337120607 2.833626064555597 3.44920507971454 6.808695157700969 0.389674391026603
0.49921946983471344 0.7823305621448486 2.834635012329774 3.4481084166867983 6.814706324793411 0.38988872198962005
0.5704219029434321 0.8038705196453073 2.8355898765965595 3.4470744712180923 6.820687254504173 0.3901056386475246
0.6409067088775009 0.8250930825827791 2.8364917731278503 3.4460960680366437 6.826627643894839 0.3903250169725861
0.7105324025746875 0.8459792932452939 2.8373417897953375 3.4451667154310877 6.832518318662313 0.3905467374297411
0.7791765454405573 0.8665129800731664 2.8381409896919516 3.44428054743217 6.838351136907994 0.39077068481729316
0.8467339377191707 0.8866805009414578 2.838890413851046 3.443432270636923 6.844118900610163 0.3909967481132494
0.9131149645948089 0.9064705076581208 2.8395910836051352 3.4426171153104006 6.849815274194983 0.3912248203270962
0.9782440835457118 0.9258737299884516 2.840244002622197 3.4418307904285084 6.855434709648639 0.39145479835681996
1.0420584414616105 0.9448827776490675 2.8408501586540673 3.441069442351701 6.8609723776566565 0.3916865828509884
1.0427631540323619 0.910118348645256 2.8027143174577445 3.6350522633538316 6.791490470921143 0.3639951607597259
1.1049940478699365 0.9291448485641031 2.8040410291978546 3.6346907716787635 6.799058865280472 0.36424006531574094
1.1657572214988012 0.947741327859793 2.8052995023086797 3.634321671021206 6.806482861247903 0.3644865631758347
1.2250284271254492 0.9659059787043791 2.8064906373901666 3.6339427023349007 6.813759096242541 0.3647345651407557
1.2827909614996562 0.9836382163712247 2.8076154147176364 3.6335519739044866 6.820884915195986 0.36498398527247083
1.339034848778256 1.000938550306859 2.808674884030558 3.6331479239853213 6.827858301292695 0.3652347407784354
1.3936022572825753 1.0178490387138943 2.809726140674562 3.632725961562278 6.834632363575236 0.36548381189556167
1.4465123282002095 1.0343730376725815 2.8107678702154706 3.6322852705907405 6.841208916116576 0.36573123406401986
1.4977873220962024 1.0505144237169726 2.8117989061290873 3.631825238764214 6.847590049612961 0.36597704155549743
1.5474521827996908 1.0662775285012678 2.8128182171550016 3.631345435347214 6.853778097140719 0.3662212675140906
1.595534143553496 1.0816670794391008 2.8138248956714063 3.630845591003426 6.859775602992665 0.366463943995756
1.6420623717627305 1.0966881458143258 2.8148181470096447 3.630325579451755 6.865585294338847 0.3667051020063734
1.687067648981765 1.1113460899026457 2.815797279633642 3.629785400796524 6.871210055476908 0.36694477153846916
1.7305820830576184 1.1256465226809436 2.8167616961153206 3.629225166390605 6.876652904456363 0.36718298160664664
1.7726388496039245 1.1395952637356863 2.817710884842571 3.6286450851017964 6.88191697187845 0.36741976028176954
1.8132719602149694 1.1531983050134915 2.8186444124013743 3.628045450863344 6.887005481689328 0.3676551347239424
1.8525160550454727 1.1664617780861384 2.8195619165783175 3.6274266313992714 6.891921733799099 0.36788913121432953
1.8904062175804213 1.1793919246291296 2.820463099934009 3.6267890580241144 6.8966690883727315 0.36812177518585526
1.9269778096017005 1.1919950698375859 2.821347723901824 3.6261332164249245 6.901250951651473 0.36835309125282223
1.9622792766076442 1.2042432416121436 2.822185725635724 3.625471284263065 6.905693642685815 0.36858595064353084
1.99634448726181 1.2161439111220758 2.8229783954139887 3.6248034301145666 6.909999414167957 0.3688202676060682
2.0292073450408945 1.2277045545641219 2.823727014468113 3.624129864810177 6.914170571202701 0.36905595951952846
2.060901675658588 1.238932635017865 2.824432852494568 3.6234508354421 6.9182094615435705 0.36929294678302954
2.0914611277940858 1.2498355862874297 2.8250971654706003 3.6227666199471176 6.922118466727389 0.36953115270865183
2.1209190858997102 1.2604207985548441 2.8257211937464897 3.6220775222169213 6.925899994033978 0.3697705034181633
2.1493085939656007 1.270695605684764 2.826306160388988 3.6213838676904575 6.929556469203438 0.37001092774339506
2.176662289214534 1.2806672740334777 2.826853269752758 3.6206859993867924 6.933090329848811 0.37025235713013904
2.2030123447872874 1.290342992627247 2.8273637062585912 3.6199842743403887 6.93650401950687 0.3704947255454435
2.228390420559181 1.2997298645862347 2.8278386333589305 3.6192790604038074 6.9397999822743 0.37073796938818643
2.252827621302105 1.3088348996805292 2.8282791926728996 3.6185707333857193 6.9429806579807565 0.37098202740281017
2.276354461473968 1.3176650079142387 2.828686503274522 3.617859674494751 6.946048477854108 0.37122684059610606
2.299000835979603 1.3262269940423157 2.829061661119199 3.6171462680621165 6.9490058606367375 0.3714723521569415
2.3207959963041267 1.3345275529327583 2.8294057385948035 3.6164308995182326 6.95185520911507 0.3717185073788252
2.3417685314720664 1.3425732656941822 2.829719784184886 3.615713953600548 6.954598907027467 0.37196525358521
2.3619463533335194 1.3503705964955053 2.8300048222325955 3.614995812771729 6.957239316318459 0.3722125400574371
2.381356685722619 1.3579258900106934 2.8302618527948766 3.6142768558290728 6.959778774709801 0.3724603179652275
2.4000260570739487 1.3652453694272122 2.8304918515774258 3.613557456687607 6.962219593561245 0.3727085402996321
2.4179802961195165 1.3723351349620727 2.8306957699417112 3.6128379833208255 6.964564055996033 0.37295716180835137
2.435244530322849 1.379201162834162 2.830874534976127 3.612118796844337 6.966814415268198 0.37320613893334337
2.451843186737815 1.3858493046459819 2.831029049624058 3.6114002507289586 6.968972893350518 0.3734554297506367
2.467799995008277 1.392285287131962 2.8311601928622667 3.610682690130921 6.971041679723744 0.3737049939122727
2.483137992250749 1.3985147122342552 2.8312688199236016 3.6099664513279035 6.973022930349235 0.37395479259029996
2.497879529586104 1.4045430574703306 2.8313557625585783 3.6092518612505686 6.974918766808605 0.3742047884227495
2.5120462801082497 1.4103756765598308 2.8314218293308695 3.608539237100172 6.9767312755953 0.3744549454615204
2.5256592480976727 1.4160178002810362 2.8314678059421983 3.6078288860436087 6.978462507544257 0.37470522912210824
2.5387387793060623 1.421474537529922 2.8314944555825505 3.607121104978024 6.9801144773869135 0.37495560613511153
2.551304572154948 1.426750876557222 2.831502519301993 3.606416180357789 6.9816891634198885 0.3752060444994526
2.563375689706569 1.4318516863611364 2.8314927164007435 3.6057143880772795 6.983188507276585 0.3754565134372534
2.5749705722791796 1.436781718215355 2.8314657448344613 3.60501599340346 6.984614413791887 0.3757069833503065
2.586107050591735 1.4415456073139516 2.831422281632002 3.6043212509528204 6.985968750950875 0.375957425778086
2.596802359334572 1.4461478745163896 2.831362983323171 3.6036304047076877 6.98725334991331 0.37620781335724335
2.6070731510733043 1.4505929281774845 2.831288486374243 3.602943688067379 6.988470005106219 0.37645811978253546
2.6169355104028575 1.4548850660485724 2.831199407629242 3.602261323930081 6.98962047437767 0.3767083197691351
2.626404968277399 1.4590284772374695 2.8310963447551756 3.601583524801706 6.990706479205281 0.37695838901627404
2.63549651644996 1.4630272442160073 2.830979876689618 3.6009104929283193 6.991729704953659 0.3772083041721721
2.644224621962879 1.4668853448650192 2.8308505640891926 3.6002424204490557 6.992691801175358 0.37745804280020706
2.6513384122308987 1.4704257958239864 2.830914204294408 3.5997786619927927 6.993467713811755 0.3777075833462805
2.6569399790206885 1.473665679114124 2.8311621860074307 3.5995085349237756 6.994064763072378 0.37795690510733887
2.6611257253255607 1.4766212468356548 2.8315862497078075 3.5994218196144914 6.9944899793537525 0.3782059882010073
2.6639866738706623 1.4793079615930393 2.8321784734201816 3.599508740963107 6.994750116143876 0.3784548135362982
2.6656087589853628 1.4817405349047084 2.832931259049529 3.599759950589906 6.994851662291944 0.3787033627853554
2.6660731027387192 1.4839329636998502 2.8338373192620114 3.6001665096911624 6.994800853676409 0.3789516183561985
2.6654562761856537 1.4858985649995207 2.834889664890354 3.6007198725293326 6.994603684302698 0.3791995633664312
2.6638305465258023 1.4876500088743225 2.8360815928433984 3.6014118705389118 6.99426591686019 0.3794471816178796
2.661264110933812 1.4891993497661484 2.837406674500251 3.6022346970277748 6.993793092766534 0.3796944575721282
2.6578213177789833 1.4905580562569771 2.838858744570135 3.6031808924542905 6.99319054172584 0.3799413763269212
2.65356287591349 1.4917370393634304 2.8404318903997785 3.6042433302609878 6.992463390825868 0.3801879235933986
2.6485460526718168 1.4927466794317579 2.8421204417108186 3.6054152032460194 6.9916165731980255 0.3804340856741384
2.642824861189448 1.4935968517040688 2.8439189607503663 3.6066900104541606 6.990654836262674 0.3806798494419749
2.6364502376160917 1.4942969506229924 2.8458222328385023 3.6080615445695554 6.989582749581082 0.3809252023195673
2.629470208767728 1.4948559129384948 2.847825257297074 3.609523879792897 6.988404712334196 0.38117013225969076
2.6219300507324617 1.4952822396773104 2.84992323874476 3.611071360186214 6.987124960447351 0.38141462772622553
2.613872438917432 1.4955840170323411 2.8521115787439255 3.612698588468894 6.9857475733790135 0.3816586776758182
2.605337589997764 1.4957689362264304 2.85438586778535 3.6144004152490417 6.984276480590695 0.3819022715401923
2.596363396203752 1.4958443124021432 2.8567418775974245 3.616171928674749 6.982715467714247 0.3821453992090854
2.5869855523589362 1.4958171025865226 2.8591755537669314 3.618008444490274 6.981068182431931 0.38238805101378953
2.5772376760595517 1.495693922777295 2.861683008659015 3.619905496482606 6.979338140083783 0.3826302177112743
2.567151421364751 1.4954810641946172 2.864260514624419 3.621858827304316 6.9775287290160755 0.38287189046887266
2.5567565863471535 1.4951845087402036 2.8669044974825217 3.62386437965903 6.975643215683927 0.38311306084950786
2.546081214834419 1.494809943703531 2.86961153026916 3.6259182878362854 6.973684749520416 0.3833537207974442
2.5351516926547455 1.4943627757527955 2.872378327238626 3.628016869582951 6.971656367583915 0.383593862624542
2.5239928386823385 1.4938481442463718 2.875201738109666 3.6301566182987957 6.969560998994748 0.38383347899699877
2.512627990962959 1.4932709338986996 2.8780787425456813 3.632334195544193 6.967401469171668 0.38407256292256087
2.501079088184568 1.4926357868327962 2.8810064448597164 3.6345464238483336 6.965180503878128 0.38431110773818683
2.489366746743821 1.4919471140499554 2.8839820689351985 3.636790279806712 6.962900733087769 0.3845491070981486
2.477510333645654 1.4912091063456325 2.88700295335373 3.6390628874570075 6.960564694678081 0.38478655496255343
2.4655280354604363 1.4904257446990457 2.8900665467215885 3.6413615119228626 6.9581748379607005 0.38502344558627283
2.453436923551071 1.4896008101626244 2.8931704031869048 3.6436835533154026 6.955733527056381 0.38525977350826307
2.441253015770993 1.4887378932761057 2.8963121781398176 3.64602654088269 6.953243044122244 0.3854955335412649
2.4289913348231877 1.4878404030288241 2.8994896240881953 3.648388127397644 6.950705592438534 0.3857307207618668
2.416665963460124 1.4869115753925473 2.9027005867018207 3.650766083775285 6.948123299361709 0.3859653305009217
2.404290096694803 1.4859544814460748 2.9059430010181995 3.6531582939104688 6.945498219150357 0.38619935833430213
2.3918760911839545 1.4849720351117475 2.909214887803439 3.6555627497276095 6.942832335670089 0.3864328000739839
2.3794355119357626 1.4839670005229904 2.912514350061896 3.6579775464341617 6.9401275649832295 0.38666565175944456
2.366979176486269 1.482941999041055 2.915839569688549 3.6604008779699395 6.937385757828845 0.3868979096493682
2.354517196680863 1.4818995159381991 2.919188804258278 3.6628310326446436 6.934608701998348 0.38712957021364275
2.3420590181899175 1.4808419067636809 2.9225603839464878 3.6652663889562067 6.931798124611654 0.3873606301256418
2.3296134578806678 1.4797714034081173 2.9259527085757155 3.667705411582879 6.928955694298606 0.3875910862547803
2.3171887391608834 1.4786901198809692 2.9293642447830837 3.670146647542196 6.926083023290149 0.38782093565933307
2.3047925254036294 1.4776000578151822 2.9327935233036686 3.6725887225102403 6.923181669423491 0.38805017557950916
2.2924319515565594 1.4765031117122969 2.93623913636505 3.675030337294844 6.920253138065309 0.3882788034307708
2.28011365403359 1.475401073940681 2.939699735188494 3.6774702644566224 6.917298883956779 0.3885068167973902
2.2678437989815508 1.4742956394989042 2.943174027592418 3.679907345071936 6.914320312984108 0.388734213426234
2.2556281090094172 1.4731884105556594 2.94666077569394 3.682340485632118 6.911318783877987 0.3889609912207689
2.243471888463012 1.4720809007770836 2.9501587937045035 3.684768655073512 6.908295609845251 0.38918714823527956
2.231380047323605 1.4709745394517761 2.953666945815728 3.6871908819330543 6.905252060135837 0.3894126826692917
2.219357123804612 1.4698706754232957 2.9571841441717774 3.6896062516243573 6.902189361548016 0.38963759286219335
2.2074073057166044 1.4687705808394447 2.9607093469247054 3.6920139038294213 6.899108699874677 0.38986187728804667
2.1955344506670613 1.4676754547271644 2.964241556369374 3.694413030001302 6.896011221293346 0.39008553455058403
2.18374210515771 1.4665864264014488 2.9677798171546756 3.6968028709732277 6.892898033702448 0.39030856337838193
2.1720335226389302 1.4655045587162423 2.971323214567931 3.6991827146698437 6.889770208006241 0.39053096262020603
2.1604144817951876 1.4644253712514335 2.974908567729056 3.7016115891856924 6.886635741779789 0.3907497898054883
2.1488875007426795 1.4633501988426671 2.9785331306648044 3.70408565648546 6.883495243839026 0.3909651565115552
2.1374548639404916 1.4622802977718465 2.9821942673716597 3.7066012542990965 6.880349306446011 0.3911771704331951
2.126118636049018 1.4612168494283195 2.985889447686043 3.7091548889049863 6.877198505760589 0.39138593551925566
2.114880675025534 1.4601609638045132 2.9896162433083746 3.7117432281986904 6.87404340227399 0.39159155210443025
2.1037426444982783 1.4591136828336453 2.9933723239752656 3.714363095036216 6.870884541225382 0.39179411703640293
2.092706025458155 1.458075983576781 2.997155453774338 3.717011460841164 6.867722453002387 0.3919937237985155
2.081772127305056 1.4570487812661592 3.000963487596354 3.719685439465539 6.864557653526469 0.39219046262811424
2.070942098283801 1.4560329322113832 3.004794367719559 3.7223822812943563 6.861390644624049 0.392384420630729
2.060216935342807 1.455029236574759 3.0086461205212975 3.72509936758459 6.858221914384171 0.39257568189023007
2.049597493446792 1.454038441021771 3.0125168533121793 3.727834205029337 6.855051937503443 0.39276432757510665
2.039084494373153 1.4530612412524 3.0164047512882206 3.7305844205384378 6.851881175618985 0.39295043604100144
2.0286785350200223 1.4520982844187214 3.0203080745965654 3.7333477562271113 6.848710077630017 0.39313408292963453
2.0183800952525193 1.451150171433966 3.0242251555105573 3.7361220646045044 6.845539080008717 0.3933153412642435
2.0081895453122725 1.4502174591779802 3.0281543957100863 3.738905303954343 6.842368607100918 0.3934942815416618
1.9981071528139167 1.4493006626037963 3.0320942636632777 3.7416955339001836 6.839199071417186 0.39367097182115457
1.9881330893510165 1.4484002567497996 3.0360432921057567 3.7444909111480493 6.83603087391476 0.3938454778101264
1.9782674367326258 1.4475166786617675 3.040000075613838 3.74728968539951 6.832864404270866 0.39401786294680974
1.9685101928705664 1.4466503292288637 3.0439632682681443 3.7500901954285255 6.829700041147792 0.3941881884800418
1.9588612773364087 1.4458015749374709 3.0479315814042804 3.7528908653156448 6.826538152450175 0.39435651354623186
1.9493205366061206 1.444970749546573 3.051903781447308 3.7556902008333752 6.823379095574867 0.39452289524361817
1.939887749009377 1.4441581556882226 3.0558786878269033 3.7584867859767996 6.820223217653729 0.39468738870390924
1.9305626293995988 1.4433640663964615 3.0598551709701853 3.7612792796337255 6.817070855789711 0.39485004716140293
1.921344833559925 1.4425887265679131 3.0638321503693087 3.7640664123888894 6.813922337286514 0.3950109220196706
1.9122339623595055 1.4418323543571137 3.067808592721043 3.7668469834569343 6.81077797987213 0.39517006291589385
1.9032295656737088 1.441095142509503 3.071783510135642 3.7696198577390927 6.807638091916543 0.3953275177829347
1.8943311460811207 1.4403772596348718 3.0757559584124268 3.772383962998703 6.804502972643835 0.39548333290922033
1.8855381623495004 1.4396788514239205 3.079725035379581 3.775138287150869 6.801372912338946 0.3956375529965193
1.8768500327222135 1.4390000418104751 3.083689879295774 3.777881875661761 6.798248192549316 0.39579022121568247
1.8682661380160266 1.4383409340817788 3.0876496673113007 3.78061382905323 6.795129086281603 0.3959413792604215
1.85978582454057 1.437701611939174 3.0916036139865115 3.783333300508568 6.792015858193697 0.3960910673991936
1.8514084068492136 1.4370821405113774 3.0955509698654033 3.7860394935754225 6.788908764782189 0.39623932452525884
1.84313317033057 1.4364825673224604 3.099491020102309 3.788731659962012 6.7858080545655 0.3963861882049752
1.8349593736493488 1.4359029232165348 3.103423083139706 3.791409097422957 6.782713968262803 0.39653169472439265
1.8268862510448034 1.4353432232410706 3.1073465094352346 3.794071147731165 6.779626738968898 0.3966758791342066
1.8189130144945793 1.4348034674906693 3.111260680236094 3.7967171947323672 6.776546592325205 0.39681877529312853
1.811038855751336 1.4342836419130465 3.1151650063990473 3.7993466624790218 6.773473746686969 0.3969604159097293
1.8032629482591251 1.4337837190788874 3.1190589272543345 3.8019590134404315 6.770408413286848 0.3971008325828089
1.795584448956128 1.4333036589171693 3.122941909511858 3.804553746786052 6.767350796394963 0.3972400558403454
1.7880024999699957 1.4328434094174727 3.126813446208059 3.8071303967390757 6.764301093475549 0.3973781151770714
1.7805162302116997 1.432402907300734 3.1306730556919806 3.809688530997501 6.761259495340303 0.39751503909072844
1.773124756873476 1.4319820786598227 3.134520280649041 3.8122277492199945 6.758226186298521 0.3976508551170441
1.765827186836155 1.4315808395712728 3.1383546871611254 3.8147476815739676 6.755201344304137 0.397785589863478
1.7586226179908684 1.431199096679427 3.1421758638016337 3.81724798734339 6.752185141099723 0.39791926904177927
1.751510140479863 1.43083674775421 3.145983420764192 3.819728353593951 6.7491777423575705 0.39805191749939806
1.7443551487486184 1.42971387398794 3.1495123434135923 3.8223215937156514 6.746236854292045 0.398183559249791
1.7371675317436146 1.4278734881189739 3.1527739332347275 3.825017538517767 6.743360925205928 0.39831421750165913
1.7299564749868073 1.425356499029275 3.1557790613790573 3.8278066338445886 6.740548434051207 0.3984439146871575
1.7227305038542937 1.4222018129064642 3.1585381855106824 3.8306799069104898 6.737797889957216 0.39857267248911055
1.7154975243015707 1.4184464295199448 3.16106136596232 3.8336289344006893 6.735107831758015 0.39870051186726974
1.7082648611833475 1.414125533848949 3.1633582812307814 3.836645812247272 6.732476827519784 0.39882745308364703
1.701039294307396 1.4092725832886683 3.1654382428402323 3.8397231269946084 6.729903474069005 0.39895351572695587
1.693827092353919 1.4039193906495502 3.1673102096002372 3.8428539286726355 6.727386396522036 0.39907871873619244
1.6866340447843637 1.3980962031542898 3.1689828012844083 3.846031705100584 6.724924247816715 0.3992030804233859
1.6794654918565048 1.3918317776270268 3.1704643117543005 3.849250357547648 6.7225157082464895 0.39932661849554885
1.672326352855897 1.3851534520597244 3.1717627215521276 3.852504177680809 6.7201594849975645 0.3994493500758537
1.66522115264748 1.3780872137316542 3.1728857099848042 3.855787825733556 6.717854311689489 0.399571291724065
1.658154046645144 1.3706577640492932 3.173840666720843 3.8590963098325957 6.715598947919556 0.3996924594562514
1.6511288442914385 1.3628885802657587 3.1746347029206676 3.8624249664228336 6.713392178811345 0.3998128687638043
1.644149031134305 1.354801974231116 3.175274661920004 3.8657694417339377 6.711232814567713 0.3999325346317869
1.6372177895827054 1.3464191483175045 3.1757671294851466 3.8691256742346587 6.709119690028474 0.4000514715566375
1.6303380184183058 1.3377602486559854 3.17611844365807 3.87248987802383 6.707051664233017 0.4001696935632492
1.6235123511359224 1.3288444158153228 3.1763347042085615 3.8758585271095427 6.705027619988021 0.40028721422144914
1.6167431731812465 1.319689833046565 3.176421781709811 3.8792283405304753 6.703046463440471 0.4004040466618972
1.6100326381504106 1.3103137722112321 3.1763853262531656 3.882596268275683 6.70110712365609 0.4005202035914253
1.6033734124932266 1.300800673690898 3.176223585876232 3.885878476045561 6.699163640149899 0.4006387996302855
1.596767813768641 1.2911604655510773 3.1759418715707386 3.8890774850695244 6.697217123281299 0.4007597275203205
1.590217948261035 1.2814026329396024 3.1755453086976346 3.8921957393373634 6.695268616721507 0.40088288386561177
1.5837257241077995 1.2715362368588958 3.1750388434293617 3.8952356080064807 6.693319100681047 0.4010081689956039
1.5772928636726582 1.2615699321333622 3.174427248960952 3.898199387734778 6.691369494991266 0.40113548683307365
1.570920915207034 1.2515119846072753 3.1737151314985885 3.901089304941382 6.689420662046385 0.40126474476677104
1.5646112638394187 1.2413702876069497 3.1729069360339137 3.9039075179973337 6.687473409612363 0.4013958535285673
1.5583651419304712 1.2311523776994457 3.1720069519120724 3.906656119348308 6.6855284935084995 0.4015287270749512
1.5521836388294883 1.2208654497786204 3.1710193182011492 3.909337137571397 6.683586620167493 0.4016632824727183
1.5460677100659004 1.2105163715079343 3.1699480288703685 3.911952539367902 6.68164844907937 0.4017994397887067
1.5400181860075768 1.2001116971481127 3.168796937784152 3.9145042314940683 6.679714595124467 0.40193712198343357
1.534035780015962 1.1896576807964934 3.167569763518839 3.9169940626316087 6.677785630800432 0.40207625480849735
1.5281210961263874 1.1791602890636896 3.1662700940086235 3.9194238251998406 6.675862088347952 0.40221676670761014
1.5222746362803297 1.168625213212054 3.1649013910270103 3.9217952571111914 6.673944461779719 0.4023585887211327
1.516496807134895 1.1580578807793271 3.163466994509847 3.9241100434717917 6.672033208816973 0.4025016543939881
1.510787926473403 1.1474634667098162 3.161970126725757 3.9263698182288236 6.670128752737688 0.40264589968683456
1.5051482292396066 1.1368469040144509 3.160413896299582 3.9285761657662412 6.668231484140373 0.4027912628903814
1.4995778732168412 1.1262128939801104 3.1588013020942154 3.930730622450449 6.666341762627215 0.40293768454273843
1.4940769443721928 1.1155659159477112 3.1571352369560266 3.932834678127457 6.664459918410167 0.40308510734968966
1.4886454618846678 1.1049102366776804 3.1554184913288443 3.934889777573011 6.662586253843386 0.403233476107789
1.4832833828752823 1.0942499193206066 3.1536537567413125 3.9368973218971433 6.660721044885302 0.4033827376301777
1.4779906068559834 1.0835888320100824 3.1518436291722267 3.9388586699045414 6.658864542493446 0.4035328406750276
1.472766979913382 1.0729306560939886 3.1499906122982972 3.940775139412106 6.657016973955009 0.40368373587651657
1.4676122986423734 1.0622788940197614 3.1480971206286013 3.9426480085250217 6.655178544155994 0.4038353756782471
1.4625263138438802 1.0516368768884916 3.1461654825298524 3.9444785168726226 6.653349436791685 0.4039877142690215
1.4575087340001645 1.0410077716920543 3.1441979431464295 3.946267866805308 6.651529815521025 0.4041407075208902
1.452559228540391 1.030394588246839 3.1421966672189763 3.948017224553714 6.649719825067403 0.4042943129293929
1.4476774309084222 1.0198001858370604 3.1401637418052415 3.9497277213513207 6.647919592268221 0.4044484895559144
1.4428629414441538 1.0092272795800474 3.138101178906678 3.951400454521637 6.646129227075511 0.40460319797208155
1.43811533008906 0.99867844652538 3.1360109180042004 3.953036488531067 6.644348823509777 0.40475840020612747
1.4335085895842978 0.9881515488498136 3.1339277723159635 3.9547015582081855 6.642596076530096 0.4049140596911548
1.4290400995093484 0.9776493090124645 3.131852507652623 3.9563944225604426 6.640870512497737 0.4050701412152298
1.4247072847063058 0.9671743069615363 3.1297858526303575 3.958113882475947 6.639171660400155 0.40522661087324324
1.420507614570727 0.9567289861806791 3.127728500084081 3.9598587792499433 6.637499052113212 0.40538343602047516
1.4164386023499016 0.9463156594883979 3.125681108428708 3.961627993166122 6.6358522226456165 0.40554058522780334
1.4634981253081505 0.987397217039008 3.166090121950704 3.711647326082249 6.712741708083439 0.43195573962254336
1.4595803542355708 0.9770029524963786 3.1641233183893585 3.712548153291729 6.71147699211963 0.4321071424397495
1.4557838782836818 0.9666453215315158 3.1621686767714907 3.71347469198323 6.71023127248829 0.43225877243828664
1.4521064631071192 0.9563262220316742 3.1602266914996884 3.7144259736148317 6.709004187893678 0.432410603713151
1.448545912020498 0.94604744531331 3.1582978300752655 3.715401057525962 6.7077953806953285 0.4325626113331176
1.4451000654428223 0.9358106806840706 3.156382534137205 3.7163990301339345 6.706604497002433 0.43271477130610136
1.4417668003461024 0.9256175198183161 3.1544812204629635 3.717419004154741 6.7054311867601015 0.4328670605457447
1.4385440297083676 0.915469460953745 3.1525942819325374 3.7184601178473273 6.704275103827877 0.4330194568391874
1.4354297019712434 0.9053679129163752 3.1507220884571527 3.719521534280614 6.703135906050888 0.4331719388159781
1.4324218005022555 0.8953141989808477 3.148864987873872 3.7206024406225344 6.7020132553239815 0.433324485918086
1.4295183430619987 0.885309560572731 3.1470233068073896 3.7217020474504063 6.700906817649162 0.4334770783709742
1.426717381276308 0.8753551608192327 3.145197351500199 3.722819588081955 6.699816263186696 0.4336296971556977
1.4240170001135524 0.8654520879544758 3.143387408612322 3.723954317926345 6.698741266300144 0.43378232398198846
1.4214153173671513 0.8556013585852267 3.1415937459916967 3.7251055138545848 6.697681505595666 0.43393494126229387
1.4189104831434247 0.8458039208227481 3.1398166134163157 3.726272473588706 6.696636663955858 0.4340875320867346
1.4165006793548534 0.8360606572861966 3.138056243309144 3.727454515109118 6.695606428568399 0.43424008019894844
1.4141841192188345 0.8263723879827829 3.1363128514268204 3.7286509760795754 6.694590490949779 0.4343925699727901
1.4119590467619978 0.8167398730696882 3.1345866375230984 3.729861213289209 6.693588546964356 0.4345449863898556
1.4098237363301447 0.8071638155025367 3.1328777859879593 3.731084602111081 6.692600296838978 0.434697315017803
1.4077764921038616 0.7976448635750242 3.131186466463279 3.7323205359767595 6.69162544517342 0.43484954198943976
1.4058156476198533 0.7881836133541182 3.1295128344359178 3.7335684258664026 6.690663700946835 0.4350016539825521
1.403939565298033 0.7787806110150644 3.127857031809048 3.7348276998138794 6.689714777520447 0.4351536382004471
1.4021466359743981 0.7694363550802674 3.1262191874525227 3.7360978024264564 6.68877839263669 0.4353054823531853
1.4004352784397183 0.7601512985659402 3.1245994177330507 3.7373781944185995 6.687854268414983 0.4354571746394765
1.3988039389840532 0.750925851040271 3.122997827024908 3.738668352159456 6.686942131344331 0.43560870372921806
1.3972510909471105 0.7417603805966857 3.1214145082019042 3.7399677672335883 6.686041712272925 0.4357600587466506
1.3957752342744505 0.7326552157456665 3.1198495431112896 3.741275946014562 6.685152746394931 0.4359112292541105
1.3943748950795434 0.723610647228415 3.1183030030302437 3.7425924092509786 6.68427497323461 0.4360622052363584
1.3930486252116698 0.7146269297555425 3.116774949105607 3.7439166916645803 6.683408136627937 0.436212977085462
1.3917950018296623 0.7057042836738261 3.1152654327774387 3.7452483415600533 6.6825519847018775 0.43636353558621466
1.390612626981472 0.6968428965639444 3.1137744961870126 3.7465869204461684 6.681706269851444 0.4365138719020708
1.3895001271895466 0.6880429247720057 3.112302172569798 3.747932002667913 6.680870748714693 0.43666397756157876
1.388456153042 0.679304494877542 3.1108484866339827 3.749283175049283 6.680045182145788 0.4368138444452948
1.3874793787895503 0.6706277051005596 3.1094134549250643 3.750640036546402 6.679229335186231 0.4369634647731607
1.3865685019481986 0.6620126266501127 3.107997086177004 3.7520021979106555 6.6784229770344306 0.43711283109232824
1.3857222429076215 0.6534593050167774 3.106599381650446 3.753369281361541 6.677625881013672 0.437261936265415
1.3849393445452427 0.6449677612113005 3.1052203354584598 3.7547409202689286 6.67683782453863 0.4374107734591766
1.384218571845953 0.636537992951616 3.103859934880264 3.7561167588444544 6.676058589080525 0.4375593361335801
1.3835587115274346 0.6281699758003174 3.1025181606633643 3.75749645184177 6.675287960131007 0.4377076180312643
1.3829585716710575 0.6198636642546023 3.1011949873145284 3.758879664265372 6.674525727164884 0.43785561316737404
1.3824169813583023 0.6116189927906233 3.099890383379995 3.7602660710877633 6.673771683601773 0.4380033158197541
1.3819327903126644 0.6034358768640888 3.09860431171532 3.7616553569746882 6.673025626766764 0.43815072051949133
1.381504868547001 0.5953142138689016 3.0973367297452166 3.7630472160182005 6.672287357850182 0.4382978220417911
1.381132106016266 0.5872538840555332 3.0960875897137674 3.7644413514773256 6.671556681866524 0.43844461539717783
1.3808134122755882 0.5792547514107749 3.0948568389253475 3.765837475526098 6.670833407612645 0.4385910958230072
1.3805477161436432 0.5713166645004335 3.0936444199765942 3.7672353090087394 6.670117347625272 0.43873725877527875
1.3803339653712685 0.5634394572764789 3.0924502709797532 3.7686345812017783 6.669408318137905 0.4388830999207393
1.380171126315265 0.5556229498500915 3.0912743257777047 3.7700350295828904 6.668706139037177 0.4390286151292663
1.3800581836173378 0.547866949231993 3.0901165141509725 3.771436399606272 6.668010633818731 0.43917380046652027
1.3799941398881175 0.5401712500413964 3.0889767620170074 3.7728384444843406 6.6673216295426805 0.4393186521868591
1.3799780153962093 0.5325356351848469 3.087854991622021 3.7742409249755813 6.666638956788697 0.4394631667265027
1.3800088477622143 0.5249598765061874 3.08675112172564 3.7756436091783576 6.665962449610789 0.43960734069694
1.3800856916576623 0.5174437354088128 3.085665067778634 3.777046272330503 6.665291945491817 0.4397511708785703
1.380207618508808 0.5099869634513574 3.084596742093978 3.7784486966145288 6.664627285297797 0.43989465421456925
1.3803737162052232 0.5025893029178816 3.0835460540114763 3.7798506709682815 6.663968313232037 0.4400377878049736
1.3805830888131343 0.49525048736360966 3.082512910056188 3.7812519909008846 6.663314876789142 0.4401805689009745
1.3808348562934425 0.4879702421372112 3.0814972140908754 3.782652458313814 6.662666826708941 0.44032299489941396
1.3811281542243725 0.48074828488057775 3.080498867462686 3.7840518813269552 6.662024016930369 0.4404650633374764
1.3814621335286863 0.4735843260070238 3.0795177691442834 3.7854500741094936 6.661386304545339 0.44060677188756847
1.3818359602054073 0.46647806915878465 3.07855381586962 3.786846856715499 6.6607535497526404 0.4407481183523805
1.3822488150659948 0.459429211644655 3.077606902264545 3.788242054924068 6.6601256158118955 0.44088910066012316
1.3826998934749068 0.4524374448585906 3.076676920972437 3.789635500083883 6.659502368997612 0.44102971685993364
1.383188405094499 0.44550245468003613 3.075763762775035 3.7910270289620738 6.658883678553349 0.44116996511744383
1.3837135736341928 0.43862392185673804 3.0748673167086453 3.7924164835972434 6.658269416646033 0.4413098437105069
1.3842746366038612 0.43180152237075364 3.0739874701758856 3.79380371115654 6.65765945832045 0.44144935102507515
1.3848708450713698 0.4250349277883456 3.073124109053129 3.795188563796664 6.657053681453929 0.44158848555122376
1.3855014634242155 0.4183238055944203 3.072277117793802 3.79657089852869 6.656451966711255 0.4417272458793165
1.3861657691352034 0.4116678195121437 3.0714463795276874 3.797950577086593 6.655854197499814 0.4418656306963069
1.386863052532108 0.4050666298083463 3.070631776156368 3.7993274657993763 6.655260259925012 0.44200363878217147
1.387592616571257 0.39851989358529116 3.0698331884449646 3.8007014354666957 6.654670042745968 0.4421412690064688
1.3883537766149816 0.39202726505937435 3.0690504961102762 3.802072361237875 6.654083437331507 0.44227852032502163
1.389145860212878 0.385588395827289 3.0682835779054867 3.803440122494225 6.653500337616475 0.44241539177671635
1.3899682068868195 0.37920293512016756 3.0675323117015223 3.8048046027345594 6.65292064005838 0.44255188248041627
1.3908201679196712 0.3728705300462003 3.0667965745652133 3.806165689463826 6.652344243594375 0.44268799163198497
1.3917011061476392 0.36659082582220104 3.0660762428343538 3.8075232740847587 6.651771049598615 0.44282371850141466
1.3926103957562104 0.3603634659945778 3.0653711921897786 3.808877251792467 6.651200961839967 0.44295906243005745
1.3935474220796231 0.3541880926501422 3.0646812977245648 3.810227521471878 6.650633886440117 0.4430940228279546
1.394511581403812 0.3480643466171778 3.06400643401046 3.8115739855979456 6.650069731832062 0.44322859917126095
1.395502280772779 0.3419918676571725 3.063346475161634 3.812916550138562 6.6495084087190115 0.4433627909997606
1.3965189377983316 0.3359702946475951 3.0627012948958567 3.8142551244600735 6.648949830033696 0.44349659791447127
1.3975609804731384 0.3299992657560913 3.0620707665931866 3.8155896212353513 6.648393910898096 0.4436300195753341
1.398627846987049 0.3240784186064516 3.061454763352268 3.8169199563543232 6.647840568583605 0.44376305569898494
1.3997189855466254 0.3182073904366922 3.0608531580443126 3.8182460488369103 6.647289722471611 0.4438957060566056
1.4008338541978362 0.31238581824957756 3.0602658233648623 3.8195678207482993 6.646741294014542 0.4440279704718515
1.4019719206518593 0.3066133389558974 3.0596926318833964 3.820885197116477 6.64619520669733 0.44415984881885257
1.4031326621139448 0.3008895895107979 3.059133456090876 3.822198105851976 6.645651385999347 0.44429134102028617
1.404315565115291 0.29521420704345913 3.058588168445291 3.8235064776697567 6.645109759356782 0.444422447045518
1.4055201253478777 0.28958682898039334 3.058056641415284 3.824810246013176 6.644570256125477 0.4445531669088094
1.4067458475022174 0.28400709316263195 3.0575387475219236 3.8261093469799787 6.644032807544235 0.44468350066758905
1.407992245107967 0.2784746379570546 3.0570343593786817 3.827403719250258 6.643497346698575 0.44481344842078513
1.409258840377361 0.2729891023621065 3.056543349729701 3.8286933040163276 6.642963808484963 0.4449430103072183
1.4105451640514133 0.2675501261081388 3.0560655914863935 3.829978044914457 6.64243212957551 0.4450721865040508
1.4118507552488468 0.26215734975259863 3.0556009577624392 3.8312578879584116 6.641902248383127 0.4452009772252917
1.4131751613177006 0.2568104147702832 3.0551493219072485 3.832532781474756 6.641374105027172 0.44532938272035527
1.414517937689572 0.2515089636388661 3.0547105575379288 3.8338026760398614 6.640847641299535 0.4454574032726703
1.4158786477364502 0.24625263991989477 3.0542845385698265 3.8350675244185832 6.640322800631225 0.4455850391983399
1.4172568626300956 0.24104108833545146 3.0538711392456843 3.836327281504548 6.6397995280594 0.44571229084484837
1.4186521612039236 0.23587395484066165 3.0534702341634663 3.8375819042620187 6.639277770194882 0.445839158589815
1.4200641298173473 0.23075088669222166 3.053081698302905 3.8388313516692865 6.638757475190134 0.4459656428397917
1.4214923622225433 0.22567153251311822 3.0527054070508064 3.840075584663551 6.638238592707704 0.4460917440291041
1.4229364594335907 0.22063554235370186 3.052341236225171 3.8413145660872474 6.6377210738891295 0.446217462618734
1.4243960295979514 0.2156425677492677 3.051989062098162 3.8425482606357795 6.637204871324317 0.4463427990952416
1.4258706878702434 0.2106922617742908 3.0516487614179697 3.843776634806624 6.636689939021371 0.4464677539697264
1.4273600562882742 0.2057842790934672 3.0513202114296103 3.844999656849764 6.63617623237689 0.44659232777682545
1.4288637636512922 0.20091827600968615 3.0510032898947 3.84621729671942 6.635663708146712 0.44671652107374715
1.430381445400416 0.19609391050907576 3.0506978751102367 3.8474295260270397 6.635152324417123 0.44684033443933996
1.4319127435012078 0.19131084230323947 3.050403845926432 3.848636317995515 6.634642040576512 0.44696376847319447
1.43345730632835 0.1865687328688146 3.0501210817636264 3.8498376474145903 6.634132817287474 0.4470868237947774
1.4350147885523927 0.18186724548445854 3.049849462628316 3.851033490597435 6.633624616459357 0.4472095010425969
1.4365848510285282 0.1772060452653792 3.0495888691283346 3.8522238253383403 6.633117401221256 0.4473318008733978
1.438177860410679 0.17260616418813668 3.0493429319320047 3.85342049109224 6.632615278819216 0.44744912076663135
1.4397931561715231 0.16806620701220631 3.0491113332189483 3.8546231131503674 6.632118141392849 0.44756163770442503
1.4414300931692632 0.16358482801974716 3.0488937646256007 3.855831327319938 6.631625882433379 0.4476695224562179
1.4430880412408351 0.15916072893463062 3.0486899268613117 3.857044779664343 6.631138396803385 0.4477729397965835
1.4447663848079904 0.15479265693263167 3.048499529341832 3.858263126249018 6.630655580754392 0.44787204871541675
1.4464645224957753 0.15047940273875415 3.0483222898393874 3.8594860328928986 6.630177331942444 0.4479670026207525
1.4481818667629602 0.14621979880784441 3.0481579341485627 3.8607131749253836 6.629703549441713 0.44805794953447364
1.4499178435439795 0.14201271758481604 3.048006195767284 3.8619442369487103 6.6292341337562775 0.4481450322811585
1.4516718919019715 0.13785706984097312 3.047866815592186 3.863178912605667 6.628768986830119 0.4482283886703076
1.453443463692513 0.1337518030830689 3.0477395416277093 3.8644169043525447 6.628308012055454 0.4483081516721827
1.4552320232376659 0.12969590003189158 3.0476241287082915 3.865657923237246 6.6278511142794585 0.44838444958748047
1.4570370470099676 0.12568837716730585 3.047520338233047 3.866901688682459 6.627398199809477 0.44845740621105906
1.4588580233260104 0.12172828333682006 3.047427937912361 3.868147928273812 6.6269491764167885 0.44852714098992413
1.4606944520492682 0.11781469842487158 3.0473467015258424 3.869396377552914 6.626503953339008 0.44859376917567645
1.4625458443018449 0.11394673208015238 3.047276408691116 3.870646779815195 6.626062441281173 0.4486574019716156
1.4644117221848285 0.11012352249841029 3.0472168446429526 3.871898885912461 6.62562455241561 0.4487181466746861
1.4662916185069523 0.10634423525828285 3.0471678000222515 3.873152454060067 6.625190200380632 0.4487761068124479
1.4681850765212678 0.1026080622078176 3.047129070674437 3.87440724964863 6.624759300278124 0.44883138227524455
1.4700916496695542 0.09891422039944464 3.0471004574568115 3.8756630450601803 6.6243317686700856 0.44888406944373815
1.472010901334197 0.09526195107126445 3.0470817660544705 3.8769196194886835 6.62390752357419 0.44893426131197345
1.473942404597275 0.09165051867260599 3.0470728068043744 3.8781767587648255 6.623486484458406 0.4489820476061276
1.4758857420066096 0.08807920993190099 3.0470733945271995 3.87943425518499 6.623068572234738 0.44902751489909665
1.4778405053485397 0.08454733296500994 3.0470833483666153 3.880691907344338 6.622653709252149 0.44907074672106534
1.4798062954271902 0.08105421642221322 3.0471024916356337 3.881949519973903 6.622241819288691 0.4491118236662003
1.481782721850016 0.07759920867216397 3.0471306516697174 3.8832069037816237 6.621832827542911 0.44915082349560304
1.48376940281941 0.07418167702116985 3.0471676596863215 3.8844638752972247 6.621426660624574 0.44918782123665363
1.4857659649301698 0.07080100696624858 3.047213350650578 3.885720256720871 6.621023246544729 0.44922288927887183
1.4877720429726278 0.0674566014804654 3.0472675631468435 3.886975875775512 6.620622514705189 0.44925609746641737
1.4897872797412577 0.06414788032913221 3.0473301392558256 3.8882305655628366 6.620224395887437 0.4492875131873475
1.4918113258485732 0.06087427941550394 3.047400924437045 3.8894841644227562 6.619828822241019 0.4493172014597453
1.4938438395441462 0.0576352501546773 3.0474797674163763 3.89073651579635 6.619435727271437 0.4493452250148289
1.4958844865385772 0.05443025887444075 3.04756652007844 3.891987468092182 6.619045045827601 0.4493716443771466
1.4979329398322536 0.05125878624189917 3.0476610373636173 3.893236874555928 6.618656714088858 0.4493965179419611
1.4999888795487433 0.04812032671472788 3.047763177169474 3.894484593143227 6.618270669551634 0.4494199020499204
1.5020519927726699 0.04501438801597524 3.0478728002563944 3.8957304863956934 6.617886851015721 0.44944185105911083
