1.1348013271941304 0.36312760532108085 0.10736695295987653 0.36515774705135673 -0.14897266068609968 2.5593779251233753 -1.1845997337199583 -0.9193694451205378
1.134077381849343 0.36570383317088195 0.1137952129081648 0.36891299389678084 -0.15060067028559504 2.560999615099794 -1.1793973758949052 -0.9240967430630183
1.1333534365045559 0.368280061020683 0.12022347285645309 0.3726682407422049 -0.15222867988509037 2.5626213050762128 -1.174195018069852 -0.9288240410054988
1.1326294911597685 0.37085628887048405 0.12665173280474137 0.376423487587629 -0.15385668948458572 2.5642429950526315 -1.1689926602447986 -0.9335513389479793
1.1319055458149814 0.37343251672028516 0.13307999275302962 0.3801787344330531 -0.15548469908408105 2.56586468502905 -1.1637903024197453 -0.9382786368904599
1.1311816004701942 0.37600874457008626 0.13950825270131795 0.3839339812784772 -0.1571127086835764 2.567486375005469 -1.1585879445946925 -0.9430059348329405
1.1304576551254069 0.3785849724198873 0.14593651264960622 0.3876892281239013 -0.15874071828307176 2.5691080649818874 -1.1533855867696392 -0.9477332327754209
1.1297337097806197 0.3811612002696884 0.1523647725978945 0.39144447496932544 -0.16036872788256712 2.5707297549583066 -1.1481832289445861 -0.9524605307179015
1.1290097644358323 0.3837374281194895 0.15879303254618277 0.3951997218147495 -0.16199673748206245 2.5723514449347253 -1.1429808711195328 -0.957187828660382
1.1282858190910452 0.38631365596929057 0.16522129249447104 0.3989549686601736 -0.1636247470815578 2.573973134911144 -1.1377785132944798 -0.9619151266028625
1.1275618737462578 0.3888898838190916 0.17164955244275934 0.4027102155055977 -0.16525275668105316 2.575594824887563 -1.1325761554694265 -0.966642424545343
1.1268379284014707 0.3914661116688927 0.1780778123910476 0.40646546235102177 -0.1668807662805485 2.5772165148639816 -1.1273737976443734 -0.9713697224878235
1.1261139830566833 0.39404233951869383 0.1845060723393359 0.4102207091964459 -0.16850877588004384 2.5788382048404004 -1.1221714398193203 -0.9760970204303041
1.1254203353642165 0.39891766364659376 0.18359196376628106 0.4104086329440075 -0.17690409648810787 2.580036425398959 -1.1217214865673706 -0.9785265211547088
1.1247354580447895 0.40445851564446966 0.18055243272652166 0.40956391053166147 -0.18725837554602065 2.5811120627049795 -1.122647229376056 -0.9802908700528287
1.1240505807253625 0.4099993676423456 0.17751290168676223 0.40871918811931546 -0.1976126546039335 2.5821877000109996 -1.1235729721847418 -0.9820552189509484
1.1233657034059357 0.4155402196402216 0.17447337064700286 0.40787446570696945 -0.20796693366184632 2.58326333731702 -1.1244987149934274 -0.9838195678490682
1.1226808260865087 0.4210810716380975 0.17143383960724343 0.4070297432946235 -0.21832121271975916 2.5843389746230407 -1.125424457802113 -0.9855839167471878
1.1219959487670819 0.42662192363597345 0.16839430856748402 0.4061850208822775 -0.228675491777672 2.585414611929061 -1.1263502006107986 -0.9873482656453076
1.1213110714476549 0.4321627756338494 0.16535477752772462 0.40534029846993147 -0.2390297708355848 2.586490249235081 -1.1272759434194843 -0.9891126145434274
1.1206261941282278 0.4377036276317253 0.16231524648796522 0.40449557605758546 -0.2493840498934976 2.5875658865411015 -1.1282016862281699 -0.9908769634415471
1.1199413168088008 0.44324447962960123 0.1592757154482058 0.40365085364523945 -0.25973832895141047 2.588641523847122 -1.1291274290368554 -0.9926413123396669
1.1192564394893738 0.4487853316274772 0.1562361844084464 0.4028061312328934 -0.2700926080093233 2.589717161153142 -1.130053171845541 -0.9944056612377865
1.118571562169947 0.45432618362535315 0.15319665336868699 0.4019614088205474 -0.2804468870672361 2.5907927984591623 -1.1309789146542266 -0.9961700101359063
1.11788668485052 0.4598670356232291 0.15015712232892758 0.4011166864082014 -0.2908011661251489 2.591868435765183 -1.1319046574629124 -0.997934359034026
1.1168637677516355 0.46364821313401133 0.15049985193321969 0.39987438968232975 -0.2962646957900648 2.5908498538665077 -1.1297694231839595 -1.0008908241823713
1.115565410832452 0.465995581803458 0.15359849761785005 0.39830814351580746 -0.2977431703940203 2.5881248711343763 -1.12514005942619 -1.004818643312382
1.1142670539132684 0.46834295047290464 0.1566971433024804 0.3967418973492852 -0.29922164499797577 2.5853998884022453 -1.1205106956684205 -1.0087464624423925
1.112968696994085 0.4706903191423514 0.15979578898711078 0.395175651182763 -0.3007001196019312 2.5826749056701144 -1.115881331910651 -1.0126742815724032
1.1116703400749015 0.473037687811798 0.16289443467174114 0.39360940501624075 -0.3021785942058867 2.5799499229379834 -1.1112519681528816 -1.0166021007024137
1.110371983155718 0.4753850564812447 0.1659930803563715 0.39204315884971846 -0.3036570688098422 2.577224940205852 -1.1066226043951122 -1.0205299198324245
1.1090736262365346 0.47773242515069136 0.16909172604100187 0.3904769126831962 -0.30513554341379767 2.574499957473721 -1.1019932406373427 -1.024457738962435
1.107775269317351 0.480079793820138 0.1721903717256322 0.38891066651667394 -0.3066140180177531 2.57177497474159 -1.0973638768795735 -1.0283855580924455
1.1064769123981675 0.4824271624895847 0.1752890174102626 0.3873444203501517 -0.3080924926217086 2.5690499920094587 -1.0927345131218038 -1.0323133772224562
1.1051785554789841 0.48477453115903135 0.17838766309489296 0.3857781741836295 -0.3095709672256641 2.5663250092773278 -1.0881051493640344 -1.0362411963524667
1.1038801985598006 0.48712189982847803 0.18148630877952332 0.3842119280171072 -0.3110494418296196 2.563600026545197 -1.083475785606265 -1.0401690154824774
1.1025818416406172 0.48946926849792466 0.18458495446415368 0.382645681850585 -0.312527916433575 2.5608750438130654 -1.0788464218484957 -1.0440968346124881
1.10919856009123 0.46314424021443856 0.19463567974012536 0.4186103738620414 -0.3170530756078212 2.559117509890063 -1.0740013842112586 -1.0496732507913762
1.1321401214920475 0.3776823932155281 0.21902506917323872 0.5319826258655795 -0.3278620217082921 2.5593553391358888 -1.06871151919762 -1.0586498983835744
1.155081682892865 0.2922205462166181 0.2434144586063519 0.6453548778691169 -0.33867096780876293 2.559593168381714 -1.0634216541839814 -1.0676265459757726
1.1780232442936824 0.2067586992177076 0.2678038480394652 0.758727129872655 -0.34947991390923383 2.5598309976275395 -1.0581317891703428 -1.0766031935679707
1.2009648056945 0.12129685221879713 0.2921932374725786 0.8720993818761932 -0.36028886000970467 2.5600688268733647 -1.0528419241567042 -1.0855798411601691
1.2239063670953176 0.03583500521988667 0.31658262690569194 0.9854716338797312 -0.37109780611017557 2.56030665611919 -1.0475520591430656 -1.0945564887523673
1.246847928496135 -0.04962684177902335 0.34097201633880514 1.0988438858832685 -0.3819067522106464 2.5605444853650154 -1.0422621941294268 -1.1035331363445655
1.2697894898969526 -0.1350886887779338 0.36536140577191845 1.2122161378868068 -0.3927156983111173 2.5607823146108406 -1.0369723291157884 -1.1125097839367637
1.29273105129777 -0.22055053577684428 0.38975079520503175 1.3255883898903449 -0.40352464441158814 2.561020143856666 -1.0316824641021498 -1.1214864315289619
1.3156726126985876 -0.30601238277575477 0.4141401846381451 1.438960641893883 -0.41433359051205904 2.5612579731024914 -1.0263925990885112 -1.13046307912116
1.338614174099405 -0.3914742297746648 0.4385295740712583 1.5523328938974206 -0.4251425366125298 2.561495802348317 -1.0211027340748726 -1.1394397267133582
1.3615557355002226 -0.4769360767735752 0.46291896350437167 1.6657051459009584 -0.4359514827130007 2.561733631594142 -1.015812869061234 -1.1484163743055567
1.380993644383662 -0.5466446232435106 0.48567981566343194 1.7581613834606329 -0.444188939974756 2.5628023099724078 -1.0117264746591321 -1.157396690906661
1.3695994111141714 -0.4777241250584609 0.49410953981082534 1.6665566939142997 -0.42979729545581286 2.5711824607161518 -1.018230621638553 -1.1664092947861424
1.3582051778446809 -0.4088036268734111 0.5025392639582188 1.5749520043679668 -0.4154056509368697 2.5795626114598957 -1.0247347686179742 -1.1754218986656237
1.3468109445751906 -0.3398831286883613 0.5109689881056122 1.4833473148216336 -0.40101400641792656 2.5879427622036397 -1.0312389155973951 -1.184434502545105
1.3354167113056998 -0.2709626305033115 0.5193987122530057 1.3917426252753007 -0.3866223618989834 2.5963229129473833 -1.0377430625768163 -1.1934471064245864
1.3240224780362095 -0.20204213231826174 0.5278284364003991 1.3001379357289675 -0.37223071738004027 2.604703063691127 -1.0442472095562374 -1.2024597103040677
1.312628244766719 -0.13312163413321196 0.5362581605477925 1.2085332461826348 -0.3578390728610971 2.613083214434871 -1.0507513565356583 -1.211472314183549
1.3012340114972285 -0.06420113594816296 0.5446878846951859 1.1169285566363027 -0.34344742834215414 2.621463365178615 -1.0572555035150795 -1.2204849180630304
1.2898397782277382 0.0047193622368868204 0.5531176088425793 1.0253238670899698 -0.329055783823211 2.6298435159223583 -1.0637596504945004 -1.2294975219425117
1.2784455449582477 0.0736398604219366 0.5615473329899728 0.9337191775436366 -0.31466413930426784 2.638223666666102 -1.0702637974739215 -1.238510125821993
1.2670513116887572 0.1425603586069864 0.5699770571373663 0.8421144879973037 -0.3002724947853247 2.6466038174098463 -1.0767679444533425 -1.2475227297014746
1.2556570784192669 0.21148085679203615 0.5784067812847596 0.7505097984509707 -0.28588085026638155 2.6549839681535894 -1.0832720914327636 -1.256535333580956
1.2442628451497761 0.28040135497708596 0.5868365054321532 0.6589051089046376 -0.2714892057474384 2.6633641188973334 -1.0897762384121845 -1.2655479374604373
1.2039508963763934 0.3090153204635538 0.5861084984143514 0.6380846182725171 -0.2793003536051741 2.586402850512473 -1.0352639850113834 -1.2483094779204982
1.1596039175327004 0.3320051185967309 0.5841026684432666 0.6271409926051705 -0.29020956551546945 2.4975334771329245 -0.9722378152784587 -1.22740807929878
1.1152569386890072 0.35499491672990824 0.5820968384721819 0.6161973669378239 -0.301118777425765 2.4086641037533756 -0.9092116455455334 -1.206506680677062
1.0709099598453138 0.3779847148630856 0.5800910085010971 0.6052537412704773 -0.31202798933606046 2.319794730373826 -0.8461854758126082 -1.1856052820553433
1.0265629810016201 0.40097451299626297 0.5780851785300123 0.5943101156031306 -0.32293720124635594 2.2309253569942773 -0.7831593060796828 -1.164703883433625
0.9822160021579269 0.42396431112944033 0.5760793485589275 0.583366489935784 -0.3338464131566514 2.142055983614728 -0.7201331363467575 -1.1438024848119066
0.9378690233142335 0.4469541092626177 0.5740735185878427 0.5724228642684372 -0.3447556250669469 2.0531866102351786 -0.657106966613832 -1.1229010861901882
0.8935220444705402 0.46994390739579506 0.5720676886167578 0.5614792386010906 -0.3556648369772424 1.9643172368556296 -0.5940807968809068 -1.1019996875684699
0.8491750656268469 0.4929337055289724 0.570061858645673 0.550535612933744 -0.36657404888753786 1.8754478634760803 -0.5310546271479815 -1.0810982889467515
0.8048280867831539 0.5159235036621495 0.5680560286745883 0.5395919872663973 -0.37748326079783323 1.786578490096532 -0.46802845741505683 -1.0601968903250332
0.7604811079394604 0.5389133017953268 0.5660501987035034 0.5286483615990507 -0.3883924727081287 1.6977091167169827 -0.4050022876821315 -1.0392954917033148
0.7161341290957671 0.5619030999285043 0.5640443687324187 0.5177047359317041 -0.39930168461842425 1.6088397433374335 -0.3419761179492061 -1.0183940930815965
0.7043392220382294 0.5677545682477815 0.567233491014435 0.5165903760601176 -0.40260269493126594 1.597675247710822 -0.33504657567797214 -1.0156978853011422
0.7098376031170873 0.5645012988534241 0.5731824316809112 0.520697813642529 -0.4018618481454602 1.627791468390459 -0.35791836674576216 -1.0226731851551096
0.7153359841959451 0.5612480294590668 0.5791313723473875 0.5248052512249403 -0.40112100135965445 1.6579076890700963 -0.3807901578135522 -1.0296484850090772
0.7208343652748029 0.5579947600647094 0.5850803130138639 0.5289126888073515 -0.4003801545738487 1.6880239097497336 -0.4036619488813422 -1.0366237848630446
0.7263327463536607 0.554741490670352 0.5910292536803401 0.5330201263897627 -0.399639307788043 1.7181401304293706 -0.426533739949132 -1.043599084717012
0.7318311274325187 0.5514882212759947 0.5969781943468164 0.5371275639721741 -0.39889846100223725 1.7482563511090077 -0.44940553101692204 -1.0505743845709796
0.7373295085113765 0.5482349518816374 0.6029271350132926 0.5412350015545854 -0.3981576142164315 1.778372571788645 -0.472277322084712 -1.057549684424947
0.7428278895902343 0.54498168248728 0.608876075679769 0.5453424391369966 -0.39741676743062576 1.8084887924682822 -0.49514911315250204 -1.0645249842789146
0.7483262706690921 0.5417284130929226 0.6148250163462453 0.5494498767194079 -0.39667592064482005 1.8386050131479195 -0.5180209042202921 -1.071500284132882
0.7538246517479499 0.5384751436985653 0.6207739570127215 0.5535573143018192 -0.3959350738590143 1.8687212338275567 -0.5408926952880821 -1.0784755839868496
0.7593230328268078 0.535221874304208 0.6267228976791979 0.5576647518842305 -0.39519422707320856 1.898837454507194 -0.5637644863558721 -1.085450883840817
0.7648214139056656 0.5319686049098507 0.6326718383456741 0.5617721894666418 -0.39445338028740284 1.9289536751868308 -0.5866362774236619 -1.0924261836947844
0.7690371537877775 0.5317606353852206 0.6385844024936916 0.5668728970790374 -0.3938322235881444 1.9350010179385935 -0.598276120678399 -1.0997335784993605
0.7715427054075613 0.5356130656868938 0.6444484646170977 0.5732979647314125 -0.3933706536709492 1.9089565234531884 -0.594940033515732 -1.1074837665714146
0.7740482570273451 0.5394654959885672 0.6503125267405038 0.5797230323837874 -0.39290908375375394 1.8829120289677839 -0.5916039463530648 -1.1152339546434689
0.7765538086471289 0.5433179262902403 0.6561765888639098 0.5861481000361624 -0.3924475138365587 1.856867534482379 -0.5882678591903976 -1.122984142715523
0.7790593602669128 0.5471703565919137 0.6620406509873159 0.5925731676885374 -0.3919859439193634 1.8308230399969743 -0.5849317720277305 -1.1307343307875772
0.7815649118866966 0.5510227868935869 0.667904713110722 0.5989982353409123 -0.39152437400216816 1.8047785455115697 -0.5815956848650634 -1.1384845188596313
0.7840704635064805 0.5548752171952602 0.673768775234128 0.6054233029932874 -0.3910628040849729 1.7787340510261649 -0.5782595977023963 -1.1462347069316856
0.7865760151262643 0.5587276474969334 0.679632837357534 0.6118483706456622 -0.39060123416777764 1.7526895565407605 -0.5749235105397292 -1.1539848950037397
0.7890815667460481 0.5625800777986067 0.6854968994809401 0.6182734382980373 -0.39013966425058244 1.7266450620553557 -0.571587423377062 -1.161735083075794
0.791587118365832 0.56643250810028 0.6913609616043461 0.6246985059504122 -0.3896780943333871 1.700600567569951 -0.5682513362143949 -1.169485271147848
0.7940926699856158 0.5702849384019533 0.6972250237277522 0.6311235736027873 -0.38921652441619187 1.6745560730845463 -0.5649152490517279 -1.1772354592199024
0.7965982216053997 0.5741373687036265 0.7030890858511583 0.6375486412551622 -0.3887549544989966 1.6485115785991415 -0.5615791618890607 -1.1849856472919567
0.8009673663082927 0.5756476136650295 0.7094020760463614 0.6465562437619387 -0.38800870974975216 1.6334698127010345 -0.5598036457326269 -1.1939126984774862
0.8126045240353127 0.5680233357993779 0.717465885721574 0.6656357322008821 -0.3861522331555158 1.6613386882933898 -0.5641143565005036 -1.2074295158055706
0.8242416817623324 0.5603990579337266 0.7255296953967865 0.6847152206398253 -0.3842957565612794 1.6892075638857444 -0.5684250672683799 -1.2209463331336547
0.8358788394893523 0.5527747800680749 0.733593505071999 0.7037947090787688 -0.38243927996704297 1.7170764394780997 -0.5727357780362565 -1.2344631504617392
0.8475159972163719 0.5451505022024234 0.7416573147472114 0.722874197517712 -0.3805828033728066 1.7449453150704546 -0.577046488804133 -1.2479799677898233
0.8591531549433917 0.5375262243367719 0.749721124422424 0.7419536859566553 -0.3787263267785702 1.7728141906628099 -0.5813571995720097 -1.2614967851179077
0.8707903126704115 0.5299019464711205 0.7577849340976364 0.7610331743955986 -0.37686985018433383 1.8006830662551647 -0.5856679103398861 -1.2750136024459922
0.8824274703974311 0.5222776686054691 0.7658487437728487 0.7801126628345416 -0.37501337359009745 1.8285519418475193 -0.5899786211077627 -1.2885304197740761
0.8940646281244511 0.5146533907398174 0.7739125534480613 0.7991921512734852 -0.373156896995861 1.8564208174398746 -0.5942893318756391 -1.3020472371021605
0.9057017858514708 0.507029112874166 0.7819763631232738 0.8182716397124282 -0.37130042040162464 1.8842896930322295 -0.5986000426435156 -1.315564054430245
0.9173389435784907 0.49940483500851446 0.7900401727984865 0.8373511281513717 -0.36944394380738826 1.9121585686245848 -0.6029107534113922 -1.3290808717583293
0.9289761013055103 0.491780557142863 0.7981039824736987 0.8564306165903148 -0.3675874672131519 1.9400274442169396 -0.6072214641792688 -1.3425976890864133
0.9406132590325302 0.48415627927721144 0.8061677921489113 0.8755101050292584 -0.36573099061891545 1.967896319809295 -0.6115321749471454 -1.356114506414498
0.9324434820664713 0.4865984585356324 0.814342290199293 0.8818553238549861 -0.3649075860890488 1.9311013948609517 -0.5925502274804847 -1.347981684901951
0.9238610606276401 0.48925035565080477 0.8225190942574909 0.8879352453971052 -0.3641057038938564 1.892959307401344 -0.5730830163006044 -1.339397829246891
0.9152786391888086 0.49190225276597727 0.8306958983156889 0.8940151669392244 -0.36330382169866404 1.8548172199417357 -0.5536158051207238 -1.330813973591831
0.9066962177499773 0.49455414988114965 0.8388727023738867 0.9000950884813435 -0.36250193950347165 1.8166751324821282 -0.5341485939408437 -1.322230117936771
0.8981137963111459 0.49720604699632215 0.8470495064320845 0.9061750100234627 -0.36170005730827925 1.7785330450225199 -0.5146813827609631 -1.3136462622817109
0.8895313748723146 0.4998579441114945 0.8552263104902823 0.9122549315655818 -0.36089817511308686 1.7403909575629122 -0.49521417158108305 -1.305062406626651
0.8809489534334831 0.502509841226667 0.8634031145484803 0.9183348531077011 -0.3600962929178945 1.702248870103304 -0.47574696040120246 -1.296478550971591
0.8723665319946519 0.5051617383418394 0.8715799186066782 0.9244147746498201 -0.35929441072270213 1.6641067826436964 -0.4562797492213223 -1.2878946953165311
0.8637841105558205 0.5078136354570117 0.8797567226648759 0.9304946961919393 -0.3584925285275098 1.625964695184089 -0.43681253804144216 -1.2793108396614712
0.855201689116989 0.5104655325721843 0.8879335267230738 0.9365746177340585 -0.3576906463323174 1.5878226077244808 -0.41734532686156156 -1.270726984006411
0.8466192676781578 0.5131174296873566 0.8961103307812716 0.9426545392761776 -0.35688876413712506 1.5496805202648731 -0.3978781156816814 -1.2621431283513511
0.8380368462393263 0.5157693268025292 0.9042871348394694 0.9487344608182968 -0.35608688194193266 1.5115384328052648 -0.3784109045018008 -1.253559272696291
0.8373903396156472 0.51234326175222 0.9123786123785291 0.9494053397042383 -0.3529866022673644 1.5197322367557489 -0.3893865383295418 -1.2584287590650733
0.8393176432022879 0.5069459657293222 0.9204424164519225 0.9483219344854736 -0.34914089638326873 1.5429538973797763 -0.41023552729489005 -1.2676614914956426
0.8412449467889285 0.5015486697064243 0.9285062205253156 0.947238529266709 -0.3452951904991731 1.5661755580038035 -0.4310845162602379 -1.2768942239262115
0.843172250375569 0.4961513736835266 0.9365700245987089 0.9461551240479444 -0.34144948461507757 1.589397218627831 -0.45193350522558573 -1.2861269563567805
0.8450995539622097 0.4907540776606287 0.9446338286721023 0.9450717188291797 -0.3376037787309819 1.6126188792518583 -0.4727824941909341 -1.2953596887873498
0.8470268575488502 0.48535678163773094 0.9526976327454953 0.9439883136104151 -0.3337580728468863 1.6358405398758857 -0.4936314831562819 -1.3045924212179187
0.8489541611354909 0.47995948561483304 0.9607614368188888 0.9429049083916504 -0.32991236696279064 1.6590622004999134 -0.5144804721216302 -1.313825153648488
0.8508814647221314 0.4745621895919353 0.968825240892282 0.9418215031728858 -0.32606666107869503 1.6822838611239406 -0.5353294610869781 -1.3230578860790572
0.8528087683087722 0.4691648935690374 0.9768890449656753 0.9407380979541212 -0.32222095519459937 1.7055055217479682 -0.5561784500523264 -1.3322906185096262
0.8547360718954127 0.4637675975461396 0.9849528490390684 0.9396546927353565 -0.31837524931050376 1.7287271823719954 -0.5770274390176742 -1.3415233509401951
0.8566633754820533 0.4583703015232419 0.9930166531124616 0.9385712875165919 -0.3145295434264082 1.7519488429960224 -0.597876427983022 -1.3507560833707641
0.858590679068694 0.452973005500344 1.001080457185855 0.9374878822978272 -0.31068383754231255 1.7751705036200502 -0.6187254169483702 -1.3599888158013336
0.8575627535870137 0.44631103361591024 1.0074468712929603 0.9412574409614306 -0.30523561085003154 1.785803982653388 -0.6249702531592246 -1.363162133826593
0.8539205870064344 0.43853031000780984 1.0123117481221955 0.94932000613636 -0.2983697695966633 1.7853017625872698 -0.6182960311641803 -1.360975200647155
0.8502784204258551 0.4307495863997095 1.0171766249514305 0.957382571311289 -0.2915039283432952 1.7847995425211514 -0.6116218091691362 -1.3587882674677172
0.8466362538452755 0.42296886279160917 1.0220415017806657 0.9654451364862182 -0.28463808708992694 1.784297322455033 -0.6049475871740919 -1.3566013342882794
0.8429940872646963 0.4151881391835089 1.0269063786099009 0.9735077016611475 -0.27777224583655885 1.7837951023889145 -0.5982733651790477 -1.3544144011088417
0.8393519206841169 0.4074074155754085 1.031771255439136 0.9815702668360766 -0.2709064045831906 1.783292882322796 -0.5915991431840034 -1.3522274679294037
0.8357097541035374 0.3996266919673082 1.036636132268371 0.9896328320110057 -0.2640405633298225 1.7827906622566778 -0.5849249211889593 -1.350040534749966
0.8320675875229582 0.39184596835920793 1.0415010090976062 0.9976953971859349 -0.2571747220764544 1.7822884421905592 -0.5782506991939151 -1.3478536015705282
0.8284254209423787 0.38406524475110754 1.0463658859268414 1.0057579623608641 -0.25030888082308617 1.781786222124441 -0.5715764771988708 -1.3456666683910905
0.8247832543617994 0.37628452114300726 1.0512307627560764 1.0138205275357932 -0.24344303956971808 1.7812840020583225 -0.5649022552038266 -1.3434797352116528
0.82114108778122 0.36850379753490686 1.0560956395853116 1.0218830927107228 -0.23657719831634982 1.780781781992204 -0.5582280332087823 -1.3412928020322148
0.8174989212006406 0.36072307392680664 1.0609605164145468 1.0299456578856516 -0.22971135706298174 1.7802795619260856 -0.5515538112137381 -1.339105868852777
0.813837145951557 0.3546311499807772 1.0665727453001872 1.0368445391119798 -0.2230052918472366 1.7795061579924356 -0.5461160317926218 -1.3386846983877634
0.810130924387197 0.3523671719354423 1.0738789721803463 1.041105736721479 -0.2166613856501041 1.7781180706257136 -0.5434808555390751 -1.3422659234087777
0.8064247028228371 0.35010319389010736 1.0811851990605053 1.0453669343309782 -0.21031747945297158 1.7767299832589916 -0.5408456792855285 -1.345847148429792
0.802718481258477 0.34783921584477234 1.0884914259406644 1.0496281319404774 -0.20397357325583892 1.7753418958922695 -0.5382105030319819 -1.3494283734508064
0.7990122596941169 0.34557523779943733 1.0957976528208233 1.0538893295499765 -0.1976296670587064 1.7739538085255473 -0.5355753267784353 -1.3530095984718207
0.795306038129757 0.34331125975410237 1.1031038797009824 1.0581505271594756 -0.19128576086157373 1.7725657211588253 -0.5329401505248886 -1.356590823492835
0.791599816565397 0.3410472817087674 1.1104101065811416 1.0624117247689746 -0.18494185466444124 1.7711776337921032 -0.5303049742713422 -1.3601720485138493
0.7878935950010371 0.3387833036634324 1.1177163334613007 1.0666729223784739 -0.1785979484673086 1.7697895464253812 -0.5276697980177955 -1.3637532735348639
0.784187373436677 0.33651932561809744 1.1250225603414596 1.070934119987973 -0.17225404227017604 1.768401459058659 -0.5250346217642489 -1.3673344985558782
0.780481151872317 0.3342553475727625 1.1323287872216188 1.0751953175974722 -0.16591013607304353 1.767013371691937 -0.5223994455107023 -1.3709157235768923
0.776774930307957 0.33199136952742747 1.139635014101778 1.0794565152069713 -0.15956622987591088 1.765625284325215 -0.5197642692571557 -1.3744969485979068
0.773068708743597 0.32972739148209257 1.1469412409819368 1.0837177128164703 -0.15322232367877836 1.764237196958493 -0.5171290930036091 -1.3780781736189212
0.7697660621374249 0.3271052420719405 1.1540127555893558 1.0884112176871026 -0.14695857847077615 1.763915831308995 -0.5142722185730081 -1.3809958754869633
0.7710036338108673 0.3204536648075977 1.1584437571284474 1.0979681792454814 -0.14159664439049147 1.7755950849782707 -0.5089212396505459 -1.3764489418840677
0.7722412054843097 0.31380208754325467 1.1628747586675392 1.1075251408038607 -0.13623471031020667 1.7872743386475467 -0.5035702607280838 -1.371902008281172
0.7734787771577522 0.3071505102789118 1.1673057602066308 1.1170821023622395 -0.130872776229922 1.7989535923168223 -0.4982192818056216 -1.3673550746782763
0.7747163488311946 0.3004989330145689 1.1717367617457224 1.1266390639206183 -0.12551084214963731 1.810632845986098 -0.4928683028831594 -1.3628081410753807
0.775953920504637 0.2938473557502259 1.176167763284814 1.1361960254789976 -0.12014890806935251 1.8223120996553739 -0.48751732396069725 -1.3582612074724851
0.7771914921780794 0.28719577848588307 1.1805987648239058 1.1457529870373764 -0.11478697398906783 1.8339913533246497 -0.4821663450382351 -1.3537142738695893
0.7784290638515218 0.2805442012215401 1.1850297663629974 1.1553099485957554 -0.10942503990878304 1.8456706069939255 -0.4768153661157728 -1.3491673402666937
0.7796666355249642 0.2738926239571972 1.189460767902089 1.1648669101541345 -0.10406310582849836 1.8573498606632013 -0.47146438719331074 -1.3446204066637981
0.7809042071984065 0.2672410466928542 1.1938917694411808 1.1744238717125135 -0.09870117174821356 1.869029114332477 -0.46611340827084846 -1.3400734730609023
0.782141778871849 0.26058946942851136 1.1983227709802722 1.1839808332708923 -0.09333923766792888 1.8807083680017527 -0.4607624293483864 -1.335526539458007
0.7833793505452913 0.2539378921641685 1.2027537725193638 1.1935377948292711 -0.0879773035876442 1.8923876216710285 -0.45541145042592424 -1.330979605855111
0.7846169222187337 0.24728631489982547 1.2071847740584556 1.2030947563876504 -0.08261536950735941 1.9040668753403043 -0.45006047150346196 -1.3264326722522155
0.7824549982539404 0.24893414761613097 1.207991441891726 1.2081706152481295 -0.07996790932994029 1.9022411912477486 -0.44604321288106996 -1.3296976416586548
0.7797264916827743 0.2519652153292113 1.208194054107359 1.2124996236589587 -0.07777286146966539 1.8981646841948874 -0.44224824097535625 -1.3342645948999836
0.7769979851116082 0.2549962830422916 1.2083966663229924 1.216828632069788 -0.07557781360939055 1.894088177142026 -0.4384532690696426 -1.3388315481413124
0.774269478540442 0.2580273507553719 1.2085992785386257 1.2211576404806173 -0.07338276574911567 1.890011670089165 -0.43465829716392884 -1.3433985013826413
0.7715409719692761 0.2610584184684522 1.208801890754259 1.2254866488914464 -0.07118771788884083 1.885935163036304 -0.43086332525821525 -1.3479654546239699
0.76881246539811 0.26408948618153255 1.2090045029698924 1.2298156573022756 -0.06899267002856593 1.8818586559834425 -0.4270683533525015 -1.352532407865299
0.7660839588269439 0.2671205538946128 1.2092071151855257 1.2341446657131048 -0.0667976221682911 1.8777821489305815 -0.42327338144678783 -1.3570993611066275
0.7633554522557779 0.27015162160769307 1.209409727401159 1.238473674123934 -0.06460257430801626 1.8737056418777205 -0.4194784095410742 -1.3616663143479564
0.7606269456846118 0.27318268932077344 1.2096123396167924 1.2428026825347631 -0.06240752644774138 1.869629134824859 -0.4156834376353604 -1.366233267589285
0.7578984391134458 0.2762137570338537 1.2098149518324255 1.2471316909455923 -0.060212478587466534 1.865552627771998 -0.4118884657296468 -1.3708002208306138
0.7551699325422797 0.2792448247469341 1.210017564048059 1.2514606993564217 -0.05801743072719165 1.8614761207191368 -0.4080934938239331 -1.3753671740719426
0.7524414259711136 0.28227589246001433 1.2102201762636922 1.2557897077672509 -0.05582238286691681 1.8573996136662756 -0.4042985219182194 -1.3799341273132713
0.7497788558614101 0.2816364685116245 1.2154389106859007 1.2571921094944056 -0.04908908805926793 1.8581136342652722 -0.39810228035476236 -1.3827025919723983
0.7471545714390075 0.27886579134044553 1.2235702321957975 1.256895191211685 -0.039720682120885906 1.861609251565347 -0.3905117531835836 -1.384426772938634
0.7445302870166048 0.2760951141692666 1.2317015537056948 1.2565982729289644 -0.030352276182503878 1.8651048688654221 -0.38292122601240475 -1.3861509539048693
0.7419060025942024 0.27332443699808756 1.2398328752155918 1.2563013546462438 -0.020983870244121655 1.868600486165497 -0.3753306988412257 -1.3878751348711047
0.7392817181717997 0.27055375982690855 1.2479641967254889 1.2560044363635232 -0.01161546430573963 1.872096103465572 -0.36774017167004697 -1.3895993158373403
0.736657433749397 0.2677830826557296 1.2560955182353861 1.2557075180808026 -0.002247058367357408 1.8755917207656472 -0.360149644498868 -1.391323496803576
0.7340331493269945 0.26501240548455063 1.2642268397452832 1.255410599798082 0.007121347571024613 1.8790873380657218 -0.3525591173276892 -1.393047677769811
0.7314088649045918 0.2622417283133716 1.2723581612551804 1.2551136815153614 0.01648975350940684 1.8825829553657971 -0.34496859015651016 -1.3947718587360467
0.7287845804821892 0.2594710511421926 1.2804894827650775 1.2548167632326408 0.02585815944778886 1.886078572665872 -0.33737806298533135 -1.3964960397022823
0.7261602960597866 0.2567003739710137 1.2886208042749745 1.2545198449499202 0.03522656538617089 1.889574189965947 -0.32978753581415254 -1.3982202206685177
0.7235360116373839 0.2539296967998347 1.2967521257848715 1.2542229266671996 0.04459497132455311 1.893069807266022 -0.32219700864297357 -1.399944401634753
0.7209117272149814 0.2511590196286557 1.3048834472947688 1.253926008384479 0.053963377262935125 1.896565424566097 -0.3146064814717947 -1.4016685826009887
0.715771802282513 0.2495959364112039 1.3098585555225368 1.2560257743767262 0.06005730916507473 1.9022050343127779 -0.30130588182161805 -1.4003947536204657
0.7069841986104488 0.24978386442665654 1.3102571544912176 1.261600732567678 0.06140325371466247 1.910953433107038 -0.2797256770768929 -1.394773810217142
0.6981965949383849 0.2499717924421092 1.3106557534598982 1.2671756907586293 0.06274919826425017 1.9197018319012977 -0.2581454723321686 -1.3891528668138189
0.689408991266321 0.25015972045756185 1.311054352428579 1.2727506489495806 0.06409514281383785 1.9284502306955575 -0.23656526758744434 -1.3835319234104955
0.680621387594257 0.2503476484730145 1.3114529513972597 1.278325607140532 0.06544108736342555 1.9371986294898171 -0.2149850628427201 -1.3779109800071723
0.6718337839221932 0.25053557648846714 1.3118515503659403 1.2839005653314832 0.06678703191301325 1.945947028284077 -0.19340485809799582 -1.3722900366038489
0.6630461802501288 0.25072350450391984 1.312250149334621 1.2894755235224347 0.068132976462601 1.9546954270783372 -0.17182465335327063 -1.3666690932005254
0.654258576578065 0.25091143251937253 1.3126487483033018 1.295050481713386 0.0694789210121887 1.9634438258725968 -0.15024444860854635 -1.361048149797202
0.6454709729060011 0.2510993605348252 1.3130473472719824 1.3006254399043375 0.07082486556177638 1.9721922246668568 -0.1286642438638221 -1.355427206393879
0.6366833692339371 0.2512872885502778 1.313445946240663 1.3062003980952888 0.07217081011136407 1.9809406234611164 -0.10708403911909783 -1.3498062629905556
0.6278957655618729 0.25147521656573046 1.3138445452093437 1.3117753562862404 0.07351675466095181 1.9896890222553765 -0.08550383437437264 -1.3441853195872322
0.619108161889809 0.25166314458118316 1.3142431441780245 1.3173503144771916 0.07486269921053951 1.9984374210496363 -0.06392362962964838 -1.3385643761839088
0.6108302362582214 0.25188300516418277 1.3152378728916834 1.3220349449041957 0.07677947397592201 2.0036946325863862 -0.04498129963195842 -1.33833229133765
0.6048175463620845 0.2522447882696135 1.3188820671385788 1.3227625630469886 0.08123327192261488 1.9934354563119814 -0.03776285739886569 -1.3620506889672337
0.5988048564659476 0.2526065713750442 1.3225262613854738 1.3234901811897817 0.08568706986930776 1.9831762800375765 -0.030544415165772953 -1.3857690865968175
0.5927921665698105 0.25296835448047494 1.3261704556323695 1.324217799332575 0.09014086781600081 1.9729171037631712 -0.023325972932679913 -1.4094874842264025
0.5867794766736736 0.2533301375859056 1.3298146498792647 1.324945417475368 0.09459466576269368 1.9626579274887663 -0.016107530699587178 -1.4332058818559863
0.5807667867775368 0.25369192069133634 1.33345884412616 1.3256730356181612 0.09904846370938655 1.9523987512143615 -0.008889088466494444 -1.4569242794855701
0.5747540968813999 0.25405370379676706 1.3371030383730553 1.3264006537609543 0.10350226165607943 1.9421395749399566 -0.001670646233401716 -1.4806426771151537
0.568741406985263 0.2544154869021978 1.3407472326199505 1.3271282719037472 0.1079560596027723 1.9318803986655517 0.005547795999691019 -1.5043610747447378
0.5627287170891259 0.2547772700076285 1.3443914268668462 1.3278558900465405 0.11240985754946535 1.9216212223911464 0.012766238232784062 -1.5280794723743225
0.556716027192989 0.2551390531130592 1.3480356211137414 1.3285835081893334 0.11686365549615822 1.9113620461167413 0.019984680465876793 -1.5517978700039063
0.5507033372968521 0.2555008362184899 1.3516798153606366 1.3293111263321264 0.12131745344285108 1.9011028698423365 0.027203122698969528 -1.57551626763349
0.5446906474007152 0.2558626193239206 1.355324009607532 1.3300387444749198 0.12577125138954395 1.8908436935679316 0.034421564932062255 -1.599234665263074
0.538677957504578 0.2562244024293513 1.3589682038544275 1.3307663626177129 0.13022504933623702 1.8805845172935263 0.041640007165155306 -1.6229530628926587
0.5311227220050347 0.2562572209663132 1.3602983542934288 1.332992629539603 0.13339399173108263 1.859206360200304 0.05705569943617357 -1.6251475651696436
0.5235018462670487 0.25627604101099977 1.3615300347831583 1.3352826687499657 0.1365082594215943 1.837355054987132 0.07282021085774176 -1.626426157006093
0.5158809705290625 0.25629486105568633 1.3627617152728877 1.3375727079603283 0.13962252711210602 1.8155037497739601 0.08858472227930997 -1.6277047488425418
0.5082600947910765 0.2563136811003729 1.363993395762617 1.3398627471706908 0.1427367948026177 1.7936524445607884 0.10434923370087816 -1.6289833406789906
0.50063921905309 0.2563325011450595 1.3652250762523463 1.3421527863810536 0.14585106249312954 1.7718011393476156 0.12011374512244705 -1.63026193251544
0.49301834331510386 0.2563513211897461 1.3664567567420756 1.344442825591416 0.14896533018364122 1.7499498341344435 0.13587825654401522 -1.6315405243518888
0.48539746757711777 0.25637014123443264 1.367688437231805 1.3467328648017787 0.15207959787415293 1.7280985289212718 0.15164276796558343 -1.632819116188338
0.4777765918391316 0.25638896127911925 1.3689201177215344 1.3490229040121413 0.15519386556466463 1.7062472237081 0.16740727938715164 -1.634097708024787
0.4701557161011455 0.2564077813238058 1.3701517982112636 1.351312943222504 0.15830813325517631 1.684395918494928 0.18317179080871984 -1.635376299861236
0.4625348403631591 0.2564266013684924 1.3713834787009933 1.3536029824328666 0.16142240094568816 1.6625446132817552 0.19893630223028871 -1.636654891697685
0.454913964625173 0.25644542141317894 1.3726151591907225 1.3558930216432292 0.16453666863619984 1.6406933080685833 0.21470081365185692 -1.6379334835341341
0.44729308888718683 0.25646424145786556 1.373846839680452 1.3581830608535916 0.16765093632671155 1.6188420028554114 0.23046532507342513 -1.6392120753705832
0.43903023441649724 0.2545710171348806 1.3763403689249132 1.3604873151812262 0.170187428732523 1.5867062042364881 0.24439764796533384 -1.6425846467231586
0.43053555429233087 0.25198733234579185 1.3792895657752497 1.3627967027456536 0.17251528006330386 1.5508565607765972 0.25766834722153276 -1.6467133773454468
0.4220408741681649 0.24940364755670325 1.3822387626255863 1.3651060903100807 0.1748431313940846 1.5150069173167076 0.27093904647773104 -1.6508421079677347
0.4135461940439989 0.24681996276761461 1.3851879594759229 1.3674154778745078 0.17717098272486537 1.4791572738568182 0.2842097457339293 -1.6549708385900226
0.40505151391983296 0.24423627797852598 1.3881371563262594 1.369724865438935 0.17949883405564615 1.4433076303969288 0.2974804449901276 -1.6590995692123103
0.396556833795667 0.24165259318943738 1.391086353176596 1.3720342530033622 0.1818266853864269 1.4074579869370394 0.31075114424632594 -1.6632282998345982
0.38806215367150065 0.23906890840034864 1.3940355500269328 1.3743436405677896 0.18415453671720777 1.3716083434771484 0.32402184350252483 -1.6673570304568863
0.37956747354733467 0.23648522361126 1.3969847468772694 1.3766530281322167 0.18648238804798853 1.335758700017259 0.3372925427587231 -1.6714857610791742
0.3710727934231687 0.23390153882217138 1.399933943727606 1.378962415696644 0.1888102393787693 1.2999090565573697 0.35056324201492145 -1.6756144917014621
0.36257811329900275 0.23131785403308275 1.4028831405779425 1.3812718032610711 0.19113809070955007 1.2640594130974803 0.36383394127111973 -1.67974322232375
0.35408343317483637 0.22873416924399403 1.4058323374282793 1.3835811908254985 0.19346594204033093 1.2282097696375893 0.3771046405273186 -1.683871952946038
0.3455887530506704 0.2261504844549054 1.4087815342786159 1.3858905783899254 0.19579379337111172 1.1923601261776997 0.3903753397835169 -1.6880006835683259
0.3370942271785724 0.24641490825798304 1.4035305958206228 1.3787702389894267 0.18448472227549523 1.1587488547394273 0.39200316284653147 -1.6906513523749365
0.32859984938845965 0.28861351630954046 1.390407527466633 1.362597361702599 0.16008420565053724 1.1272864204419073 0.3824538247640895 -1.6918830818384971
0.3201054715983468 0.33081212436109797 1.377284459112643 1.3464244844157713 0.13568368902557923 1.095823986144387 0.3729044866816476 -1.6931148113020578
0.31161109380823365 0.37301073241265725 1.3641613907586527 1.330251607128943 0.11128317240062022 1.0643615518468654 0.36335514859920526 -1.6943465407656184
0.3031167160181209 0.4152093404642147 1.351038322404663 1.3140787298421153 0.0868826557756622 1.0328991175493454 0.3538058105167633 -1.6955782702291788
0.2946223382280081 0.45740794851577216 1.3379152540506731 1.2979058525552876 0.062482139150704226 1.0014366832518253 0.34425647243432134 -1.6968099996927393
0.28612796043789535 0.4996065565673296 1.3247921856966833 1.2817329752684599 0.03808162252574624 0.9699742489543051 0.3347071343518794 -1.6980417291563001
0.27763358264778254 0.5418051646188871 1.3116691173426935 1.265560097981632 0.013681105900788249 0.9385118146567849 0.3251577962694374 -1.6992734586198606
0.2691392048576694 0.5840037726704463 1.2985460489887033 1.2493872206948038 -0.010719410724170805 0.9070493803592634 0.3156084581869951 -1.7005051880834212
0.2606448270675566 0.6262023807220038 1.2854229806347135 1.2332143434079759 -0.03511992734912879 0.8755869460617433 0.30605912010455316 -1.7017369175469816
0.25215044927744384 0.6684009887735612 1.2722999122807237 1.2170414661211482 -0.059520443974086776 0.8441245117642231 0.2965097820221112 -1.7029686470105423
0.24365607148733107 0.7105995968251188 1.259176843926734 1.2008685888343205 -0.08392096059904476 0.8126620774667029 0.28696044393966924 -1.7042003764741027
0.23519602250044727 0.7405449855817211 1.249530372083827 1.189234974895566 -0.10122094868319591 0.7799095753224488 0.2857458176913182 -1.7046859047928369
0.22682179552163734 0.7398573261009312 1.2485753915186277 1.1889495193269959 -0.10076961541532732 0.7439319035613646 0.3053679710281945 -1.7033059302495044
0.21844756854282743 0.7391696666201414 1.2476204109534288 1.188664063758426 -0.10031828214745873 0.7079542318002804 0.32499012436507085 -1.7019259557061721
0.21007334156401747 0.7384820071393514 1.2466654303882296 1.188378608189856 -0.09986694887959015 0.6719765600391963 0.34461227770194724 -1.7005459811628394
0.20169911458520753 0.7377943476585616 1.2457104498230307 1.188093152621286 -0.09941561561172156 0.6359988882781121 0.3642344310388235 -1.6991660066195071
0.1933248876063972 0.7371066881777717 1.2447554692578318 1.1878076970527158 -0.09896428234385295 0.6000212165170264 0.3838565843757007 -1.6977860320761744
0.18495066062758725 0.7364190286969817 1.2438004886926326 1.187522241484146 -0.09851294907598436 0.5640435447559422 0.40347873771257703 -1.6964060575328421
0.17657643364877734 0.7357313692161919 1.2428455081274337 1.187236785915576 -0.09806161580811577 0.5280658729948581 0.42310089104945336 -1.6950260829895094
0.16820220666996738 0.7350437097354019 1.2418905275622345 1.1869513303470058 -0.09761028254024717 0.4920882012337739 0.44272304438632976 -1.6936461084461771
0.15982797969115745 0.734356050254612 1.2409355469970356 1.1866658747784358 -0.09715894927237859 0.4561105294726897 0.46234519772320604 -1.6922661339028446
0.15145375271234715 0.7336683907738222 1.2399805664318364 1.1863804192098657 -0.09670761600451 0.420132857711604 0.48196735106008326 -1.6908861593595121
0.1430795257335372 0.7329807312930323 1.2390255858666375 1.1860949636412959 -0.0962562827366414 0.38415518595051984 0.5015895043969596 -1.6895061848161796
0.13483119578020172 0.732236175327323 1.2381423230981807 1.185612160909737 -0.09556692129215597 0.3498414334102779 0.5202494934830143 -1.687726100396689
0.1285132868841417 0.7306192065928483 1.238358733213104 1.182103368345683 -0.09122779447287785 0.3410411089229577 0.5241562973898004 -1.6798109978761049
0.12219537798808142 0.7290022378583735 1.2385751433280274 1.1785945757816287 -0.08688866765359955 0.3322407844356371 0.5280631012965867 -1.6718958953555203
0.1158774690920214 0.7273852691238988 1.238791553442951 1.175085783217575 -0.08254954083432144 0.3234404599483168 0.5319699052033728 -1.6639807928349362
0.10955956019596139 0.7257683003894242 1.2390079635578743 1.171576990653521 -0.07821041401504332 0.3146401354609966 0.5358767091101588 -1.6560656903143518
0.10324165129990137 0.7241513316549495 1.2392243736727977 1.168068198089467 -0.0738712871957652 0.30583981097367635 0.5397835130169449 -1.6481505877937677
0.09692374240384137 0.7225343629204748 1.2394407837877215 1.164559405525413 -0.0695321603764871 0.29703948648635614 0.543690316923731 -1.6402354852731835
0.09060583350778108 0.720917394186 1.2396571939026448 1.1610506129613585 -0.06519303355720879 0.28823916199903554 0.5475971208305173 -1.632320382752599
0.08428792461172108 0.7193004254515254 1.2398736040175682 1.1575418203973045 -0.060853906737930674 0.2794388375117153 0.5515039247373035 -1.6244052802320148
0.07797001571566106 0.7176834567170507 1.2400900141324918 1.1540330278332505 -0.05651477991865256 0.270638513024395 0.5554107286440896 -1.6164901777114307
0.07165210681960105 0.716066487982576 1.2403064242474153 1.1505242352691964 -0.052175653099374456 0.2618381885370748 0.5593175325508757 -1.6085750751908463
0.06533419792354077 0.7144495192481012 1.2405228343623387 1.1470154427051422 -0.047836526280096145 0.2530378640497542 0.5632243364576619 -1.6006599726702617
0.05901628902748075 0.7128325505136265 1.240739244477262 1.1435066501410882 -0.04349739946081803 0.24423753956243394 0.567131140364448 -1.5927448701496776
0.055080006791473075 0.7106982552348579 1.237696935827157 1.1395162264405057 -0.041024544469905444 0.2364901833948873 0.5712909723292037 -1.5742380892096204
0.05160843219645123 0.7084630181913488 1.234018779613144 1.1354318259327951 -0.038915840079649544 0.2289482844604672 0.5755001756223435 -1.5536646393096665
0.04813685760142939 0.7062277811478399 1.230340623399131 1.1313474254250846 -0.036807135689393644 0.22140638552604708 0.5797093789154835 -1.5330911894097123
0.044665283006407396 0.7039925441043308 1.2266624671851178 1.127263024917374 -0.034698431299137654 0.21386448659162666 0.5839185822086235 -1.5125177395097573
0.04119370841138555 0.7017573070608217 1.2229843109711047 1.1231786244096638 -0.03258972690888176 0.20632258765720657 0.5881277855017634 -1.491944289609803
0.037722133816363704 0.6995220700173127 1.2193061547570916 1.1190942239019535 -0.03048102251862586 0.19878068872278645 0.5923369887949033 -1.4713708397098488
0.03425055922134186 0.6972868329738038 1.2156279985430785 1.115009823394243 -0.02837231812836996 0.19123878978836636 0.5965461920880432 -1.4507973898098947
0.030778984626320015 0.6950515959302948 1.2119498423290656 1.1109254228865324 -0.026263613738114065 0.18369689085394625 0.600755395381183 -1.4302239399099403
0.02730741003129802 0.6928163588867857 1.2082716861150522 1.1068410223788219 -0.024154909347858074 0.17615499191952583 0.6049645986743231 -1.4096504900099855
0.023835835436276175 0.6905811218432767 1.2045935299010393 1.1027566218711113 -0.022046204957602178 0.1686130929851057 0.609173801967463 -1.3890770401100314
0.02036426084125433 0.6883458847997677 1.2009153736870262 1.098672221363401 -0.019937500567346278 0.1610711940506856 0.6133830052606029 -1.3685035902100773
0.016892686246232483 0.6861106477562586 1.1972372174730133 1.0945878208556907 -0.01782879617709038 0.1535292951162655 0.6175922085537429 -1.347930140310123
0.013274699220757413 0.679290077371448 1.194769566670937 1.0907695647409612 -0.011584465704862521 0.14771740425317875 0.6194236498883304 -1.3387897701322868
0.009563984322662217 0.6695654625371465 1.1930685692964214 1.087119866741787 -0.002720905380719389 0.1430011851686036 0.6197491753158348 -1.3368903504451264
0.005853269424567023 0.6598408477028452 1.1913675719219055 1.0834701687426127 0.006142654943423743 0.13828496608402843 0.6200747007433393 -1.3349909307579657
0.0021425545264718276 0.6501162328685438 1.18966657454739 1.0798204707434385 0.015006215267566871 0.13356874699945326 0.6204002261708436 -1.3330915110708055
-0.0015681603716233682 0.6403916180342424 1.187965577172874 1.076170772744264 0.023869775591710003 0.1288525279148781 0.620725751598348 -1.331192091383645
-0.005278875269718724 0.6306670031999406 1.1862645797983582 1.0725210747450897 0.03273333591585352 0.12413630883030276 0.6210512770258525 -1.3292926716964846
-0.008989590167813918 0.6209423883656392 1.1845635824238423 1.068871376745915 0.04159689623999665 0.11942008974572758 0.6213768024533568 -1.3273932520093241
-0.012700305065909114 0.6112177735313378 1.1828625850493268 1.065221678746741 0.05046045656413978 0.11470387066115242 0.6217023278808612 -1.3254938323221637
-0.01641101996400431 0.6014931586970365 1.181161587674811 1.0615719807475665 0.05932401688828292 0.10998765157657726 0.6220278533083656 -1.3235944126350032
-0.020121734862099505 0.591768543862735 1.179460590300295 1.0579222827483923 0.06818757721242605 0.1052714324920021 0.6223533787358699 -1.3216949929478428
-0.023832449760194864 0.5820439290284332 1.1777595929257794 1.0542725847492178 0.07705113753656956 0.10055521340742674 0.6226789041633743 -1.3197955732606823
-0.027543164658290056 0.5723193141941318 1.1760585955512637 1.0506228867500436 0.08591469786071268 0.09583899432285158 0.6230044295908788 -1.3178961535735219
-0.03248397441564872 0.5669755408029067 1.173495951000128 1.0437443698592812 0.09256911687313005 0.09264377402504646 0.6245787116026699 -1.3256021771267055
-0.039367039213949816 0.568548885479697 1.1695728109069605 1.031767717876538 0.09573541802492758 0.09185013075898366 0.6281247145370192 -1.3484746900067495
-0.046250104012251214 0.5701222301564873 1.1656496708137931 1.0197910658937945 0.09890171917672524 0.09105648749292079 0.6316707174713688 -1.3713472028867946
-0.05313316881055232 0.5716955748332776 1.161726530720626 1.0078144139110512 0.10206802032852277 0.09026284422685799 0.6352167204057181 -1.3942197157668383
-0.060016233608853414 0.573268919510068 1.1578033906274585 0.9958377619283081 0.1052343214803203 0.08946920096079515 0.6387627233400675 -1.4170922286468821
-0.06689929840715451 0.5748422641868582 1.153880250534291 0.9838611099455647 0.10840062263211783 0.08867555769473234 0.6423087262744168 -1.439964741526926
-0.07378236320545561 0.5764156088636485 1.149957110441124 0.9718844579628216 0.11156692378391536 0.08788191442866952 0.6458547292087662 -1.46283725440697
-0.08066542800375702 0.577988953540439 1.1460339703479565 0.959907805980078 0.11473322493571303 0.08708827116260667 0.6494007321431157 -1.4857097672870148
-0.0875484928020581 0.5795622982172293 1.142110830254789 0.9479311539973347 0.11789952608751056 0.08629462789654385 0.652946735077465 -1.5085822801670588
-0.09443155760035922 0.5811356428940195 1.138187690161622 0.9359545020145916 0.12106582723930809 0.08550098463048103 0.6564927380118144 -1.5314547930471027
-0.1013146223986603 0.5827089875708099 1.1342645500684545 0.9239778500318484 0.1242321283911056 0.08470734136441821 0.6600387409461638 -1.5543273059271465
-0.10819768719696171 0.5842823322476003 1.130341409975287 0.9120011980491047 0.12739842954290329 0.08391369809835536 0.6635847438805133 -1.5771998188071914
-0.11451261057094334 0.5796269252308058 1.1284703677861416 0.900822718615596 0.13561575589882094 0.08922732579123002 0.6697444468292788 -1.5952236632716081
-0.11791580914528772 0.5430491657843899 1.1371163273551088 0.8937348734969142 0.16971958642585414 0.12584071714865896 0.6892993623519271 -1.5883980821059338
-0.1213190077196321 0.506471406337974 1.145762286924076 0.8866470283782324 0.20382341695288733 0.16245410850608794 0.7088542778745754 -1.5815725009402595
-0.12472220629397648 0.46989364689155816 1.154408246493043 0.8795591832595505 0.23792724747992053 0.1990674998635169 0.7284091933972237 -1.5747469197745851
-0.12812540486832102 0.4333158874451407 1.1630542060620106 0.8724713381408683 0.2720310780069552 0.23568089122094746 0.7479641089198727 -1.5679213386089104
-0.1315286034426654 0.3967381279987248 1.1717001656309778 0.8653834930221864 0.3061349085339884 0.2722942825783764 0.7675190244425211 -1.561095757443236
-0.13493180201700977 0.36016036855230893 1.180346125199945 0.8582956479035045 0.34023873906102153 0.30890767393580537 0.7870739399651694 -1.554270176277562
-0.13833500059135417 0.323582609105893 1.1889920847689122 0.8512078027848227 0.37434256958805473 0.34552106529323434 0.8066288554878176 -1.5474445951118876
-0.14173819916569852 0.28700484965947715 1.1976380443378791 0.8441199576661408 0.408446400115088 0.3821344566506633 0.8261837710104659 -1.5406190139462135
-0.14514139774004306 0.25042709021305964 1.2062840039068468 0.8370321125474586 0.4425502306421226 0.4187478480080939 0.8457386865331151 -1.5337934327805387
-0.14854459631438743 0.21384933076664375 1.214929963475814 0.8299442674287767 0.4766540611691558 0.4553612393655228 0.8652936020557634 -1.5269678516148644
-0.15194779488873184 0.17727157132022786 1.223575923044781 0.8228564223100949 0.510757891696189 0.49197463072295183 0.8848485175784117 -1.52014227044919
-0.1553509934630762 0.14069381187381197 1.232221882613748 0.815768577191413 0.5448617222232223 0.5285880220803807 0.90440343310106 -1.5133166892835157
-0.15833209823795477 0.14691310483277809 1.2176092548422521 0.8111186032456649 0.5327307081515459 0.537793325115183 0.9130800051800241 -1.514100483140348
-0.16128567515634631 0.1559235099051396 1.2014797626789866 0.8066276208981518 0.517584378127779 0.5452111441289432 0.9210471200778776 -1.5153805405856047
-0.16423925207473783 0.16493391497750112 1.1853502705157213 0.8021366385506387 0.5024380481040122 0.5526289631427034 0.9290142349757311 -1.5166605980308614
-0.16719282899312937 0.17394432004986266 1.169220778352456 0.7976456562031256 0.48729171808024524 0.5600467821564636 0.9369813498735846 -1.5179406554761181
-0.17014640591152091 0.18295472512222416 1.1530912861891907 0.7931546738556123 0.4721453880564784 0.5674646011702238 0.9449484647714381 -1.5192207129213748
-0.17309998282991254 0.19196513019458605 1.1369617940259245 0.7886636915080991 0.4569990580327109 0.5748824201839844 0.952915579669292 -1.5205007703666316
-0.17605355974830406 0.20097553526694756 1.1208323018626594 0.784172709160586 0.441852728008944 0.5823002391977445 0.9608826945671455 -1.5217808278118885
-0.1790071366666956 0.2099859403393091 1.1047028096993938 0.7796817268130729 0.4267063979851772 0.5897180582115047 0.9688498094649991 -1.523060885257145
-0.18196071358508714 0.21899634541167062 1.0885733175361285 0.7751907444655597 0.41156006796141026 0.597135877225265 0.9768169243628526 -1.5243409427024017
-0.18491429050347866 0.22800675048403213 1.0724438253728632 0.7706997621180467 0.3964137379376434 0.6045536962390252 0.9847840392607061 -1.5256210001476584
-0.1878678674218703 0.23701715555639402 1.056314333209597 0.7662087797705334 0.3812674079138759 0.6119715152527856 0.99275115415856 -1.5269010575929154
-0.19082144434026183 0.24602756062875553 1.0401848410463317 0.7617177974230203 0.366121077890109 0.6193893342665459 1.0007182690564134 -1.528181115038172
-0.1888849881265659 0.24668558743224198 1.0328225157247655 0.7582251486128533 0.35835640478987374 0.626436269877752 0.9998624558245868 -1.530201663682178
-0.1849925186600349 0.24400266292817818 1.0289670571398795 0.7551318332176248 0.35354439445905134 0.6333348521279366 0.9954774713408877 -1.5325184088056838
-0.18110004919350373 0.24131973842411425 1.0251115985549932 0.7520385178223963 0.34873238412822866 0.6402334343781214 0.9910924868571884 -1.5348351539291898
-0.17720757972697274 0.23863681392005048 1.0212561399701072 0.7489452024271678 0.34392037379740625 0.647132016628306 0.9867075023734893 -1.5371518990526953
-0.17331511026044172 0.23595388941598663 1.017400681385221 0.7458518870319394 0.3391083634665838 0.6540305988784905 0.9823225178897903 -1.5394686441762013
-0.1694226407939107 0.23327096491192284 1.013545222800335 0.7427585716367109 0.33429635313576134 0.660929181128675 0.9779375334060911 -1.541785389299707
-0.16553017132737968 0.23058804040785905 1.009689764215449 0.7396652562414825 0.3294843428049389 0.6678277633788596 0.9735525489223922 -1.5441021344232126
-0.16163770186084853 0.22790511590379514 1.0058343056305625 0.7365719408462539 0.32467233247411625 0.6747263456290444 0.9691675644386929 -1.5464188795467186
-0.1577452323943175 0.22522219139973132 1.0019788470456765 0.7334786254510255 0.3198603221432938 0.6816249278792289 0.9647825799549938 -1.5487356246702246
-0.1538527629277865 0.2225392668956675 0.9981233884607904 0.730385310055797 0.3150483118124714 0.6885235101294136 0.9603975954712948 -1.5510523697937302
-0.1499602934612555 0.2198563423916037 0.9942679298759043 0.7272919946605686 0.31023630148164894 0.6954220923795981 0.9560126109875957 -1.553369114917236
-0.14606782399472432 0.2171734178875398 0.9904124712910181 0.72419867926534 0.3054242911508263 0.7023206746297829 0.9516276265038965 -1.555685860040742
-0.1396677076804807 0.22023790807566432 0.9842394286106125 0.7214923900587508 0.2956728178679156 0.7031287739156256 0.9432642263708833 -1.5607192344122094
-0.13065545923320318 0.22928928856815162 0.9756522358307076 0.719189253131994 0.2807760706765797 0.6975926201136118 0.9307566432698345 -1.5685824309169707
-0.12164321078592567 0.2383406690606389 0.9670650430508027 0.7168861162052373 0.26587932348524385 0.6920564663115982 0.9182490601687858 -1.5764456274217316
-0.11263096233864814 0.2473920495531262 0.9584778502708977 0.7145829792784807 0.250982576293908 0.6865203125095846 0.9057414770677371 -1.5843088239264929
-0.10361871389137024 0.2564434300456139 0.9498906574909923 0.7122798423517238 0.23608582910257148 0.6809841587075707 0.8932338939666878 -1.5921720204312542
-0.09460646544409272 0.2654948105381012 0.9413034647110874 0.7099767054249672 0.22118908191123562 0.675448004905557 0.8807263108656391 -1.600035216936015
-0.08559421699681521 0.27454619103058847 0.9327162719311826 0.7076735684982105 0.20629233471989977 0.6699118511035433 0.8682187277645904 -1.6078984134407763
-0.0765819685495377 0.28359757152307574 0.9241290791512775 0.7053704315714537 0.1913955875285639 0.6643756973015298 0.8557111446635416 -1.6157616099455372
-0.06756972010226017 0.29264895201556307 0.9155418863713727 0.703067294644697 0.176498840337228 0.6588395434995161 0.8432035615624929 -1.6236248064502983
-0.05855747165498226 0.30170033250805073 0.9069546935914673 0.7007641577179402 0.1616020931458915 0.6533033896975022 0.8306959784614436 -1.6314880029550598
-0.04954522320770475 0.310751713000538 0.8983675008115624 0.6984610207911836 0.14670534595455564 0.6477672358954886 0.8181883953603949 -1.6393511994598209
-0.040532974760427234 0.3198030934930253 0.8897803080316574 0.6961578838644269 0.13180859876321976 0.642231082093475 0.8056808122593462 -1.647214395964582
-0.03137929142743772 0.32566420552247094 0.8831126437453616 0.6936091753256792 0.12096424289052657 0.6433761607331837 0.7899887216880125 -1.6526540221681376
-0.021833942257091482 0.3226907279619536 0.8817605968259836 0.690380422322957 0.12134189374638381 0.663023113826896 0.7654779950451184 -1.6513822229222017
-0.01228859308674565 0.3197172504014363 0.8804085499066059 0.6871516693202349 0.12171954460224103 0.6826700669206076 0.7409672684022254 -1.6501104236762656
-0.002743243916399813 0.31674377284091904 0.879056502987228 0.6839229163175128 0.12209719545809827 0.7023170200143193 0.7164565417593323 -1.6488386244303297
0.006802105253946016 0.3137702952804018 0.8777044560678502 0.6806941633147906 0.1224748463139555 0.7219639731080308 0.6919458151164393 -1.6475668251843936
0.016347454424291846 0.31079681771988454 0.8763524091484725 0.6774654103120685 0.12285249716981272 0.7416109262017423 0.6674350884735463 -1.6462950259384577
0.025892803594638095 0.3078233401593672 0.8750003622290945 0.6742366573093462 0.12323014802566996 0.7612578792954547 0.642924361830652 -1.6450232266925215
0.035438152764983924 0.30484986259884994 0.8736483153097166 0.671007904306624 0.1236077988815272 0.7809048323891663 0.6184136351877589 -1.6437514274465856
0.04498350193532975 0.3018763850383327 0.8722962683903389 0.667779151303902 0.12398544973738443 0.800551785482878 0.5939029085448659 -1.6424796282006495
0.05452885110567558 0.29890290747781545 0.8709442214709611 0.6645503983011798 0.12436310059324165 0.8201987385765895 0.5693921819019729 -1.6412078289547134
0.06407420027602143 0.29592942991729815 0.8695921745515832 0.6613216452984577 0.1247407514490989 0.839845691670301 0.5448814552590798 -1.6399360297087775
0.07361954944636767 0.2929559523567808 0.8682401276322054 0.6580928922957354 0.12511840230495613 0.8594926447640135 0.5203707286161857 -1.6386642304628414
0.08275149507756306 0.2892284191315896 0.8678116464446503 0.65468095122498 0.12657049359717362 0.8792288679073395 0.49661991990370236 -1.6375159952656309
0.0821684575387204 0.2677805777865542 0.8890869599549365 0.6469640905554429 0.1532719351438645 0.9010629372166024 0.4907271825558525 -1.6392715152134731
0.08158541999987773 0.24633273644151885 0.9103622734652226 0.6392472298859059 0.17997337669055538 0.9228970065258655 0.48483444520800273 -1.641027035161315
0.08100238246103506 0.22488489509648257 0.9316375869755096 0.6315303692163684 0.20667481823724743 0.9447310758351295 0.47894170786015255 -1.6427825551091568
0.08041934492219238 0.20343705375144722 0.9529129004857957 0.6238135085468313 0.23337625978393828 0.9665651451443925 0.4730489705123027 -1.6445380750569991
0.07983630738334974 0.1819892124064119 0.9741882139960819 0.6160966478772941 0.26007770133062913 0.9883992144536556 0.46715623316445287 -1.646293595004841
0.07925326984450706 0.16054137106137653 0.9954635275063681 0.608379787207757 0.28677914287732004 1.0102332837629187 0.4612634958166031 -1.6480491149526828
0.0786702323056644 0.13909352971634117 1.0167388410166542 0.60066292653822 0.3134805844240109 1.0320673530721818 0.4553707584687532 -1.649804634900525
0.07808719476682172 0.1176456883713049 1.0380141545269412 0.5929460658686825 0.3401820259707029 1.0539014223814456 0.44947802112090307 -1.651560154848367
0.07750415722797906 0.09619784702626955 1.0592894680372273 0.5852292051991453 0.3668834675173938 1.0757354916907087 0.44358528377305323 -1.653315674796209
0.0769211196891364 0.0747500056812342 1.0805647815475135 0.5775123445296082 0.39358490906408466 1.0975695609999718 0.4376925464252034 -1.655071194744051
0.07633808215029372 0.05330216433619886 1.1018400950577998 0.5697954838600712 0.4202863506107755 1.1194036303092347 0.43179980907735355 -1.656826714691893
0.07575504461145105 0.03185432299116258 1.1231154085680868 0.5620786231905337 0.44698779215746753 1.1412376996184987 0.42590707172950343 -1.6585822346397348
0.07892052043088338 0.030481988083577896 1.1246344450873076 0.5565190584335754 0.4473585152723115 1.143274077163135 0.41624871033211036 -1.6610244983513784
0.08292941175592777 0.03362664212441964 1.1217083192835386 0.5514448852569469 0.4418048267399898 1.1408559740607298 0.40574308352356947 -1.6636212794098773
0.08693830308097251 0.03677129616526166 1.1187821934797697 0.5463707120803182 0.4362511382076676 1.1384378709583247 0.3952374567150277 -1.6662180604683763
0.09094719440601692 0.039915950206103404 1.1158560676760008 0.5412965389036898 0.43069744967534584 1.1360197678559196 0.38473182990648686 -1.668814841526875
0.09495608573106132 0.043060604246945154 1.112929941872232 0.5362223657270614 0.42514376114302416 1.1336016647535148 0.37422620309794596 -1.671411622585374
0.09896497705610571 0.046205258287786904 1.1100038160684633 0.531148192550433 0.4195900726107024 1.1311835616511097 0.36372057628940513 -1.674008403643873
0.10297386838115011 0.04934991232862865 1.1070776902646944 0.5260740193738047 0.4140363840783807 1.1287654585487048 0.3532149494808643 -1.6766051847023717
0.1069827597061945 0.05249456636947039 1.1041515644609257 0.5209998461971763 0.408482695546059 1.1263473554462997 0.3427093226723234 -1.6792019657608706
0.1109916510312389 0.055639220410312135 1.1012254386571567 0.5159256730205479 0.40292900701373724 1.1239292523438948 0.33220369586378257 -1.6817987468193696
0.11500054235628329 0.058783874451153885 1.098299312853388 0.5108514998439195 0.3973753184814155 1.1215111492414898 0.3216980690552417 -1.6843955278778684
0.11900943368132769 0.061928528491995635 1.095373187049619 0.5057773266672911 0.3918216299490938 1.1190930461390847 0.31119244224670084 -1.6869923089363672
0.12301832500637243 0.06507318253283766 1.0924470612458501 0.5007031534906623 0.3862679414167716 1.1166749430366796 0.300686815438159 -1.6895890899948665
0.12661704202045782 0.06724562027967583 1.0898369619363504 0.49725160783584144 0.3823153786316562 1.1210080321061466 0.29404345278724375 -1.6953234603515128
0.12993288019939905 0.06874756403064951 1.087444811933243 0.494919115644336 0.37946704049978647 1.1299971157769044 0.290063720589863 -1.7032216853965367
0.1332487183783403 0.0702495077816232 1.0850526619301357 0.4925866234528305 0.3766187023679167 1.1389861994476622 0.28608398839248234 -1.7111199104415604
0.13656455655728153 0.07175145153259688 1.082660511927028 0.49025413126132505 0.373770364236047 1.14797528311842 0.2821042561951016 -1.7190181354865843
0.1398803947362228 0.07325339528357057 1.0802683619239208 0.48792163906981956 0.3709220261041773 1.1569643667891776 0.2781245239977209 -1.7269163605316082
0.14319623291516403 0.07475533903454426 1.0778762119208134 0.4855891468783141 0.36807368797230755 1.1659534504599354 0.27414479180034024 -1.7348145855766322
0.14651207109410527 0.07625728278551794 1.075484061917706 0.4832566546868087 0.36522534984043786 1.1749425341306932 0.27016505960295956 -1.742712810621656
0.1498279092730465 0.07775922653649163 1.0730919119145987 0.4809241624953032 0.36237701170856806 1.1839316178014507 0.2661853274055789 -1.75061103566668
0.15314374745198805 0.07926117028746546 1.070699761911491 0.47859167030379746 0.3595286735766981 1.1929207014722094 0.2622055952081978 -1.7585092607117045
0.15645958563092932 0.08076311403843914 1.0683076119083839 0.476259178112292 0.35668033544482836 1.2019097851429672 0.2582258630108171 -1.7664074857567287
0.15977542380987056 0.08226505778941283 1.0659154619052764 0.4739266859207866 0.35383199731295867 1.2108988688137248 0.2542461308134364 -1.7743057108017524
0.1630912619888118 0.08376700154038652 1.063523311902169 0.4715941937292811 0.3509836591810889 1.2198879524844828 0.2502663986160557 -1.7822039358467763
0.1666221982926998 0.08489878021397801 1.061092841851792 0.47106023122972535 0.3478886013320583 1.226737700825244 0.24707195863344553 -1.779325392761006
0.17052358136732945 0.08539305236541123 1.0585963761644512 0.47362373653297196 0.34436863730347284 1.2299030383198999 0.2452299663540512 -1.757886860116645
0.1744249644419591 0.08588732451684446 1.0560999104771103 0.47618724183621863 0.34084867327488727 1.2330683758145558 0.2433879740746569 -1.7364483274722842
0.17832634751658877 0.08638159666827769 1.0536034447897695 0.4787507471394653 0.33732870924630176 1.2362337133092116 0.24154598179526257 -1.715009794827923
0.18222773059121838 0.0868758688197109 1.0511069791024286 0.4813142524427119 0.33380874521771625 1.2393990508038675 0.23970398951586824 -1.6935712621835621
0.18612911366584806 0.08737014097114414 1.0486105134150876 0.48387775774595854 0.33028878118913074 1.2425643882985236 0.23786199723647397 -1.6721327295392012
0.19003049674047806 0.0878644131225774 1.0461140477277464 0.48644126304920543 0.3267688171605449 1.2457297257931796 0.2360200049570795 -1.6506941968948383
0.19393187981510768 0.08835868527401063 1.0436175820404054 0.4890047683524521 0.3232488531319594 1.248895063287836 0.23417801267768518 -1.6292556642504774
0.19783326288973735 0.08885295742544386 1.0411211163530647 0.4915682736556987 0.3197288891033739 1.2520604007824918 0.23233602039829088 -1.607817131606116
0.201734645964367 0.08934722957687707 1.038624650665724 0.4941317789589454 0.31620892507478837 1.2552257382771477 0.23049402811889658 -1.5863785989617551
0.20563602903899664 0.08984150172831032 1.036128184978383 0.496695284262192 0.31268896104620286 1.2583910757718035 0.22865203583950225 -1.5649400663173942
0.2095374121136263 0.09033577387974354 1.033631719291042 0.4992587895654387 0.30916899701761735 1.2615564132664596 0.22681004356010798 -1.5435015336730333
0.21329576223990437 0.09088441927198973 1.030983946806745 0.5019059033846471 0.30516624493268013 1.2652808818113606 0.2253154973510863 -1.5281602720245664
0.21619591467607274 0.09175930410911384 1.02742833354071 0.5050546682996265 0.2982667645096318 1.2723601366577313 0.22590562756430113 -1.5494026363514748
0.2190960671122411 0.09263418894623798 1.023872720274675 0.5082034332146059 0.29136728408658347 1.2794393915041025 0.226495757777516 -1.5706450006783832
0.2219962195484097 0.09350907378336216 1.0203171070086394 0.5113521981295857 0.2844678036635346 1.286518646350474 0.2270858879907309 -1.5918873650052934
0.22489637198457801 0.09438395862048629 1.0167614937426046 0.514500963044565 0.27756832324048625 1.2935979011968453 0.22767601820394573 -1.6131297293322016
0.22779652442074638 0.0952588434576104 1.0132058804765696 0.5176497279595444 0.2706688428174379 1.3006771560432162 0.22826614841716059 -1.6343720936591102
0.23069667685691475 0.09613372829473453 1.0096502672105345 0.5207984928745238 0.26376936239438964 1.3077564108895874 0.22885627863037544 -1.6556144579860184
0.23359682929308312 0.09700861313185866 1.0060946539444995 0.5239472577895032 0.2568698819713413 1.3148356657359583 0.22944640884359027 -1.6768568223129268
0.23649698172925146 0.09788349796898277 1.0025390406784644 0.5270960227044827 0.24997040154829295 1.3219149205823295 0.23003653905680516 -1.6980991866398352
0.23939713416541983 0.09875838280610688 0.9989834274124294 0.5302447876194621 0.24307092112524464 1.3289941754287005 0.23062666927001998 -1.7193415509667436
0.24229728660158817 0.09963326764323101 0.9954278141463944 0.5333935525344415 0.2361714407021963 1.3360734302750716 0.23121679948323481 -1.740583915293652
0.24519743903775654 0.10050815248035512 0.9918722008803594 0.5365423174494209 0.22927196027914798 1.3431526851214426 0.23180692969644967 -1.7618262796205602
0.24809759147392513 0.10138303731747932 0.9883165876143242 0.5396910823644007 0.22237247985609906 1.3502319399678142 0.23239705990966458 -1.7830686439474703
0.2544170732914942 0.11107773839290971 0.9802540030145235 0.5404171771809767 0.21021241745988972 1.3515504821960413 0.2295497556118507 -1.7862083431821254
0.261040495498521 0.12155642313396714 0.9717907987406105 0.5409279235443614 0.19758474777717736 1.3523569610804334 0.22639690157972328 -1.7877389166308024
0.2676639177055478 0.13203510787502454 0.9633275944666975 0.5414386699077461 0.18495707809446496 1.3531634399648251 0.22324404754759586 -1.7892694900794797
0.27428733991257465 0.14251379261608194 0.9548643901927845 0.5419494162711308 0.17232940841175257 1.3539699188492174 0.22009119351546844 -1.790800063528157
0.2809107621196014 0.15299247735713936 0.9464011859188715 0.5424601626345156 0.1597017387290402 1.3547763977336094 0.216938339483341 -1.7923306369768341
0.28753418432662825 0.16347116209819676 0.9379379816449585 0.5429709089979002 0.1470740690463278 1.3555828766180014 0.21378548545121356 -1.7938612104255114
0.2941576065336551 0.17394984683925419 0.9294747773710454 0.5434816553612849 0.1344463993636154 1.3563893555023934 0.21063263141908614 -1.7953917838741886
0.30078102874068186 0.18442853158031158 0.9210115730971324 0.5439924017246697 0.12181872968090302 1.3571958343867854 0.20747977738695872 -1.7969223573228656
0.30740445094770924 0.19490721632136992 0.9125483688232188 0.5445031480880544 0.10919105999818954 1.3580023132711776 0.204326923354831 -1.7984529307715431
0.31402787315473607 0.2053859010624273 0.9040851645493058 0.5450138944514391 0.09656339031547714 1.3588087921555696 0.20117406932270357 -1.7999835042202201
0.32065129536176284 0.2158645858034847 0.8956219602753928 0.5455246408148238 0.08393572063276475 1.3596152710399616 0.19802121529057615 -1.8015140776688976
0.3272747175687897 0.22634327054454212 0.8871587560014798 0.5460353871782085 0.07130805095005237 1.3604217499243536 0.19486836125844872 -1.8030446511175746
0.3342175162749257 0.23403224214562626 0.8780932861228272 0.5511137165893119 0.06000186420917858 1.3603066215577202 0.1949209186960266 -1.8022991391709082
0.34130121637772753 0.24049045794966328 0.8687621108303191 0.5582071561685265 0.04927868464852771 1.3597849017568107 0.19638762825259215 -1.8005494719027668
0.34838491648052944 0.24694867375370033 0.8594309355378108 0.565300595747741 0.03855550508787684 1.3592631819559013 0.19785433780915773 -1.7987998046346254
0.3554686165833313 0.2534068895577374 0.8500997602453025 0.5723940353269557 0.027832325527225983 1.3587414621549918 0.19932104736572331 -1.7970501373664838
0.36255231668613314 0.25986510536177443 0.8407685849527943 0.5794874749061703 0.017109145966575118 1.3582197423540823 0.20078775692228884 -1.7953004700983426
0.369636016788935 0.2663233211658114 0.8314374096602859 0.5865809144853847 0.006385966405924256 1.357698022553173 0.20225446647885442 -1.7935508028302007
0.3767197168917375 0.272781536969849 0.822106234367777 0.5936743540646 -0.004337213154727543 1.3571763027522634 0.20372117603542012 -1.7918011355620593
0.38380341699453935 0.2792397527738861 0.8127750590752687 0.6007677936438145 -0.015060392715378405 1.356654582951354 0.2051878855919857 -1.7900514682939177
0.3908871170973412 0.2856979685779231 0.8034438837827604 0.6078612332230291 -0.025783572276029267 1.3561328631504446 0.20665459514855128 -1.788301801025776
0.3979708172001431 0.29215618438196017 0.7941127084902522 0.6149546728022437 -0.03650675183668013 1.355611143349535 0.2081213047051168 -1.7865521337576349
0.40505451730294495 0.2986144001859972 0.7847815331977439 0.6220481123814583 -0.04722993139733099 1.3550894235486257 0.2095880142616824 -1.7848024664894933
0.4121382174057468 0.3050726159900342 0.7754503579052356 0.6291415519606729 -0.05795311095798186 1.3545677037477162 0.21105472381824797 -1.7830527992213516
0.4165603621132055 0.313756113659045 0.7673247806774588 0.633045166107106 -0.06617768069805822 1.3533573747733494 0.2162322184811714 -1.7809715130607153
0.41797379202592805 0.3249551473493308 0.7605620534359004 0.6333428906338725 -0.07157773498878912 1.3513686180376825 0.22560451369910872 -1.778515353369433
0.4193872219386506 0.33615418103961653 0.7537993261943421 0.6336406151606391 -0.07697778927952001 1.3493798613020154 0.23497680891704603 -1.7760591936781502
0.4208006518513733 0.3473532147299032 0.747036598952783 0.6339383396874056 -0.08237784357025137 1.3473911045663483 0.24434910413498417 -1.7736030339868676
0.4222140817640958 0.35855224842018896 0.7402738717112245 0.6342360642141722 -0.08777789786098225 1.3454023478306814 0.2537213993529215 -1.7711468742955847
0.42362751167681834 0.36975128211047475 0.7335111444696661 0.6345337887409388 -0.09317795215171315 1.3434135910950145 0.2630936945708588 -1.7686907146043023
0.42504094158954087 0.3809503158007605 0.7267484172281078 0.6348315132677054 -0.09857800644244404 1.3414248343593476 0.27246598978879616 -1.7662345549130194
0.4264543715022634 0.39214934949104624 0.7199856899865493 0.635129237794472 -0.10397806073317492 1.3394360776236807 0.28183828500673347 -1.763778395221737
0.4278678014149859 0.40334838318133204 0.7132229627449909 0.6354269623212385 -0.10937811502390582 1.3374473208880138 0.2912105802246708 -1.761322235530454
0.42928123132770846 0.4145474168716178 0.7064602355034324 0.635724686848005 -0.1147781693146367 1.3354585641523466 0.3005828754426081 -1.7588660758391716
0.43069466124043104 0.4257464505619035 0.6996975082618739 0.6360224113747716 -0.12017822360536759 1.33346980741668 0.3099551706605454 -1.756409916147889
0.4321080911531536 0.4369454842521893 0.6929347810203156 0.636320135901538 -0.12557827789609846 1.331481050681013 0.3193274658784827 -1.7539537564566063
0.43368536507102795 0.4478169876535739 0.6850223546931007 0.6358657109905909 -0.12987247152388182 1.3297710361436954 0.32652925779740055 -1.7480107803936806
0.43576782467145336 0.4576786059975097 0.6735650228517811 0.6330921586466932 -0.1307569281075754 1.328920476717955 0.32703866454433916 -1.7313167871848578
0.4378502842718788 0.46754022434144543 0.6621076910104615 0.6303186063027956 -0.13164138469126896 1.3280699172922148 0.3275480712912777 -1.7146227939760346
0.4399327438723042 0.4774018426853812 0.6506503591691419 0.6275450539588979 -0.13252584127496253 1.3272193578664746 0.3280574780382163 -1.6979288007672118
0.4420152034727296 0.48726346102931695 0.6391930273278223 0.6247715016150002 -0.1334102978586561 1.326368798440734 0.3285668847851549 -1.681234807558389
0.444097663073155 0.4971250793732528 0.6277356954865028 0.6219979492711025 -0.13429475444234967 1.3255182390149938 0.3290762915320935 -1.6645408143495657
0.4461801226735804 0.5069866977171885 0.6162783636451832 0.6192243969272048 -0.13517921102604324 1.3246676795892536 0.32958569827903206 -1.6478468211407429
0.44826258227400584 0.5168483160611242 0.6048210318038636 0.616450844583307 -0.13606366760973682 1.3238171201635134 0.3300951050259706 -1.6311528279319198
0.45034504187443125 0.52670993440506 0.593363699962544 0.6136772922394095 -0.1369481241934304 1.322966560737773 0.3306045117729092 -1.6144588347230968
0.45242750147485683 0.5365715527489966 0.5819063681212235 0.6109037398955115 -0.13783258077712404 1.3221160013120326 0.33111391851984784 -1.5977648415142722
0.45450996107528224 0.5464331710929324 0.570449036279904 0.6081301875516137 -0.1387170373608176 1.3212654418862924 0.3316233252667864 -1.5810708483054494
0.45659242067570766 0.5562947894368682 0.5589917044385844 0.6053566352077161 -0.13960149394451118 1.320414882460552 0.332132732013725 -1.5643768550966266
0.4586534125335892 0.5659160083018984 0.5475994520197812 0.6027160433478767 -0.14033331579572358 1.3196090079907885 0.33273791209077486 -1.548139519605093
0.4596839527493639 0.5639980521794613 0.5393310118817661 0.6064575547228329 -0.1337386704878391 1.32094801140791 0.33794021201316604 -1.5538217545434625
0.46071449296513856 0.5620800960570241 0.531062571743751 0.6101990660977892 -0.12714402517995466 1.3222870148250316 0.34314251193555734 -1.559503989481832
0.4617450331809132 0.5601621399345871 0.522794131605736 0.6139405774727454 -0.12054937987207018 1.323626018242153 0.34834481185794863 -1.5651862244202015
0.46277557339668784 0.5582441838121499 0.5145256914677209 0.6176820888477017 -0.1139547345641857 1.3249650216592748 0.3535471117803399 -1.570868459358571
0.46380611361246254 0.5563262276897127 0.5062572513297059 0.621423600222658 -0.10736008925630121 1.3263040250763962 0.3587494117027311 -1.5765506942969405
0.46483665382823725 0.5544082715672756 0.49798881119169075 0.6251651115976142 -0.10076544394841673 1.327643028493518 0.3639517116251224 -1.58223292923531
0.465867194044012 0.5524903154448383 0.48972037105367494 0.6289066229725708 -0.09417079864053168 1.3289820319106393 0.3691540115475141 -1.58791516417368
0.46689773425978665 0.5505723593224012 0.48145193091565985 0.6326481343475271 -0.0875761533326472 1.330321035327761 0.3743563114699054 -1.5935973991120493
0.4679282744755613 0.5486544031999641 0.4731834907776448 0.6363896457224834 -0.08098150802476273 1.3316600387448827 0.37955861139229663 -1.599279634050419
0.46895881469133593 0.5467364470775269 0.46491505063962973 0.6401311570974396 -0.07438686271687825 1.3329990421620042 0.38476091131468787 -1.6049618689887883
0.46998935490711063 0.5448184909550898 0.45664661050161465 0.643872668472396 -0.06779221740899377 1.3343380455791256 0.38996321123707917 -1.6106441039271577
0.47101989512288533 0.5429005348326527 0.4483781703635996 0.6476141798473523 -0.06119757210110929 1.3356770489962475 0.3951655111594704 -1.6163263388655273
0.4707298251191683 0.5441857548625709 0.4398214917534817 0.6453492345932377 -0.058329094105842805 1.3413041572573228 0.405610168686608 -1.6301668817430006
0.47010113711045326 0.546292302111042 0.4311909058428246 0.6415441722547457 -0.05641604362663241 1.3480307795809507 0.41739902047137317 -1.6460992984510134
0.4694724491017383 0.5483988493595131 0.4225603199321674 0.6377391099162537 -0.05450299314742202 1.3547574019045787 0.4291878722561383 -1.6620317151590263
0.4688437610930232 0.5505053966079844 0.4139297340215096 0.6339340475777614 -0.05258994266821146 1.3614840242282074 0.4409767240409045 -1.6779641318670409
0.46821507308430826 0.5526119438564554 0.40529914811085244 0.6301289852392694 -0.05067689218900106 1.3682106465518356 0.4527655758256697 -1.6938965485750537
0.46758638507559325 0.5547184911049265 0.39666856220019536 0.6263239229007774 -0.04876384170979066 1.3749372688754635 0.46455442761043486 -1.7098289652830667
0.4669576970668783 0.5568250383533977 0.38803797628953823 0.6225188605622854 -0.046850791230580266 1.3816638911990915 0.47634327939519994 -1.7257613819910795
0.4663290090581633 0.5589315856018687 0.37940739037888116 0.6187137982237935 -0.04493774075136987 1.3883905135227195 0.4881321311799651 -1.7416937986990928
0.46570032104944836 0.5610381328503398 0.37077680446822403 0.6149087358853015 -0.04302469027215947 1.3951171358463474 0.4999209829647303 -1.7576262154071054
0.46507163304073335 0.5631446800988109 0.3621462185575669 0.6111036735468096 -0.04111163979294908 1.4018437581699754 0.5117098347494954 -1.7735586321151184
0.4644429450320184 0.565251227347282 0.3535156326469098 0.6072986112083175 -0.03919858931373869 1.4085703804936036 0.5234986865342606 -1.7894910488231315
0.46381425702330337 0.5673577745957531 0.3448850467362527 0.6034935488698256 -0.03728553883452829 1.4152970028172316 0.5352875383190258 -1.8054234655311443
0.4618427157807616 0.5664280087822736 0.33942314710939425 0.6018135469300734 -0.03415117071075954 1.4019443949136239 0.5408349114500508 -1.811690622397805
0.45886403461284986 0.5632210081723311 0.33633776219538597 0.6017273402893764 -0.030100814353572425 1.37353236433959 0.5417011755907694 -1.8107088343834497
0.45588535344493814 0.5600140075623887 0.33325237728137763 0.6016411336486794 -0.02605045799638531 1.3451203337655562 0.542567439731488 -1.809727046369094
0.4529066722770264 0.5568070069524462 0.33016699236736935 0.6015549270079825 -0.022000101639198192 1.3167083031915225 0.5434337038722066 -1.808745258354739
0.44992799110911474 0.5536000063425037 0.327081607453361 0.6014687203672855 -0.017949745282011074 1.2882962726174887 0.5442999680129252 -1.8077634703403835
0.44694930994120297 0.5503930057325612 0.3239962225393527 0.6013825137265887 -0.013899388924823959 1.2598842420434548 0.5451662321536439 -1.806781682326028
0.4439706287732913 0.5471860051226188 0.32091083762534434 0.6012963070858917 -0.00984903256763684 1.2314722114694212 0.5460324962943625 -1.8057998943116726
0.44099194760537963 0.5439790045126763 0.317825452711336 0.6012101004451947 -0.005798676210449723 1.2030601808953874 0.546898760435081 -1.8048181062973172
0.43801326643746785 0.5407720039027338 0.3147400677973277 0.6011238938044978 -0.0017483198532626063 1.1746481503213535 0.5477650245757997 -1.8038363182829618
0.4350345852695559 0.5375650032927911 0.3116546828833191 0.6010376871638008 0.002302036503924864 1.1462361197473172 0.5486312887165183 -1.8028545302686063
0.4320559041016442 0.5343580026828487 0.3085692979693108 0.6009514805231039 0.006352392861111982 1.1178240891732834 0.549497552857237 -1.801872742254251
0.42907722293373246 0.5311510020729062 0.3054839130553025 0.600865273882407 0.010402749218299099 1.0894120585992497 0.5503638169979557 -1.8008909542398956
0.4262270128596784 0.5303923572468909 0.29539169279689864 0.5958882270609412 0.008361052938678067 1.0669966910357513 0.5534228954909455 -1.800338462598943
0.42361863072700345 0.5342423821317973 0.27211013541963264 0.5817048928403812 -0.005148036539640834 1.0558691597273793 0.5606096245293873 -1.8005940582491013
0.4210102485943285 0.5380924070167038 0.24882857804236666 0.5675215586198212 -0.01865712601795974 1.0447416284190072 0.567796353567829 -1.80084965389926
0.41840186646165356 0.5419424319016103 0.22554702066510066 0.5533382243992613 -0.03216621549627864 1.0336140971106351 0.5749830826062708 -1.8011052495494186
0.4157934843289786 0.5457924567865168 0.20226546328783465 0.5391548901787013 -0.04567530497459754 1.022486565802263 0.5821698116447126 -1.801360845199577
0.41318510219630367 0.5496424816714233 0.17898390591056862 0.5249715559581413 -0.05918439445291645 1.011359034493891 0.5893565406831545 -1.8016164408497355
0.41057672006362866 0.5534925065563298 0.15570234853330261 0.5107882217375813 -0.07269348393123536 1.000231503185519 0.5965432697215962 -1.8018720364998941
0.4079683379309535 0.5573425314412366 0.13242079115603458 0.4966048875170201 -0.08620257340955544 0.9891039718771459 0.6037299987600385 -1.8021276321500523
0.40535995579827855 0.5611925563261431 0.10913923377876858 0.4824215532964601 -0.09971166288787434 0.9779764405687739 0.6109167277984804 -1.802383227800211
0.4027515736656036 0.5650425812110496 0.08585767640150259 0.46823821907590013 -0.11322075236619324 0.9668489092604018 0.6181034568369221 -1.8026388234503694
0.40014319153292865 0.568892606095956 0.06257611902423657 0.45405488485534007 -0.12672984184451214 0.9557213779520297 0.6252901858753639 -1.8028944191005278
0.3975348094002537 0.5727426309808625 0.03929456164697056 0.4398715506347802 -0.14023893132283102 0.9445938466436576 0.6324769149138056 -1.8031500147506865
0.3952112902590003 0.5761796558325725 0.017929209265323185 0.4266886098753658 -0.1522935792979215 0.936485123452882 0.6395820377078436 -1.8025641406416923
0.39492928922293563 0.5766568471130393 0.010296659352280097 0.42067515558749724 -0.15392472983320507 0.950011191771555 0.6461023157503206 -1.79594773325877
0.39464728818687095 0.5771340383935063 0.0026641094392370075 0.41466170129962865 -0.1555558803684886 0.963537260090228 0.6526225937927976 -1.7893313258758479
0.3943652871508063 0.5776112296739732 -0.0049684404738060805 0.4086482470117601 -0.15718703090377217 0.9770633284089009 0.6591428718352746 -1.7827149184929252
0.39408328611474164 0.5780884209544401 -0.012600990386849833 0.402634792723891 -0.15881818143905585 0.990589396727575 0.6656631498777523 -1.7760985111100023
0.39380128507867695 0.578565612234907 -0.020233540299892924 0.39662133843602243 -0.16044933197433942 1.0041154650462478 0.6721834279202292 -1.76948210372708
0.39351928404261227 0.5790428035153738 -0.027866090212936005 0.3906078841481539 -0.16208048250962295 1.017641533364921 0.6787037059627062 -1.7628656963441576
0.3932372830065476 0.5795199947958408 -0.03549864012597909 0.38459442986028536 -0.1637116330449065 1.0311676016835938 0.6852239840051833 -1.7562492889612353
0.3929552819704829 0.5799971860763078 -0.04313119003902218 0.37858097557241677 -0.16534278358019008 1.0446936700022666 0.6917442620476603 -1.749632881578313
0.3926732809344182 0.5804743773567747 -0.050763739952065276 0.3725675212845482 -0.16697393411547362 1.0582197383209395 0.6982645400901373 -1.7430164741953906
0.3923912798983536 0.5809515686372416 -0.058396289865108364 0.36655406699667964 -0.1686050846507572 1.0717458066396124 0.7047848181326144 -1.7364000668124684
0.3921092788622889 0.5814287599177086 -0.06602883977815145 0.3605406127088111 -0.17023623518604072 1.0852718749582855 0.7113050961750914 -1.729783659429546
0.39182727782622423 0.5819059511981753 -0.07366138969119454 0.35452715842094257 -0.1718673857213243 1.0987979432769583 0.7178253742175684 -1.7231672520466235
0.39539331044487364 0.5831872023685958 -0.08112864655925174 0.35445850107920723 -0.17207715164684884 1.0915385551524948 0.7177683870274877 -1.7128986844970149
0.399396619615195 0.5845598239810562 -0.08857712012674163 0.3550653888449874 -0.17212539659399156 1.0819171833413104 0.7169639833337068 -1.7022150987466471
0.4033999287855164 0.5859324455935166 -0.09602559369423151 0.35567227661076767 -0.17217364154113432 1.0722958115301262 0.7161595796399258 -1.6915315129962796
0.40740323795583777 0.5873050672059771 -0.1034740672617214 0.35627916437654783 -0.17222188648827708 1.0626744397189416 0.715355175946145 -1.6808479272459118
0.4114065471261591 0.5886776888184375 -0.1109225408292113 0.35688605214232805 -0.1722701314354198 1.0530530679077574 0.7145507722523641 -1.670164341495544
0.41540985629648053 0.5900503104308978 -0.11837101439670118 0.35749293990810826 -0.17231837638256253 1.0434316960965733 0.7137463685585832 -1.6594807557451765
0.41941316546680185 0.5914229320433584 -0.12581948796419107 0.3580998276738885 -0.1723666213297053 1.0338103242853887 0.7129419648648023 -1.6487971699948087
0.42341647463712323 0.5927955536558187 -0.13326796153168097 0.3587067154396687 -0.17241486627684804 1.0241889524742045 0.7121375611710214 -1.638113584244441
0.4274197838074446 0.5941681752682791 -0.14071643509917084 0.3593136032054489 -0.17246311122399077 1.01456758066302 0.7113331574772407 -1.6274299984940732
0.4314230929777664 0.5955407968807397 -0.14816490866666138 0.35992049097122913 -0.17251135617113353 1.004946208851835 0.7105287537834597 -1.6167464127437046
0.4354264021480877 0.5969134184932001 -0.15561338223415125 0.36052737873700935 -0.17255960111827626 0.9953248370406507 0.7097243500896787 -1.606062826993337
0.4394297113184091 0.5982860401056607 -0.16306185580164115 0.36113426650278957 -0.172607846065419 0.9857034652294663 0.708919946395898 -1.5953792412429693
0.4401914790244167 0.5984365924387424 -0.17895875466376615 0.35423143089188996 -0.18751119614224968 0.9831241834819838 0.7086415491008494 -1.5872391401914494
0.43938159026287815 0.5979946263333378 -0.19895185972935064 0.3436875172801759 -0.20961702143347452 0.9839592484320536 0.7086181852112468 -1.5803322438424008
0.4385717015013396 0.5975526602279331 -0.21894496479493508 0.3331436036684618 -0.2317228467246994 0.9847943133821234 0.7085948213216442 -1.5734253474933524
0.4377618127398011 0.5971106941225284 -0.23893806986051958 0.32259969005674777 -0.2538286720159243 0.9856293783321932 0.7085714574320416 -1.566518451144304
0.4369519239782625 0.5966687280171237 -0.25893117492610407 0.3120557764450337 -0.27593449730714914 0.9864644432822629 0.7085480935424391 -1.5596115547952554
0.436142035216724 0.596226761911719 -0.27892427999168856 0.3015118628333196 -0.298040322598374 0.9872995082323328 0.7085247296528365 -1.5527046584462068
0.4353321464551855 0.5957847958063143 -0.29891738505727306 0.2909679492216055 -0.32014614788959883 0.9881345731824026 0.708501365763234 -1.5457977620971586
0.43452225769364683 0.5953428297009096 -0.3189104901228592 0.2804240356098906 -0.3422519731808257 0.9889696381324724 0.7084780018736314 -1.5388908657481093
0.4337123689321083 0.5949008635955049 -0.3389035951884437 0.26988012199817646 -0.3643577984720505 0.9898047030825422 0.7084546379840287 -1.531983969399061
0.43290248017056976 0.5944588974901003 -0.3588967002540282 0.25933620838646243 -0.38646362376327537 0.990639768032612 0.7084312740944262 -1.5250770730500123
0.4320925914090312 0.5940169313846955 -0.3788898053196127 0.24879229477474835 -0.40856944905450027 0.9914748329826818 0.7084079102048235 -1.518170176700964
0.43128270264749263 0.5935749652792908 -0.3988829103851972 0.2382483811630343 -0.4306752743457251 0.9923098979327516 0.708384546315221 -1.5112632803519155
0.4309315563723205 0.5927142146923269 -0.41109406402151333 0.23143696496671412 -0.4426524112213981 0.9900441672252052 0.7069527886954023 -1.5065267477118929
0.43114341223950725 0.5913395013325402 -0.4137546409037262 0.22920634105292337 -0.4421988850416195 0.9839729145742199 0.7037925478612274 -1.5044538432602206
0.43135526810669395 0.5899647879727535 -0.4164152177859391 0.22697571713913264 -0.441745358861841 0.9779016619232346 0.7006323070270523 -1.502380938808548
0.43156712397388064 0.5885900746129669 -0.41907579466815204 0.2247450932253419 -0.4412918326820624 0.9718304092722494 0.6974720661928773 -1.500308034356876
0.4317789798410674 0.5872153612531801 -0.42173637155036514 0.222514469311551 -0.44083830650228384 0.9657591566212635 0.6943118253587021 -1.4982351299052032
0.4319908357082541 0.5858406478933933 -0.424396948432578 0.22028384539776025 -0.4403847803225053 0.9596879039702784 0.6911515845245271 -1.496162225453531
0.4322026915754408 0.5844659345336067 -0.42705752531479096 0.21805322148396952 -0.4399312541427267 0.953616651319293 0.687991343690352 -1.4940893210018587
0.43241454744262753 0.58309122117382 -0.42971810219700385 0.2158225975701788 -0.43947772796294815 0.9475453986683078 0.6848311028561771 -1.4920164165501864
0.4326264033098142 0.5817165078140333 -0.43237867907921673 0.21359197365638805 -0.4390242017831696 0.9414741460173225 0.681670862022002 -1.4899435120985138
0.4328382591770009 0.5803417944542466 -0.43503925596142967 0.21136134974259732 -0.4385706756033911 0.9354028933663373 0.678510621187827 -1.4878706076468415
0.43305011504418767 0.5789670810944598 -0.43769983284364256 0.2091307258288066 -0.43811714942361246 0.929331640715352 0.675350380353652 -1.485797703195169
0.43326197091137436 0.5775923677346732 -0.44036040972585544 0.20690010191501587 -0.4376636232438339 0.9232603880643667 0.672190139519477 -1.4837247987434967
0.43893568814354333 0.575981346057272 -0.4416584854317851 0.20585267971284826 -0.43426560934587743 0.9292195121311511 0.6621396537846076 -1.475142182805406
0.4634776537274775 0.5735539865553836 -0.43824973889237073 0.20889268160538038 -0.42069572878511996 0.9767381194047937 0.6282865038473286 -1.444071472641496
0.48801961931140964 0.5711266270534955 -0.4348409923529566 0.21193268349791222 -0.4071258482243636 1.0242567266784324 0.5944333539100527 -1.4130007624775889
0.5125615848953416 0.5686992675516074 -0.43143224581354256 0.2149726853904441 -0.39355596766360723 1.071775333952071 0.5605802039727766 -1.3819300523136813
0.5371035504792738 0.5662719080497192 -0.42802349927412847 0.21801268728297596 -0.3799860871028509 1.1192939412257092 0.5267270540355006 -1.350859342149774
0.5616455160632059 0.5638445485478311 -0.4246147527347144 0.2210526891755078 -0.36641620654209456 1.166812548499348 0.49287390409822457 -1.3197886319858667
0.586187481647138 0.561417189045943 -0.4212060061953003 0.22409269106803967 -0.35284632598133825 1.2143311557729866 0.45902075416094856 -1.2887179218219595
0.61072944723107 0.5589898295440549 -0.4177972596558862 0.22713269296057154 -0.3392764454205819 1.2618497630466252 0.4251676042236725 -1.2576472116580522
0.6352714128150021 0.5565624700421667 -0.41438851311647207 0.23017269485310338 -0.3257065648598255 1.3093683703202637 0.39131445428639655 -1.226576501494145
0.6598133783989343 0.5541351105402785 -0.41097976657705804 0.23321269674563525 -0.3121366842990692 1.3568869775939023 0.3574613043491205 -1.1955057913302376
0.6843553439828683 0.5517077510383903 -0.40757102003764367 0.23625269863816736 -0.2985668037383117 1.404405584867545 0.32360815441184154 -1.1644350811663275
0.7088973095668005 0.5492803915365021 -0.4041622734982296 0.23929270053069923 -0.2849969231775554 1.4519241921411834 0.2897550044745655 -1.1333643710024202
0.7334392751507326 0.546853032034614 -0.4007535269588155 0.24233270242323107 -0.271427042616799 1.499442799414822 0.2559018545372895 -1.102293660838513
