0.13185162126837813 0.4595516478982329 3.807870003497781 4.371291474226103 6.829193734313149 0.00823906466626441
0.13000288496001536 0.45056772292411007 3.7899967029999644 4.374697903544499 6.826524294148334 0.011103902518028248
0.1281541486516526 0.44158379794998726 3.772123402502148 4.378104332862896 6.823854853983519 0.013968740369792084
0.12630541234328982 0.43259987297586444 3.7542501020043315 4.381510762181292 6.821185413818705 0.01683357822155592
0.12445667603492706 0.4236159480017417 3.7363768015065153 4.384917191499689 6.81851597365389 0.019698416073319756
0.12260793972656432 0.4146320230276189 3.718503501008699 4.388323620818085 6.815846533489076 0.022563253925083595
0.12075920341820154 0.40564809805349605 3.700630200510882 4.391730050136481 6.813177093324261 0.02542809177684743
0.11891046710983877 0.3966641730793733 3.6827569000130658 4.395136479454878 6.810507653159447 0.02829292962861127
0.11706173080147601 0.3876802481052505 3.6648835995152496 4.398542908773274 6.807838212994632 0.031157767480375104
0.11521299449311326 0.3786963231311277 3.647010299017433 4.40194933809167 6.805168772829817 0.03402260533213894
0.11336425818475049 0.3697123981570049 3.6291369985196167 4.405355767410066 6.802499332665002 0.03688744318390278
0.11151552187638772 0.3607284731828821 3.6112636980218 4.408762196728463 6.799829892500188 0.039752281035666616
0.10966678556802496 0.3517445482087593 3.593390397523984 4.41216862604686 6.7971604523353735 0.04261711888743045
0.11165993591923515 0.3427855239025849 3.582282541510867 4.413555865912563 6.808709616117517 0.04348814660180831
0.1147652113561112 0.3338337076845009 3.573133103638058 4.414358603568276 6.824374691568517 0.043782018750100744
0.11787048679298728 0.32488189146641683 3.5639836657652495 4.415161341223989 6.840039767019518 0.04407589089839319
0.12097576222986334 0.3159300752483328 3.5548342278924405 4.415964078879702 6.855704842470518 0.044369763046685634
0.12408103766673939 0.3069782590302487 3.5456847900196315 4.416766816535414 6.871369917921518 0.04466363519497807
0.12718631310361544 0.29802644281216467 3.5365353521468235 4.417569554191127 6.887034993372518 0.0449575073432705
0.1302915885404915 0.2890746265940806 3.5273859142740145 4.41837229184684 6.902700068823519 0.04525137949156295
0.13339686397736755 0.2801228103759966 3.5182364764012055 4.419175029502553 6.918365144274519 0.045545251639855386
0.13650213941424363 0.27117099415791257 3.509087038528397 4.419977767158266 6.9340302197255195 0.04583912378814783
0.1396074148511197 0.2622191779398285 3.4999376006555885 4.42078050481398 6.94969529517652 0.04613299593644027
0.14271269028799574 0.25326736172174447 3.4907881627827795 4.421583242469692 6.96536037062752 0.04642686808473271
0.1458179657248718 0.24431554550366041 3.481638724909971 4.422385980125405 6.981025446078521 0.04672074023302515
0.14304177488965836 0.24118298470777566 3.4732890228573363 4.423515209983452 6.982006158415099 0.0452298199949611
0.13547327820311275 0.24279203944109037 3.465590957398918 4.424910470524883 6.971021834139927 0.04228462447912509
0.1279047815165671 0.2444010941744051 3.4578928919405008 4.4263057310663125 6.960037509864756 0.03933942896328906
0.1203362848300215 0.24601014890771977 3.4501948264820825 4.427700991607743 6.949053185589584 0.03639423344745306
0.11276778814347588 0.24761920364103449 3.4424967610236643 4.429096252149173 6.938068861314411 0.03344903793161705
0.10519929145693023 0.24922825837434917 3.434798695565246 4.430491512690605 6.9270845370392395 0.030503842415781024
0.0976307947703846 0.2508373131076639 3.4271006301068283 4.4318867732320335 6.916100212764068 0.027558646899945007
0.090062298083839 0.25244636784097857 3.4194025646484105 4.433282033773464 6.905115888488895 0.024613451384109006
0.08249380139729337 0.25405542257429325 3.4117044991899927 4.434677294314895 6.8941315642137235 0.02166825586827299
0.07492530471074772 0.255664477307608 3.404006433731574 4.436072554856326 6.883147239938552 0.018723060352436968
0.06735680802420208 0.2572735320409227 3.3963083682731563 4.437467815397755 6.872162915663379 0.01577786483660095
0.05978831133765648 0.25888258677423737 3.388610302814738 4.438863075939186 6.8611785913882075 0.01283266932076495
0.059430394905246625 0.25936684965425116 3.3732469780975953 4.439203860985341 6.864697705107524 0.01147168391178889
0.07394430024699192 0.2575312293368318 3.342074056159333 4.437369790322492 6.898130159690473 0.01337813184821152
0.08845820558873713 0.25569560901941246 3.310901134221071 4.435535719659642 6.931562614273423 0.01528457978463414
0.10297211093048242 0.2538599887019931 3.2797282122828086 4.433701648996792 6.964995068856373 0.01719102772105677
0.11748601627222773 0.25202436838457376 3.2485552903445463 4.431867578333944 6.9984275234393225 0.0190974756574794
0.131999921613973 0.2501887480671544 3.217382368406284 4.430033507671094 7.031859978022272 0.02100392359390203
0.14651382695571824 0.24835312774973506 3.1862094464680215 4.428199437008244 7.065292432605221 0.02291037153032465
0.1610277322974635 0.2465175074323157 3.1550365245297587 4.426365366345395 7.098724887188171 0.02481681946674728
0.17554163763920883 0.24468188711489636 3.123863602591496 4.424531295682545 7.132157341771121 0.026723267403169913
0.19005554298095412 0.242846266797477 3.0926906806532335 4.4226972250196965 7.16558979635407 0.02862971533959254
0.2045694483226993 0.24101064648005766 3.061517758714971 4.420863154356846 7.19902225093702 0.03053616327601516
0.21908335366444462 0.23917502616263833 3.0303448367767087 4.419029083693997 7.232454705519969 0.03244261121243779
0.23100982988336605 0.2369527741796675 3.0006894810573175 4.417200164853985 7.258796959712441 0.03404706203757534
0.22016692982143696 0.23132816353984345 2.9843887080639875 4.415416582054948 7.222745450468714 0.03299393828340415
0.20932402975950784 0.22570355290001942 2.9680879350706575 4.413632999255911 7.186693941224986 0.03194081452923296
0.19848112969757872 0.2200789422601954 2.951787162077328 4.411849416456874 7.150642431981259 0.030887690775061767
0.18763822963564963 0.21445433162037136 2.9354863890839984 4.4100658336578356 7.1145909227375315 0.029834567020890573
0.17679532957372052 0.2088297209805473 2.919185616090669 4.408282250858798 7.078539413493804 0.02878144326671938
0.1659524295117914 0.20320511034072325 2.902884843097339 4.406498668059761 7.042487904250077 0.027728319512548193
0.15510952944986242 0.1975804997008993 2.8865840701040093 4.404715085260723 7.006436395006349 0.026675195758377006
0.1442666293879333 0.19195588906107525 2.8702832971106798 4.402931502461686 6.970384885762622 0.025622072004205815
0.1334237293260042 0.18633127842125122 2.85398252411735 4.401147919662648 6.934333376518894 0.024568948250034625
0.1225808292640751 0.1807066677814272 2.83768175112402 4.399364336863611 6.898281867275166 0.02351582449586343
0.11173792920214598 0.17508205714160313 2.8213809781306907 4.397580754064574 6.862230358031439 0.02246270074169224
0.10089502914021688 0.1694574465017791 2.8050802051373607 4.395797171265537 6.826178848787711 0.021409576987521044
0.13093145522926433 0.18008367206566353 2.7981335280916317 4.3978913409038425 6.844701729656373 0.039828488700012016
0.1666719733393779 0.19297745616960013 2.7924920737362653 4.400526592277591 6.870839641703508 0.06096442861715329
0.2024124914494918 0.2058712402735369 2.786850619380899 4.403161843651339 6.896977553750643 0.08210036853429477
0.23815300955960572 0.21876502437747367 2.7812091650255324 4.405797095025088 6.923115465797778 0.10323630845143626
0.27389352766971964 0.2316588084814104 2.775567710670166 4.408432346398836 6.949253377844913 0.12437224836857776
0.30963404577983356 0.24455259258534717 2.7699262563147995 4.411067597772585 6.975391289892048 0.14550818828571926
0.3453745638899475 0.25744637668928394 2.764284801959433 4.4137028491463335 7.001529201939183 0.16664412820286073
0.3811150820000614 0.2703401607932207 2.7586433476040666 4.416338100520083 7.027667113986318 0.18778006812000225
0.41685560011017536 0.2832339448971574 2.7530018932487 4.418973351893831 7.053805026033454 0.20891600803714372
0.4525961182202889 0.2961277290010941 2.7473604388933337 4.421608603267579 7.079942938080588 0.230051947954285
0.4883366363304028 0.30902151310503084 2.7417189845379677 4.424243854641328 7.106080850127724 0.2511878878714265
0.5240771544405167 0.3219152972089676 2.736077530182601 4.426879106015076 7.132218762174859 0.27232382778856795
0.5249484243655486 0.3175066731620215 2.7291332092050484 4.424794584855718 7.148343972386328 0.2671465456327559
0.5072954061922552 0.3039061447849188 2.721496740334459 4.420202684538145 7.159149934747597 0.24799036425068716
0.4896423880189618 0.2903056164078161 2.71386027146387 4.415610784220573 7.169955897108867 0.22883418286861837
0.4719893698456684 0.2767050880307134 2.706223802593281 4.411018883903001 7.180761859470136 0.20967800148654958
0.45433635167237524 0.2631045596536109 2.698587333722692 4.406426983585428 7.191567821831407 0.19052182010448102
0.43668333349908184 0.24950403127650816 2.6909508648521028 4.401835083267856 7.202373784192677 0.1713656387224122
0.4190303153257885 0.23590350289940548 2.6833143959815136 4.397243182950284 7.213179746553947 0.15220945734034344
0.40137729715249515 0.2223029745223028 2.6756779271109243 4.392651282632711 7.223985708915217 0.13305327595827465
0.38372427897920175 0.20870244614520006 2.6680414582403356 4.388059382315139 7.234791671276486 0.11389709457620587
0.36607126080590835 0.19510191776809738 2.660404989369746 4.383467481997566 7.245597633637756 0.09474091319413706
0.348418242632615 0.1815013893909947 2.652768520499157 4.378875581679994 7.256403595999026 0.07558473181206828
0.3307652244593218 0.16790086101389212 2.645132051628568 4.374283681362421 7.267209558360296 0.056428550429999697
0.3416211487137528 0.1600933400866124 2.6432719455308904 4.374211821715591 7.273203209012855 0.05021473436918584
0.3904889962051508 0.16000982909243033 2.649113656463762 4.380166682963086 7.2727804440537955 0.06125740540337911
0.43935684369654887 0.15992631809824823 2.654955367396633 4.386121544210579 7.272357679094738 0.07230007643757239
0.48822469118794687 0.15984280710406612 2.6607970783295043 4.392076405458074 7.271934914135681 0.08334274747176565
0.5370925386793449 0.15975929610988404 2.6666387892623753 4.398031266705567 7.271512149176623 0.09438541850595894
0.585960386170743 0.15967578511570193 2.6724805001952463 4.403986127953061 7.271089384217564 0.1054280895401522
0.6348282336621409 0.15959227412151983 2.6783222111281177 4.409940989200555 7.270666619258506 0.11647076057434548
0.6836960811535383 0.15950876312733775 2.684163922060989 4.415895850448049 7.270243854299448 0.12751343160853862
0.7325639286449364 0.15942525213315561 2.69000563299386 4.4218507116955434 7.269821089340391 0.13855610264273188
0.7814317761363344 0.15934174113897354 2.695847343926731 4.427805572943037 7.269398324381333 0.14959877367692515
0.8302996236277325 0.15925823014479143 2.701689054859602 4.433760434190531 7.268975559422275 0.16064144471111844
0.8791674711191304 0.15917471915060932 2.707530765792474 4.439715295438025 7.268552794463217 0.1716841157453117
0.9044857877133218 0.16330498740194904 2.7080948730263525 4.443539206337439 7.273633978699599 0.17762124580954272
0.837960933808402 0.1838689947108253 2.6880763258341602 4.439052410879341 7.300180564798195 0.1636467660909199
0.7714360799034837 0.2044330020197011 2.6680577786419684 4.434565615421242 7.326727150896792 0.1496722863722974
0.704911225998564 0.22499700932857736 2.6480392314497765 4.4300788199631445 7.353273736995389 0.13569780665367462
0.6383863720936457 0.24556101663745317 2.6280206842575846 4.425592024505046 7.379820323093986 0.12172332693505211
0.571861518188726 0.2661250239463294 2.608002137065392 4.421105229046948 7.406366909192582 0.10774884721642929
0.5053366642838077 0.28668903125520523 2.5879835898732004 4.41661843358885 7.432913495291178 0.0937743674978068
0.43881181037888944 0.30725303856408104 2.5679650426810086 4.412131638130752 7.459460081389775 0.07979988777918429
0.3722869564739697 0.3278170458729573 2.5479464954888162 4.407644842672654 7.486006667488372 0.06582540806056147
0.30576210256905145 0.3483810531818331 2.5279279482966244 4.403158047214555 7.512553253586969 0.051850928341938975
0.2392372486641317 0.36894506049070935 2.507909401104432 4.398671251756458 7.539099839685566 0.03787644862331617
0.17271239475921346 0.38950906779958516 2.48789085391224 4.394184456298359 7.565646425784161 0.023901968904693663
0.10618754085429372 0.4100730751084614 2.467872306720048 4.389697660840261 7.592193011882759 0.009927489186070854
0.1889861342794749 0.3946794759502896 2.4568637936256525 4.390728234448499 7.597653743627445 0.014592392253064215
0.2748956328573657 0.3785367599907212 2.446042989574961 4.391873753245617 7.60267518673976 0.0196456157947578
0.3608051314352583 0.36239404403115255 2.4352221855242697 4.3930192720427375 7.607696629852074 0.0246988393364515
0.44671463001314904 0.34625132807158415 2.424401381473578 4.394164790839857 7.612718072964388 0.029752062878145084
0.5326241285910417 0.3301086121120154 2.4135805774228865 4.395310309636976 7.617739516076703 0.03480528641983878
0.6185336271689323 0.3139658961524471 2.4027597733721953 4.396455828434095 7.6227609591890175 0.03985850996153237
0.704443125746825 0.2978231801928783 2.391938969321503 4.397601347231214 7.627782402301332 0.04491173350322607
0.7903526243247158 0.28168046423330995 2.381118165270812 4.3987468660283335 7.632803845413646 0.04996495704491965
0.8762621229026065 0.26553774827374155 2.3702973612201204 4.399892384825453 7.63782528852596 0.055018180586613244
0.9621716214804992 0.24939503231417282 2.3594765571694287 4.401037903622573 7.642846731638274 0.060071404128306936
1.0480811200583897 0.23325231635460442 2.3486557531187375 4.402183422419692 7.647868174750589 0.06512462767000052
1.1339906186362825 0.21710960039503566 2.337834949068046 4.403328941216811 7.652889617862903 0.07017785121169422
1.0896100785969876 0.20168309839406184 2.330161933164504 4.399261668346422 7.661147388906793 0.07475742072354817
1.002973309816981 0.18648888200128053 2.3235098215249015 4.393503760340623 7.670454779820382 0.07918337271221097
0.9163365410369766 0.1712946656084995 2.3168577098852996 4.387745852334825 7.679762170733971 0.08360932470087368
0.8296997722569722 0.15610044921571853 2.3102055982456977 4.381987944329026 7.68906956164756 0.0880352766895364
0.7430630034769659 0.14090623282293718 2.303553486606096 4.3762300363232285 7.69837695256115 0.0924612286781992
0.6564262346969615 0.12571201643015617 2.296901374966494 4.37047212831743 7.707684343474739 0.0968871806668619
0.569789465916955 0.11051780003737485 2.290249263326892 4.364714220311631 7.716991734388328 0.10131313265552472
0.48315269713695064 0.09532358364459385 2.2835971516872897 4.358956312305833 7.726299125301917 0.10573908464418741
0.3965159283569443 0.08012936725181251 2.276945040047688 4.353198404300034 7.7356065162155065 0.11016503663285022
0.3098791595769399 0.06493515085903151 2.270292928408086 4.347440496294237 7.744913907129096 0.11459098862151293
0.22324239079693547 0.04974093446625051 2.263640816768484 4.341682588288438 7.754221298042685 0.11901694061017563
0.13660562201692913 0.03454671807346918 2.256988705128882 4.335924680282639 7.763528688956274 0.12344289259883845
0.09993562392337027 0.028097068744674346 2.251513710034328 4.3362798538510825 7.766535360037977 0.13162568191853388
0.10746699989859175 0.02938299797248294 2.247080010345008 4.342042753427506 7.763968317422242 0.1431318273387586
0.11499837587381306 0.030668927200291504 2.2426463106556884 4.34780565300393 7.761401274806505 0.15463797275898306
0.12252975184903453 0.0319548564281001 2.2382126109663685 4.353568552580355 7.758834232190769 0.16614411817920777
0.13006112782425583 0.033240785655908656 2.2337789112770485 4.359331452156779 7.756267189575032 0.17765026359943226
0.13759250379947732 0.03452671488371725 2.229345211587729 4.365094351733203 7.7537001469592965 0.189156409019657
0.14512387977469862 0.035812644111525814 2.224911511898409 4.370857251309626 7.751133104343561 0.20066255443988146
0.15265525574991995 0.037098573339334376 2.220477812209089 4.376620150886051 7.748566061727824 0.21216869986010595
0.16018663172514142 0.038384502567142965 2.2160441125197696 4.382383050462475 7.745999019112088 0.2236748452803307
0.16771800770036274 0.039670431794951534 2.2116104128304497 4.3881459500389 7.7434319764963515 0.23518099070055515
0.1752493836755842 0.040956361022760124 2.2071767131411297 4.393908849615324 7.740864933880616 0.24668713612077986
0.18278075965080554 0.042242290250568686 2.2027430134518102 4.399671749191747 7.73829789126488 0.25819328154100435
0.1888067825937423 0.04969465726789647 2.199148515488832 4.404774334642136 7.739188120004659 0.2646057041066037
0.1914206719968337 0.07112428327480061 2.1974562081055624 4.408380208073511 7.747914830483605 0.25947235486838577
0.19403456139992514 0.09255390928170475 2.195763900722293 4.4119860815048835 7.756641540962552 0.25433900563016776
0.1966484508030166 0.11398353528860936 2.1940715933390234 4.415591954936258 7.765368251441498 0.24920565639194972
0.199262340206108 0.13541316129551348 2.1923792859557536 4.419197828367632 7.7740949619204445 0.24407230715373177
0.2018762296091995 0.15684278730241807 2.190686978572484 4.422803701799006 7.7828216723993915 0.23893895791551367
0.2044901190122909 0.1782724133093222 2.188994671189214 4.42640957523038 7.7915483828783385 0.23380560867729572
0.20710400841538235 0.19970203931622682 2.1873023638059443 4.430015448661754 7.8002750933572855 0.22867225943907765
0.20971789781847378 0.22113166532313094 2.1856100564226746 4.433621322093128 7.809001803836232 0.2235389102008597
0.21233178722156518 0.24256129133003507 2.183917749039405 4.4372271955245015 7.817728514315178 0.21840556096264174
0.21494567662465663 0.2639909173369397 2.182225441656135 4.440833068955875 7.826455224794126 0.21327221172442368
0.21755956602774806 0.2854205433438438 2.1805331342728653 4.44443894238725 7.835181935273072 0.2081388624862057
0.21902563916545253 0.3038792903845105 2.1785142626057565 4.448349359193237 7.844673514156169 0.20258843991781925
0.20757877931755322 0.28891564905500067 2.1728215427454565 4.455685888963633 7.862769862585961 0.19234594238503872
0.19613191946965366 0.27395200772549044 2.1671288228851564 4.46302241873403 7.8808662110157535 0.18210344485225796
0.18468505962175435 0.25898836639598066 2.1614361030248563 4.470358948504426 7.898962559445545 0.1718609473194774
0.17323819977385502 0.24402472506647077 2.1557433831645563 4.477695478274822 7.917058907875338 0.16161844978669687
0.16179133992595549 0.2290610837369606 2.150050663304256 4.485032008045219 7.93515525630513 0.1513759522539161
0.15034448007805618 0.21409744240745074 2.144357943443956 4.492368537815615 7.953251604734922 0.14113345472113556
0.1388976202301566 0.1991338010779406 2.138665223583656 4.499705067586012 7.971347953164715 0.1308909571883548
0.12745076038225728 0.1841701597484307 2.132972503723356 4.507041597356407 7.9894443015945065 0.12064845965557425
0.11600390053435772 0.16920651841892054 2.127279783863056 4.514378127126804 8.0075406500243 0.1104059621227935
0.10455704068645841 0.15424287708941067 2.121587064002756 4.5217146568972 8.025636998454091 0.10016346459001295
0.0931101808385591 0.13927923575990084 2.115894344142456 4.529051186667596 8.043733346883883 0.0899209670572324
0.08166332099065952 0.12431559443039067 2.1102016242821557 4.536387716437993 8.061829695313676 0.07967846952445164
0.09118710052510715 0.11468023163131451 2.1009335100371995 4.544749906661333 8.049308537536195 0.07741115085354641
0.1042059866232797 0.10593291525397718 2.0910694967281342 4.553283040293496 8.031684462057502 0.07647302865962047
0.11722487272145199 0.09718559887664004 2.081205483419069 4.56181617392566 8.014060386578809 0.07553490646569452
0.13024375881962455 0.0884382824993027 2.0713414701100032 4.570349307557825 7.9964363111001155 0.07459678427176858
0.14326264491779683 0.07969096612196556 2.061477456800938 4.578882441189988 7.978812235621423 0.07365866207784263
0.1562815310159694 0.07094364974462823 2.0516134434918722 4.587415574822153 7.961188160142729 0.07272053988391669
0.16930041711414168 0.06219633336729109 2.0417494301828074 4.5959487084543165 7.943564084664038 0.07178241768999075
0.18231930321231393 0.053449016989953954 2.0318854168737417 4.60448184208648 7.925940009185345 0.07084429549606482
0.19533818931048652 0.04470170061261662 2.0220214035646764 4.613014975718644 7.9083159337066515 0.06990617330213886
0.2083570754086588 0.03595438423527948 2.012157390255611 4.621548109350808 7.890691858227958 0.06896805110821293
0.22137596150683134 0.02720706785794215 2.002293376946546 4.630081242982972 7.873067782749266 0.06802992891428697
0.23439484760500362 0.018459751480605004 1.9924293636374804 4.638614376615136 7.855443707270572 0.06709180672036104
0.23641301147302773 0.024531967633926816 1.9874086528593078 4.643383430894654 7.860773503684013 0.06329282829649378
0.23204365920741724 0.039209073643760244 1.985200182260363 4.645966890711346 7.879431354744498 0.05783270754556391
0.22767430694180674 0.05388617965359367 1.9829917116614186 4.648550350528037 7.898089205804983 0.05237258679463404
0.22330495467619615 0.06856328566342743 1.980783241062474 4.651133810344728 7.91674705686547 0.04691246604370405
0.21893560241058568 0.08324039167326085 1.9785747704635295 4.65371727016142 7.935404907925955 0.041452345292774175
0.21456625014497505 0.0979174976830946 1.9763662998645848 4.656300729978112 7.95406275898644 0.035992224541844184
0.21019689787936457 0.11259460369292802 1.9741578292656403 4.658884189794803 7.972720610046926 0.030532103790914315
0.205827545613754 0.12727170970276178 1.9719493586666959 4.661467649611494 7.991378461107412 0.025071983039984327
0.2014581933481435 0.1419488157125952 1.9697408880677512 4.664051109428186 8.010036312167898 0.019611862289054455
0.197088841082533 0.15662592172242862 1.967532417468807 4.666634569244877 8.028694163228383 0.014151741538124585
0.1927194888169224 0.1713030277322624 1.965323946869862 4.669218029061568 8.047352014288869 0.008691620787194595
0.18835013655131191 0.1859801337420958 1.9631154762709178 4.671801488878261 8.066009865349354 0.003231500036264724
0.19016421241245407 0.19096281062762155 1.957840907284109 4.670327085508648 8.076140470955238 0.01353137242743207
0.20094425905738877 0.1818885652828996 1.9481204956348968 4.6629687805188915 8.07390657065195 0.04668323487464367
0.21172430570232303 0.17281431993817803 1.9384000839856848 4.655610475529136 8.07167267034866 0.07983509732185383
0.2225043523472573 0.16374007459345646 1.9286796723364728 4.648252170539381 8.069438770045371 0.11298695976906398
0.23328439899219153 0.1546658292487349 1.9189592606872607 4.640893865549626 8.067204869742081 0.14613882221627414
0.24406444563712576 0.14559158390401333 1.909238849038049 4.633535560559871 8.064970969438793 0.1792906846634843
0.2548444922820605 0.13651733855929138 1.8995184373888367 4.626177255570115 8.062737069135503 0.2124425471106959
0.2656245389269947 0.12744309321456984 1.8897980257396247 4.618818950580359 8.060503168832215 0.24559440955790604
0.276404585571929 0.11836884786984828 1.880077614090413 4.611460645590604 8.058269268528925 0.2787462720051162
0.28718463221686324 0.10929460252512671 1.870357202441201 4.604102340600849 8.056035368225636 0.31189813445232634
0.2979646788617979 0.10022035718040476 1.8606367907919885 4.596744035611093 8.053801467922346 0.34504999689953797
0.3087447255067322 0.09114611183568319 1.8509163791427767 4.589385730621338 8.051567567619058 0.3782018593467481
0.31850093314481653 0.08555086312123725 1.8426617820805284 4.5840110625059465 8.053231065209852 0.3997365831843495
0.32370674519690135 0.09541782165246115 1.8409219165158963 4.587452558276616 8.072216331218797 0.3696395798681328
0.32891255724898616 0.10528478018368506 1.8391820509512642 4.590894054047285 8.091201597227743 0.33954257655191605
0.3341183693010712 0.11515173871490941 1.837442185386632 4.594335549817955 8.110186863236688 0.30944557323569793
0.339324181353156 0.12501869724613332 1.835702319822 4.597777045588624 8.129172129245632 0.2793485699194812
0.3445299934052408 0.13488565577735723 1.8339624542573678 4.6012185413592945 8.148157395254577 0.24925156660326442
0.34973580545732563 0.14475261430858116 1.8322225886927357 4.604660037129964 8.167142661263522 0.21915456328704766
0.35494161750941045 0.15461957283980504 1.8304827231281038 4.608101532900633 8.186127927272466 0.1890575599708309
0.3601474295614955 0.1644865313710294 1.8287428575634717 4.611543028671303 8.205113193281413 0.15896055665461284
0.3653532416135803 0.1743534899022533 1.8270029919988398 4.614984524441972 8.224098459290357 0.12886355333839608
0.37055905366566505 0.1842204484334772 1.8252631264342076 4.618426020212642 8.243083725299302 0.09876655002217931
0.3757648657177499 0.19408740696470111 1.8235232608695753 4.621867515983312 8.262068991308247 0.06866954670596256
0.3809706777698349 0.20395436549592544 1.8217833953049432 4.6253090117539815 8.28105425731719 0.03857254338974449
0.4050722473462917 0.205609702857048 1.821373997969431 4.634534694302111 8.277795614445386 0.03540055978491433
0.4299778917110194 0.20691560953008117 1.8210212163032429 4.644006512457794 8.273590422259506 0.033374321699717324
0.45488353607574716 0.20822151620311438 1.8206684346370547 4.653478330613475 8.269385230073624 0.03134808361452033
0.47978918044047486 0.20952742287614756 1.8203156529708666 4.662950148769157 8.265180037887744 0.029321845529323334
0.5046948248052037 0.21083332954918083 1.8199628713046785 4.672421966924839 8.260974845701861 0.027295607444126246
0.5296004691699314 0.21213923622221403 1.8196100896384904 4.681893785080521 8.256769653515981 0.025269369358929247
0.5545061135346592 0.21344514289524724 1.8192573079723022 4.691365603236203 8.2525644613301 0.02324313127373225
0.5794117578993868 0.21475104956828045 1.818904526306114 4.700837421391885 8.24835926914422 0.02121689318853525
0.6043174022641145 0.21605695624131366 1.818551744639926 4.710309239547566 8.244154076958338 0.019190655103338252
0.6292230466288433 0.21736286291434692 1.8181989629737378 4.7197810577032495 8.239948884772456 0.017164417018141163
0.6541286909935711 0.2186687695873801 1.8178461813075497 4.729252875858931 8.235743692586576 0.015138178932944167
0.6790343353582988 0.2199746762604133 1.8174933996413618 4.738724694014613 8.231538500400696 0.013111940847747168
0.7406770124832772 0.2254033755062995 1.8172654946283338 4.7412890520231885 8.240944340532497 0.016319228630532628
0.8155858403272398 0.2323208609590497 1.8170826839622802 4.741359049423088 8.255265275667908 0.021416400754534368
0.8904946681711989 0.23923834641179959 1.8168998732962267 4.741429046822988 8.269586210803318 0.02651357287853589
0.9654034960151581 0.24615583186454948 1.8167170626301734 4.741499044222888 8.283907145938727 0.03161074500253741
1.0403123238591174 0.2530733173172994 1.8165342519641199 4.741569041622787 8.298228081074136 0.03670791712653893
1.1152211517030766 0.25999080277004927 1.8163514412980666 4.741639039022687 8.312549016209548 0.04180508925054045
1.1901299795470388 0.2669082882227995 1.816168630632013 4.741709036422586 8.326869951344957 0.046902261374542197
1.2650388073909982 0.2738257736755494 1.8159858199659595 4.7417790338224854 8.341190886480367 0.05199943349854371
1.3399476352349573 0.2807432591282993 1.815803009299906 4.741849031222385 8.355511821615778 0.05709660562254524
1.4148564630789164 0.2876607445810492 1.8156201986338525 4.741919028622284 8.369832756751187 0.062193777746546754
1.489765290922879 0.29457823003379935 1.8154373879677992 4.741989026022184 8.384153691886597 0.0672909498705485
1.5646741187668383 0.3014957154865493 1.8152545773017459 4.742059023422083 8.398474627022008 0.07238812199455001
1.6136841971677054 0.30566180448964286 1.8083345266144852 4.733006271152944 8.442080728437306 0.07236659808999457
1.637831476103204 0.3071865529010664 1.7949467255068656 4.715195679201527 8.513800589481294 0.0674311259980244
1.6619787550387024 0.3087113013124899 1.7815589243992462 4.69738508725011 8.585520450525284 0.06249565390605421
1.6861260339742021 0.3102360497239135 1.768171123291626 4.679574495298692 8.657240311569275 0.05756018181408381
1.7102733129097007 0.311760798135337 1.7547833221840068 4.661763903347276 8.728960172613267 0.05262470972211363
1.7344205918451991 0.31328554654676055 1.7413955210763872 4.643953311395858 8.800680033657255 0.047689237630143454
1.7585678707806975 0.3148102949581841 1.7280077199687678 4.6261427194444416 8.872399894701244 0.04275376553817326
1.7827151497161962 0.3163350433696076 1.7146199188611484 4.608332127493025 8.944119755745234 0.037818293446203084
1.8068624286516959 0.3178597917810312 1.7012321177535283 4.5905215355416065 9.015839616789226 0.032882821354232684
1.8310097075871943 0.3193845401924547 1.6878443166459087 4.57271094359019 9.087559477833215 0.027947349262262507
1.855156986522693 0.32090928860387824 1.6744565155382893 4.554900351638773 9.159279338877205 0.023011877170292325
1.8793042654581915 0.3224340370153017 1.66106871443067 4.5370897596873565 9.230999199921195 0.018076405078322144
1.9105799036168785 0.32402591343010634 1.651605113775484 4.524373653867719 9.282552975907757 0.014627823888544318
1.9596764398335318 0.3257856098533634 1.651952014251383 4.524393763377531 9.283691539250746 0.014896469954247914
2.008772976050185 0.3275453062766204 1.6522989147272824 4.524413872887343 9.284830102593734 0.015165116019951509
2.057869512266838 0.3293050026998774 1.6526458152031815 4.524433982397155 9.285968665936723 0.015433762085655105
2.1069660484834913 0.3310646991231344 1.6529927156790807 4.524454091906967 9.28710722927971 0.0157024081513587
2.1560625847001464 0.33282439554639154 1.6533396161549798 4.524474201416779 9.2882457926227 0.015971054217062308
2.2051591209167998 0.33458409196964856 1.653686516630879 4.524494310926591 9.289384355965687 0.016239700282765904
2.254255657133453 0.3363437883929056 1.6540334171067783 4.524514420436403 9.290522919308675 0.016508346348469496
2.3033521933501064 0.33810348481616254 1.6543803175826777 4.524534529946215 9.291661482651664 0.016776992414173093
2.3524487295667598 0.3398631812394196 1.6547272180585768 4.524554639456027 9.292800045994653 0.01704563847987669
2.401545265783415 0.3416228776626767 1.655074118534476 4.524574748965839 9.29393860933764 0.017314284545580295
2.450641802000068 0.34338257408593365 1.655421019010375 4.524594858475651 9.29507717268063 0.017582930611283888
2.4979842980840368 0.34535319502456857 1.6558752741941614 4.524535824905355 9.29608829042395 0.018251869487051126
2.518431512133501 0.3505579918656655 1.6579756348988843 4.523263264106726 9.295145242305711 0.025058631450462526
2.5388787261829657 0.35576278870676264 1.660075995603607 4.521990703308097 9.294202194187475 0.03186539341387422
2.5593259402324295 0.36096758554785957 1.6621763563083298 4.520718142509468 9.293259146069236 0.03867215537728562
2.579773154281894 0.36617238238895644 1.6642767170130526 4.519445581710838 9.292316097950998 0.04547891734069701
2.6002203683313576 0.37137717923005337 1.6663770777177755 4.51817302091221 9.29137304983276 0.052285679304108414
2.620667582380822 0.3765819760711503 1.6684774384224983 4.51690046011358 9.29043000171452 0.059092441267519814
2.641114796430287 0.3817867729122474 1.670577799127221 4.515627899314951 9.289486953596283 0.0658992032309315
2.661562010479751 0.38699156975334437 1.672678159831944 4.514355338516322 9.288543905478045 0.0727059651943429
2.6820092245292146 0.39219636659444124 1.6747785205366665 4.513082777717693 9.287600857359806 0.0795127271577543
2.702456438578679 0.39740116343553816 1.6768788812413895 4.511810216919064 9.286657809241568 0.0863194891211657
2.722903652628144 0.4026059602766353 1.6789792419461125 4.510537656120435 9.28571476112333 0.09312625108457741
2.743350866677608 0.4078107571177322 1.6810796026508352 4.509265095321805 9.284771713005092 0.0999330130479888
2.7546581749646557 0.4095115351603099 1.6846858553450819 4.50892142563607 9.273413597531816 0.10980961244975457
2.7641820870053784 0.4105286022178107 1.6885859406226507 4.5087590029967535 9.260023273794145 0.12028520452241875
2.7737059990461015 0.41154566927531144 1.6924860259002192 4.508596580357437 9.246632950056473 0.13076079659508294
2.7832299110868246 0.41256273633281226 1.6963861111777883 4.50843415771812 9.2332426263188 0.14123638866774757
2.792753823127547 0.413579803390313 1.7002861964553566 4.508271735078802 9.219852302581128 0.15171198074041176
2.80227773516827 0.4145968704478138 1.7041862817329254 4.508109312439485 9.206461978843455 0.16218757281307594
2.811801647208993 0.4156139375053146 1.7080863670104938 4.507946889800169 9.193071655105783 0.17266316488574013
2.8213255592497157 0.4166310045628153 1.7119864522880623 4.507784467160852 9.179681331368112 0.18313875695840431
2.8308494712904384 0.41764807162031614 1.7158865375656311 4.5076220445215345 9.166291007630438 0.19361434903106894
2.8403733833311615 0.41866513867781696 1.7197866228432 4.5074596218822185 9.152900683892767 0.20408994110373316
2.849897295371884 0.41968220573531767 1.7236867081207683 4.507297199242902 9.139510360155095 0.21456553317639734
2.859421207412607 0.4206992727928185 1.727586793398337 4.507134776603584 9.126120036417422 0.22504112524906153
2.8639440404312833 0.43605940384940783 1.729484395380941 4.506552428173927 9.1006124985321 0.2326593677690132
2.865299523402663 0.4605034754387526 1.7301137579433998 4.50570412674372 9.067430725019936 0.23846795557224632
2.866655006374043 0.4849475470280974 1.730743120505859 4.504855825313514 9.03424895150777 0.24427654337547944
2.8680104893454224 0.5093916186174422 1.7313724830683177 4.504007523883306 9.001067177995605 0.25008513117871256
2.8693659723168015 0.533835690206787 1.7320018456307769 4.5031592224531 8.96788540448344 0.2558937189819457
2.8707214552881815 0.5582797617961328 1.732631208193236 4.502310921022893 8.934703630971274 0.26170230678517903
2.872076938259561 0.5827238333854776 1.7332605707556952 4.501462619592686 8.901521857459109 0.26751089458841215
2.8734324212309406 0.6071679049748224 1.7338899333181543 4.500614318162479 8.868340083946944 0.2733194823916453
2.87478790420232 0.6316119765641672 1.7345192958806135 4.499766016732273 8.835158310434778 0.2791280701948784
2.8761433871736997 0.656056048153512 1.7351486584430724 4.498917715302066 8.801976536922613 0.2849366579981115
2.8774988701450797 0.6805001197428578 1.7357780210055314 4.498069413871859 8.768794763410446 0.29074524580134486
2.878854353116459 0.7049441913322027 1.7364073835679903 4.497221112441652 8.73561298989828 0.296553833604578
2.8783375517411662 0.7287232624195934 1.7404609587396067 4.496285821606415 8.712971751141888 0.29093114000309706
2.8748645119237577 0.7514523327144249 1.7499211853993664 4.495213179079025 8.706973461999873 0.2672590547099614
2.8713914721063496 0.7741814030092573 1.7593814120591262 4.494140536551636 8.700975172857856 0.24358696941682478
2.867918432288941 0.7969104733040889 1.768841638718886 4.493067894024246 8.69497688371584 0.21991488412368915
2.8644453924715334 0.8196395435989206 1.7783018653786453 4.491995251496856 8.688978594573825 0.1962427988305535
2.860972352654125 0.8423686138937521 1.7877620920384047 4.490922608969466 8.682980305431808 0.17257071353741785
2.8574993128367168 0.8650976841885837 1.7972223186981644 4.489849966442076 8.676982016289795 0.14889862824428224
2.8540262730193087 0.8878267544834162 1.8066825453579243 4.488777323914687 8.670983727147778 0.12522654295114555
2.8505532332019 0.9105558247782478 1.816142772017684 4.487704681387298 8.664985438005763 0.10155445765800993
2.847080193384492 0.9332848950730793 1.8256029986774436 4.4866320388599075 8.658987148863748 0.07788237236487427
2.843607153567084 0.956013965367911 1.835063225337203 4.485559396332517 8.65298885972173 0.05421028707173864
2.8401341137496754 0.9787430356627433 1.8445234519969629 4.484486753805127 8.646990570579716 0.030538201778601975
2.8335649122646416 1.0014687084427427 1.8562689927409568 4.484653525017569 8.629794848590638 0.012085408659472694
2.811127882233025 1.0241769689592266 1.8797267681666519 4.491172291646644 8.555212283260364 0.02038148793212583
2.788690852201408 1.0468852294757105 1.9031845435923467 4.49769105827572 8.48062971793009 0.028677567204778973
2.7662538221697917 1.0695934899921944 1.9266423190180415 4.504209824904795 8.406047152599816 0.03697364647743211
2.743816792138174 1.0923017505086792 1.9501000944437377 4.510728591533871 8.33146458726954 0.045269725750085615
2.721379762106557 1.1150100110251633 1.9735578698694327 4.517247358162946 8.256882021939266 0.05356580502273875
2.698942732074941 1.137718271541647 1.9970156452951275 4.523766124792021 8.182299456608993 0.06186188429539189
2.676505702043324 1.160426532058131 2.0204734207208226 4.530284891421097 8.10771689127872 0.07015796356804503
2.6540686720117077 1.1831347925746147 2.0439311961465174 4.536803658050172 8.033134325948446 0.07845404284069817
2.63163164198009 1.2058430530910997 2.0673889715722136 4.543322424679247 7.958551760618168 0.08675012211335166
2.6091946119484732 1.2285513136075836 2.0908467469979084 4.549841191308323 7.883969195287895 0.09504620138600481
2.5867575819168565 1.2512595741240675 2.1143045224236037 4.556359957937398 7.80938662995762 0.10334228065865796
2.56432055188524 1.2739678346405514 2.1377622978492985 4.562878724566473 7.734804064627347 0.11163835993131109
2.551566211424445 1.2433365075057938 2.1322112595760587 4.559335168266416 7.7218932897163715 0.10694155500770995
2.5394433507182685 1.2092265116111724 2.12476834214854 4.5551353735144575 7.713004588093612 0.10139738807130946
2.5273204900120927 1.175116515716551 2.1173254247210216 4.550935578762499 7.704115886470853 0.09585322113490899
2.515197629305917 1.1410065198219297 2.1098825072935026 4.546735784010541 7.695227184848095 0.09030905419850851
2.5030747685997405 1.1068965239273083 2.102439589865984 4.5425359892585835 7.686338483225336 0.08476488726210803
2.4909519078935642 1.0727865280326854 2.094996672438465 4.538336194506624 7.677449781602577 0.07922072032570732
2.4788290471873884 1.0386765321380642 2.0875537550109464 4.534136399754667 7.668561079979819 0.07367655338930684
2.466706186481212 1.0045665362434428 2.080110837583428 4.529936605002709 7.65967237835706 0.06813238645290637
2.4545833257750362 0.9704565403488215 2.0726679201559093 4.525736810250749 7.6507836767343 0.06258821951650588
2.4424604650688604 0.9363465444542001 2.0652250027283907 4.521537015498792 7.6418949751115415 0.057044052580105406
2.430337604362684 0.9022365485595774 2.0577820853008717 4.517337220746834 7.633006273488783 0.05149988564370469
2.4182147436565082 0.868126552664956 2.050339167873353 4.513137425994875 7.624117571866024 0.04595571870730421
2.410076297535622 0.8572554853394788 2.0503515423312195 4.507272581943139 7.619128958309275 0.048449118843310546
2.403531617248853 0.8556799894416598 2.05334603354324 4.5007417181714935 7.615700379978932 0.05415754580827981
2.396986936962083 0.8541044935438408 2.056340524755261 4.494210854399846 7.612271801648587 0.059865972773249315
2.3904422566753136 0.8525289976460217 2.059335015967282 4.4876799906282 7.608843223318244 0.06557439973821858
2.383897576388544 0.8509535017482028 2.0623295071793026 4.481149126856553 7.605414644987899 0.07128282670318783
2.377352896101775 0.8493780058503839 2.0653239983913236 4.474618263084906 7.601986066657555 0.0769912536681571
2.3708082158150052 0.847802509952565 2.068318489603344 4.46808739931326 7.598557488327211 0.08269968063312635
2.3642635355282353 0.8462270140547459 2.071312980815365 4.461556535541614 7.595128909996868 0.08840810759809588
2.3577188552414663 0.844651518156927 2.0743074720273857 4.455025671769967 7.591700331666523 0.09411653456306514
2.351174174954697 0.843076022259108 2.0773019632394063 4.44849480799832 7.58827175333618 0.0998249615280344
2.3446294946679274 0.841500526361289 2.0802964544514273 4.441963944226673 7.584843175005836 0.10553338849300366
2.3380848143811575 0.8399250304634701 2.0832909456634483 4.435433080455027 7.581414596675491 0.11124181545797317
2.330343410824133 0.8185847112164562 2.097402946073094 4.434157141605023 7.5782365687335815 0.10958048407719762
2.3213554205272584 0.7766560343140311 2.1230956852302656 4.438355082881729 7.575319530779624 0.1002423210862713
2.312367430230384 0.734727357411606 2.1487884243874373 4.4425530241584354 7.572402492825667 0.09090415809534498
2.3033794399335097 0.692798680509181 2.174481163544609 4.446750965435142 7.569485454871708 0.08156599510441867
2.2943914496366347 0.6508700036067541 2.2001739027017817 4.450948906711849 7.56656841691775 0.07222783211349194
2.2854034593397605 0.608941326704329 2.2258666418589534 4.455146847988555 7.563651378963792 0.06288966912256563
2.2764154690428855 0.567012649801904 2.251559381016125 4.459344789265262 7.560734341009835 0.053551506131639316
2.2674274787460114 0.525083972899479 2.277252120173297 4.463542730541969 7.557817303055876 0.044213343140713
2.2584394884491372 0.48315529599705387 2.3029448593304687 4.467740671818675 7.554900265101919 0.03487518014978668
2.249451498152262 0.441226619094627 2.3286375984876413 4.471938613095382 7.551983227147961 0.025537017158859962
2.240463507855388 0.39929794219220194 2.354330337644813 4.476136554372088 7.5490661891940025 0.016198854167933645
2.2314755175585135 0.35736926528977686 2.3800230768019848 4.480334495648795 7.546149151240045 0.006860691177007329
2.213643597699258 0.3274628987246115 2.4022387970129078 4.482891358075557 7.543080068361962 0.0006396773437668207
2.171320795974942 0.33084908386263134 2.414825849372679 4.480903694456317 7.539589938001686 0.003050768870272868
2.128997994250628 0.33423526900065104 2.42741290173245 4.478916030837078 7.536099807641411 0.00546186039677881
2.0866751925263136 0.33762145413867073 2.439999954092221 4.476928367217838 7.532609677281135 0.007872951923284754
2.0443523908019996 0.3410076392766904 2.452587006451992 4.474940703598598 7.5291195469208585 0.010284043449790696
2.0020295890776856 0.3443938244147101 2.4651740588117628 4.472953039979359 7.525629416560584 0.012695134976296638
1.9597067873533698 0.34778000955273003 2.4777611111715343 4.47096537636012 7.522139286200307 0.015106226502802685
1.9173839856290555 0.35116619469074967 2.4903481635313054 4.46897771274088 7.518649155840032 0.01751731802930863
1.8750611839047415 0.35455237982876936 2.5029352158910765 4.466990049121641 7.515159025479757 0.01992840955581457
1.8327383821804273 0.35793856496678905 2.515522268250847 4.465002385502402 7.51166889511948 0.022339501082320513
1.7904155804561133 0.3613247501048088 2.528109320610618 4.4630147218831615 7.508178764759204 0.024750592608826456
1.7480927787317972 0.3647109352428286 2.5406963729703897 4.461027058263922 7.50468863439893 0.027161684135332504
1.7065957563516965 0.37054225183139106 2.552855399974708 4.458572219998915 7.501449755115705 0.029552323471661476
1.6845045485606127 0.43383415750772325 2.554955831125891 4.445138777558381 7.50411527614321 0.03146233633883147
1.6624133407695292 0.49712606318405544 2.557056262277073 4.431705335117846 7.506780797170714 0.033372349206001475
1.6403221329784445 0.5604179688603904 2.559156693428256 4.4182718926773115 7.5094463181982185 0.03528236207317156
1.6182309251873606 0.6237098745367227 2.5612571245794387 4.404838450236777 7.512111839225723 0.03719237494034156
1.596139717396277 0.6870017802130548 2.5633575557306214 4.3914050077962425 7.514777360253227 0.03910238780751156
1.5740485096051933 0.750293685889387 2.5654579868818033 4.377971565355708 7.517442881280731 0.041012400674681565
1.5519573018141095 0.8135855915657193 2.567558418032986 4.364538122915173 7.520108402308236 0.04292241354185156
1.529866094023025 0.8768774972420542 2.5696588491841688 4.351104680474638 7.52277392333574 0.044832426409021645
1.5077748862319411 0.9401694029183865 2.5717592803353515 4.337671238034103 7.525439444363245 0.04674243927619165
1.4856836784408576 1.0034613085947186 2.573859711486534 4.324237795593568 7.528104965390748 0.04865245214336165
1.4635924706497738 1.066753214271051 2.5759601426377166 4.310804353153034 7.530770486418253 0.050562465010531646
1.4415012628586892 1.1300451199473858 2.578060573788899 4.297370910712498 7.533436007445757 0.052472477877701734
1.4327235111282748 1.1527543518528889 2.585134662306657 4.2945360832118995 7.53682546623392 0.049514014345119706
1.4269412870115106 1.166332482159956 2.5933278237318955 4.294085944072786 7.540377811018232 0.045460143622593284
1.4211590628947457 1.1799106124670247 2.601520985157134 4.293635804933672 7.543930155802544 0.04140627290006651
1.4153768387779815 1.193488742774092 2.6097141465823723 4.293185665794558 7.547482500586854 0.03735240217754009
1.4095946146612173 1.2070668730811591 2.6179073080076103 4.292735526655445 7.551034845371166 0.033298531455013665
1.403812390544453 1.2206450033882266 2.6261004694328483 4.292285387516332 7.554587190155477 0.029244660732487243
1.3980301664276888 1.234223133695294 2.634293630858086 4.291835248377218 7.558139534939789 0.025190790009960825
1.3922479423109246 1.2478012640023612 2.642486792283324 4.291385109238105 7.5616918797240995 0.021136919287434407
1.3864657181941602 1.2613793943094285 2.6506799537085626 4.2909349700989905 7.565244224508412 0.01708304856490798
1.380683494077396 1.274957524616496 2.658873115133801 4.290484830959877 7.568796569292722 0.013029177842381562
1.3749012699606316 1.2885356549235631 2.6670662765590385 4.290034691820764 7.572348914077034 0.008975307119855142
1.3691190458438671 1.3021137852306317 2.6752594379842773 4.289584552681649 7.575901258861347 0.0049214363973283685
1.358237597373703 1.306881315111363 2.679958066548945 4.29089747753298 7.579989640644973 0.005741675236329786
1.3438394424529188 1.305572568836001 2.6822466724511504 4.293426308584618 7.5844477031177835 0.009923368945350132
1.3294412875321346 1.3042638225606389 2.6845352783533567 4.295955139636254 7.588905765590594 0.014105062654370478
1.3150431326113503 1.302955076285277 2.6868238842555616 4.29848397068789 7.593363828063405 0.018286756363390822
1.3006449776905662 1.301646330009915 2.6891124901577674 4.301012801739527 7.597821890536215 0.02246845007241117
1.2862468227697819 1.300337583734553 2.6914010960599732 4.3035416327911635 7.602279953009026 0.026650143781431514
1.2718486678489977 1.2990288374591912 2.693689701962178 4.306070463842801 7.606738015481836 0.03083183749045186
1.2574505129282134 1.297720091183829 2.695978307864384 4.308599294894437 7.611196077954647 0.0350135311994722
1.243052358007428 1.296411344908467 2.69826691376659 4.311128125946074 7.615654140427457 0.039195224908492914
1.2286542030866436 1.2951025986331048 2.7005555196687956 4.313656956997711 7.620112202900268 0.043376918617513256
1.2142560481658593 1.293793852357743 2.702844125571001 4.3161857880493475 7.6245702653730785 0.047558612326533606
1.1998578932450752 1.292485106082381 2.7051327314732063 4.318714619100985 7.629028327845888 0.05174030603555395
1.1888296584931815 1.2866295356227127 2.7074575472412135 4.319612655817093 7.630168770372543 0.05275156750772899
1.1836051751432661 1.2729433235122944 2.7098447244447685 4.317702102288681 7.62559553410304 0.04830264012755912
1.1783806917933508 1.259257111401876 2.7122319016483236 4.315791548760269 7.621022297833536 0.04385371274738925
1.1731562084434355 1.2455708992914576 2.7146190788518783 4.313880995231857 7.6164490615640315 0.039404785367219385
1.1679317250935204 1.2318846871810392 2.7170062560554333 4.311970441703445 7.611875825294529 0.03495585798704952
1.162707241743605 1.218198475070621 2.719393433258988 4.310059888175033 7.607302589025025 0.03050693060687965
1.157482758393689 1.2045122629602014 2.7217806104625435 4.30814933464662 7.602729352755521 0.026058003226709394
1.1522582750437738 1.190826050849783 2.724167787666098 4.306238781118209 7.598156116486018 0.021609075846539524
1.1470337916938587 1.1771398387393646 2.726554964869653 4.304328227589797 7.593582880216514 0.017160148466369658
1.1418093083439433 1.1634536266289464 2.7289421420732083 4.302417674061385 7.58900964394701 0.012711221086199789
1.136584824994028 1.1497674145185282 2.7313293192767625 4.300507120532973 7.584436407677508 0.00826229370602992
1.1313603416441127 1.1360812024081097 2.7337164964803176 4.2985965670045605 7.579863171408004 0.0038133663258600524
1.1258741859178125 1.1208294981833102 2.736704916887259 4.2964184883254 7.5760782124125745 0.0002937996701340479
1.118817995933203 1.0961848412722217 2.743300796514521 4.292635258741746 7.5770229170615995 0.0023503973610729187
1.1117618059485934 1.0715401843611332 2.749896676141784 4.288852029158091 7.577967621710624 0.004406995052011789
1.1047056159639834 1.0468955274500424 2.7564925557690465 4.285068799574438 7.578912326359648 0.0064635927429508395
1.0976494259793739 1.0222508705389537 2.763088435396309 4.281285569990784 7.579857031008673 0.008520190433889711
1.0905932359947643 0.9976062136278652 2.7696843150235715 4.27750234040713 7.580801735657696 0.010576788124828582
1.0835370460101548 0.9729615567167766 2.7762801946508335 4.2737191108234756 7.581746440306721 0.012633385815767452
1.0764808560255452 0.9483168998056881 2.7828760742780956 4.269935881239822 7.582691144955746 0.014689983506706323
1.0694246660409357 0.9236722428945994 2.789471953905358 4.266152651656168 7.58363584960477 0.016746581197645195
1.0623684760563261 0.8990275859835108 2.7960678335326206 4.262369422072514 7.584580554253794 0.018803178888584064
1.0553122860717166 0.8743829290724223 2.8026637131598826 4.258586192488861 7.585525258902818 0.020859776579522937
1.0482560960871072 0.8497382721613338 2.8092595927871447 4.254802962905207 7.586469963551842 0.022916374270461806
1.041199906102497 0.8250936152502429 2.8158554724144076 4.251019733321552 7.587414668200866 0.024972971961400855
1.0371543649679371 0.7951766251502765 2.8250812102178484 4.259163663316647 7.593002881608816 0.024315519637326394
1.0333764370644927 0.7647909832112988 2.8345407131925047 4.2683677852742985 7.5990038513508935 0.02341681842302859
1.0295985091610484 0.734405341272321 2.8440002161671614 4.277571907231949 7.60500482109297 0.02251811720873079
1.025820581257604 0.7040196993333433 2.8534597191418176 4.2867760291896 7.611005790835046 0.02161941599443299
1.0220426533541596 0.6736340573943655 2.8629192221164743 4.29598015114725 7.617006760577122 0.020720714780135187
1.0182647254507153 0.6432484154553879 2.8723787250911306 4.305184273104901 7.623007730319199 0.019822013565837387
1.014486797547271 0.6128627735164102 2.881838228065787 4.314388395062551 7.629008700061275 0.018923312351539587
1.0107088696438264 0.5824771315774324 2.8912977310404435 4.323592517020202 7.6350096698033525 0.018024611137241783
1.0069309417403818 0.5520914896384521 2.9007572340151007 4.332796638977853 7.64101063954543 0.017125909922943904
1.0031530138369373 0.5217058476994744 2.9102167369897574 4.342000760935504 7.647011609287506 0.016227208708646104
0.999375085933493 0.4913202057604966 2.9196762399644136 4.351204882893154 7.653012579029583 0.015328507494348302
0.9955971580300486 0.46093456382151893 2.92913574293907 4.360409004850805 7.659013548771659 0.0144298062800505
0.9958392733882641 0.43966716401945716 2.9339711056639763 4.36968485960907 7.657849841728056 0.014462734576627383
0.9978549372442707 0.42242251810132914 2.9367664065139922 4.378992361191134 7.653525247867242 0.014906675892707817
0.9998706011002771 0.4051778721832011 2.9395617073640086 4.388299862773199 7.649200654006428 0.015350617208788251
1.0018862649562839 0.3879332262650731 2.942357008214025 4.397607364355263 7.644876060145615 0.015794558524868687
1.0039019288122903 0.3706885803469451 2.9451523090640412 4.406914865937328 7.640551466284801 0.01623849984094912
1.0059175926682968 0.35344393442881705 2.947947609914057 4.416222367519392 7.636226872423987 0.016682441157029555
1.0079332565243035 0.33619928851068753 2.9507429107640735 4.4255298691014575 7.631902278563173 0.017126382473110026
1.0099489203803103 0.31895464259255946 2.95353821161409 4.434837370683522 7.627577684702359 0.017570323789190462
1.011964584236317 0.30170999667443144 2.9563335124641057 4.4441448722655865 7.623253090841544 0.018014265105270894
1.0139802480923232 0.2844653507563034 2.9591288133141225 4.453452373847651 7.618928496980731 0.01845820642135133
1.01599591194833 0.2672207048381754 2.9619241141641384 4.462759875429715 7.614603903119916 0.018902147737431763
1.0180115758043364 0.24997605892004737 2.9647194150141543 4.47206737701178 7.610279309259103 0.0193460890535122
1.0202319124254562 0.23972295136811958 2.971074265495681 4.480120063103393 7.611614992889603 0.021917797272465706
1.0226836182593126 0.23737332196928876 2.98145295469109 4.486754262118845 7.6193492510755005 0.026894807207710848
1.0251353240931689 0.23502369257045794 2.9918316438864996 4.4933884611342965 7.627083509261399 0.03187181714295599
1.0275870299270256 0.2326740631716269 3.0022103330819094 4.500022660149749 7.634817767447299 0.03684882707820157
1.030038735760882 0.23032443377279607 3.012589022277318 4.5066568591652 7.642552025633196 0.04182583701344672
1.0324904415947382 0.22797480437396525 3.022967711472727 4.513291058180651 7.650286283819095 0.04680284694869187
1.0349421474285947 0.22562517497513443 3.033346400668136 4.519925257196102 7.6580205420049925 0.05177985688393701
1.0373938532624511 0.2232755455763036 3.0437250898635453 4.526559456211554 7.665754800190891 0.056756866819182156
1.0398455590963074 0.2209259161774728 3.054103779058954 4.533193655227006 7.67348905837679 0.061733876754427305
1.0422972649301638 0.21857628677864196 3.0644824682543623 4.539827854242457 7.681223316562688 0.06671088668967246
1.04474897076402 0.21622665737981114 3.0748611574497717 4.546462053257908 7.688957574748586 0.07168789662491759
1.0472006765978765 0.21387702798098032 3.0852398466451807 4.5530962522733605 7.6966918329344844 0.07666490656016274
1.0496835128131776 0.2106027889652434 3.092653932121849 4.565900746368871 7.701814385972441 0.07940831384874168
1.0522623343712654 0.20447767029738054 3.0909271561323988 4.597730316961229 7.698884181470911 0.07526477964343223
1.0548411559293531 0.19835255162951765 3.0892003801429477 4.629559887553587 7.69595397696938 0.07112124543812276
1.057419977487441 0.1922274329616548 3.087473604153497 4.661389458145944 7.69302377246785 0.0669777112328133
1.059998799045529 0.18610231429379193 3.085746828164047 4.6932190287383015 7.6900935679663185 0.06283417702750385
1.0625776206036168 0.17997719562592904 3.084020052174596 4.725048599330659 7.687163363464789 0.05869064282219439
1.0651564421617046 0.17385207695806615 3.0822932761851454 4.7568781699230165 7.6842331589632575 0.05454710861688493
1.0677352637197925 0.1677269582902033 3.080566500195695 4.788707740515374 7.681302954461728 0.050403574411575475
1.0703140852778805 0.16160183962234043 3.0788397242062446 4.820537311107731 7.678372749960197 0.04626004020626602
1.0728929068359685 0.155476720954477 3.0771129482167936 4.852366881700092 7.675442545458666 0.0421165060009562
1.0754717283940565 0.14935160228661415 3.075386172227343 4.884196452292449 7.672512340957136 0.037972971795646744
1.0780505499521442 0.1432264836187513 3.0736593962378924 4.916026022884807 7.669582136455604 0.03382943759033728
1.0806992382561382 0.13718666135503457 3.0720180223962172 4.947644593655248 7.666581147639168 0.0297623983724402
1.0867015303636305 0.13524106649033474 3.0744759516477655 4.969135172973685 7.660182511707236 0.029367118550337856
1.0927038224711227 0.13329547162563496 3.0769338808993143 4.990625752292122 7.653783875775305 0.028971838728235513
1.098706114578615 0.13134987676093512 3.079391810150863 5.0121163316105575 7.6473852398433735 0.028576558906133174
1.104708406686107 0.12940428189623532 3.0818497394024114 5.033606910928993 7.640986603911442 0.028181279084030834
1.1107106987935993 0.1274586870315355 3.08430766865396 5.05509749024743 7.6345879679795114 0.02778599926192849
1.1167129909010916 0.1255130921668357 3.086765597905509 5.076588069565867 7.6281893320475795 0.027390719439826152
1.122715283008584 0.12356749730213573 3.089223527157058 5.098078648884305 7.621790696115648 0.026995439617723778
1.1287175751160763 0.12162190243743592 3.0916814564086064 5.1195692282027405 7.615392060183716 0.026600159795621435
1.1347198672235685 0.11967630757273612 3.094139385660155 5.141059807521177 7.608993424251784 0.026204879973519092
1.1407221593310606 0.11773071270803631 3.096597314911704 5.162550386839614 7.602594788319853 0.025809600151416756
1.1467244514385528 0.1157851178433365 3.099055244163252 5.18404096615805 7.596196152387921 0.025414320329314413
1.152726743546045 0.11383952297863668 3.101513173414801 5.205531545476487 7.58979751645599 0.02501904050721207
1.1537975107914846 0.11897906505582755 3.109731915000317 5.21415872795248 7.578891690537388 0.031547159219816205
1.1536037844825513 0.12593530891299076 3.1194277879535175 5.2194876035457956 7.5668301748786115 0.03985050832593519
1.1534100581736182 0.132891552770154 3.129123660906718 5.224816479139111 7.554768659219835 0.048153857432054165
1.1532163318646849 0.1398477966273178 3.1388195338599196 5.230145354732428 7.54270714356106 0.05645720653817386
1.1530226055557518 0.14680404048448104 3.1485154068131207 5.235474230325742 7.530645627902285 0.06476055564429284
1.1528288792468184 0.15376028434164424 3.158211279766321 5.240803105919058 7.518584112243509 0.07306390475041183
1.1526351529378853 0.16071652819880747 3.167907152719522 5.246131981512374 7.506522596584734 0.0813672538565308
1.1524414266289522 0.1676727720559707 3.177603025672722 5.251460857105689 7.494461080925958 0.0896706029626498
1.1522477003200189 0.1746290159131339 3.1872988986259227 5.256789732699005 7.482399565267183 0.09797395206876877
1.1520539740110858 0.18158525977029713 3.1969947715791234 5.262118608292321 7.470338049608407 0.10627730117488775
1.1518602477021525 0.18854150362746033 3.206690644532324 5.267447483885636 7.458276533949632 0.11458065028100672
1.1516665213932193 0.19549774748462356 3.2163865174855246 5.272776359478952 7.446215018290856 0.12288399938712571
1.1749731490897575 0.19959443350340722 3.230153383082256 5.278326194751722 7.430264438269095 0.12214968117175133
1.2159050422903972 0.2015464511434054 3.246973493161634 5.284041749784083 7.411397059975095 0.11463711246525633
1.256836935491037 0.20349846878340355 3.263793603241011 5.289757304816446 7.392529681681096 0.10712454375876136
1.2977688286916766 0.20545048642340175 3.2806137133203883 5.295472859848807 7.373662303387096 0.09961197505226638
1.3387007218923164 0.20740250406339988 3.297433823399766 5.301188414881168 7.354794925093097 0.09209940634577138
1.3796326150929563 0.20935452170339808 3.3142539334791437 5.306903969913529 7.3359275467990965 0.08458683763927641
1.420564508293596 0.21130653934339622 3.3310740435585213 5.312619524945891 7.3170601685050976 0.07707426893278141
1.4614964014942358 0.2132585569833944 3.3478941536378986 5.318335079978253 7.298192790211098 0.06956170022628644
1.5024282946948755 0.21521057462339255 3.364714263717276 5.324050635010614 7.279325411917098 0.06204913151979145
1.543360187895519 0.2171625922633909 3.3815343737966552 5.329766190042976 7.260458033623097 0.05453656281329581
1.5842920810961587 0.21911460990338907 3.3983544838760325 5.335481745075337 7.241590655329098 0.04702399410680083
1.6252239742967984 0.22106662754338724 3.41517459395541 5.341197300107699 7.222723277035099 0.03951142540030585
1.654831665697311 0.22244822073801276 3.4283146352015668 5.349340005692794 7.207262777372357 0.03677444842930734
1.6631232125328772 0.22275607380017204 3.4345274880557772 5.362051465259507 7.1982152257213965 0.04302682060747884
1.6714147593684439 0.22306392686233134 3.440740340909988 5.37476292482622 7.189167674070436 0.049279192785650336
1.6797063062040103 0.22337177992449064 3.4469531937641986 5.387474384392933 7.180120122419477 0.05553156496382183
1.687997853039577 0.22367963298664995 3.453166046618409 5.400185843959646 7.171072570768516 0.061783937141993324
1.6962893998751434 0.22398748604880925 3.45937889947262 5.412897303526358 7.162025019117555 0.06803630932016481
1.7045809467107098 0.22429533911096855 3.4655917523268305 5.425608763093071 7.152977467466595 0.07428868149833631
1.7128724935462771 0.22460319217312788 3.471804605181042 5.438320222659785 7.143929915815633 0.08054105367650836
1.7211640403818433 0.22491104523528718 3.4780174580352523 5.451031682226498 7.134882364164673 0.08679342585467985
1.72945558721741 0.22521889829744648 3.484230310889463 5.46374314179321 7.1258348125137125 0.09304579803285135
1.7377471340529764 0.2255267513596058 3.4904431637436737 5.476454601359923 7.116787260862752 0.09929817021102284
1.7460386808885429 0.22583460442176512 3.4966560165978846 5.489166060926636 7.107739709211792 0.10555054238919434
1.7537743058034228 0.23199295797648875 3.5023779368625885 5.500481642108769 7.100123471819888 0.10992509108289426
1.757525823620048 0.2800798983946029 3.5045815069024933 5.501793428201411 7.102764986617892 0.10084190480454391
1.7612773414366734 0.328166838812717 3.5067850769423985 5.503105214294053 7.105406501415898 0.09175871852619358
1.7650288592532988 0.37625377923083114 3.5089886469823037 5.504417000386695 7.1080480162139015 0.08267553224784323
1.7687803770699242 0.4243407196489495 3.5111922170222085 5.505728786479337 7.110689531011906 0.0735923459694921
1.7725318948865496 0.4724276600670636 3.5133957870621138 5.507040572571979 7.113331045809911 0.06450915969114175
1.776283412703175 0.5205146004851777 3.515599357102019 5.508352358664621 7.115972560607916 0.055425973412791416
1.7800349305198002 0.5686015409032918 3.5178029271419238 5.509664144757263 7.11861407540592 0.04634278713444107
1.7837864483364254 0.616688481321406 3.5200064971818286 5.510975930849906 7.1212555902039245 0.03725960085609073
1.7875379661530508 0.6647754217395202 3.5222100672217342 5.512287716942547 7.123897105001929 0.028176414577740387
1.791289483969676 0.7128623621576343 3.524413637261639 5.51359950303519 7.126538619799934 0.019093228299390044
1.7950410017863012 0.7609493025757484 3.526617207301544 5.514911289127832 7.129180134597938 0.010010042021039701
1.7987925196029266 0.8090362429938625 3.5288207773414486 5.5162230752204735 7.131821649395943 0.0009268557426893579
1.8189655483853033 0.7805598342665454 3.5361311966123603 5.515980303973269 7.1226600542945215 0.0
1.8410046579592416 0.7433830449545179 3.544021939659522 5.515560878482898 7.112157196704529 0.0
1.8630437675331801 0.7062062556424904 3.5519126827066834 5.515141452992528 7.101654339114537 0.0
1.8850828771071186 0.6690294663304629 3.5598034257538456 5.514722027502158 7.091151481524545 0.0
1.907121986681057 0.6318526770184354 3.5676941688010073 5.514302602011788 7.080648623934552 0.0
1.9291610962549954 0.5946758877064079 3.5755849118481686 5.513883176521418 7.0701457663445595 0.0
1.9512002058289337 0.5574990983943805 3.5834756548953304 5.513463751031049 7.059642908754568 0.0
1.9732393154028722 0.520322309082353 3.591366397942492 5.513044325540678 7.049140051164576 0.0
1.9952784249768107 0.48314551977032555 3.599257140989654 5.512624900050309 7.038637193574583 0.0
2.017317534550751 0.4459687304582948 3.6071478840368165 5.512205474559938 7.028134335984589 0.0
2.0393566441246893 0.4087919411462674 3.615038627083978 5.511786049069568 7.017631478394597 0.0
2.0613957536986276 0.37161515183423993 3.6229293701311396 5.511366623579198 7.007128620804606 0.0
2.0700423885026598 0.3609062222068877 3.6253048246139024 5.50919491623 7.000413397789421 0.004533647034487786
2.0721957022061313 0.3630301942448326 3.625006199792714 5.506173617676523 6.995534603658994 0.01126542596448482
2.0743490159096023 0.3651541662827776 3.624707574971526 5.5031523191230445 6.990655809528565 0.017997204894481852
2.0765023296130733 0.36727813832072254 3.624408950150338 5.500131020569566 6.985777015398138 0.024728983824478887
2.078655643316545 0.3694021103586675 3.6241103253291493 5.497109722016088 6.98089822126771 0.03146076275447592
2.080808957020016 0.37152608239661244 3.623811700507961 5.49408842346261 6.976019427137281 0.038192541684472954
2.082962270723487 0.3736500544345574 3.6235130756867724 5.491067124909132 6.971140633006853 0.044924320614469986
2.0851155844269584 0.3757740264725026 3.623214450865584 5.488045826355654 6.966261838876425 0.05165609954446761
2.0872688981304295 0.37789799851044753 3.622915826044396 5.485024527802176 6.961383044745997 0.05838787847446464
2.089422211833901 0.3800219705483925 3.622617201223208 5.482003229248697 6.956504250615568 0.06511965740446167
2.091575525537372 0.38214594258633744 3.6223185764020194 5.47898193069522 6.951625456485141 0.0718514363344587
2.0937288392408435 0.3842699146242824 3.622019951580831 5.475960632141741 6.9467466623547125 0.07858321526445573
2.099509321370285 0.38604316962373414 3.6239981448096135 5.4760789937276115 6.943740527781036 0.08250276083352462
2.1097413283861455 0.3873859991668533 3.6287706147360868 5.48005057457541 6.943032657208825 0.0829709290959994
2.1199733354020056 0.38872882870997244 3.6335430846625605 5.484022155423208 6.942324786636616 0.08343909735847418
2.130205342417866 0.39007165825309165 3.6383155545890338 5.487993736271006 6.9416169160644055 0.083907265620949
2.1404373494337277 0.39141448779621085 3.643088024515508 5.4919653171188045 6.940909045492195 0.08437543388342383
2.150669356449588 0.39275731733933 3.6478604944419812 5.495936897966603 6.940201174919986 0.08484360214589862
2.160901363465448 0.39410014688244915 3.652632964368455 5.499908478814401 6.939493304347776 0.08531177040837341
2.171133370481309 0.39544297642556836 3.6574054342949287 5.503880059662199 6.938785433775566 0.08577993867084821
2.181365377497169 0.3967858059686875 3.6621779042214024 5.5078516405099975 6.938077563203356 0.08624810693332301
2.191597384513029 0.3981286355118066 3.666950374147876 5.511823221357796 6.937369692631146 0.08671627519579779
2.20182939152889 0.3994714650549258 3.67172284407435 5.515794802205593 6.9366618220589356 0.08718444345827259
2.2120613985447504 0.4008142945980449 3.676495314000823 5.519766383053392 6.935953951486726 0.08765261172074738
2.212988706256718 0.3997746037401015 3.681010919554747 5.520440032554964 6.926416159948853 0.08639936630966319
2.181772507282499 0.3905043878603017 3.684639175458044 5.5097208283150225 6.88637500507504 0.07919941911719074
2.150556308308283 0.38123417198050275 3.68826743136134 5.499001624075081 6.846333850201232 0.07199947192471891
2.1193401093340665 0.37196395610070376 3.691895687264636 5.488282419835141 6.806292695327421 0.06479952473224708
2.08812391035985 0.36269374022090484 3.6955239431679328 5.4775632155952 6.766251540453612 0.05759957753977525
2.0569077113856338 0.3534235243411059 3.6991521990712286 5.46684401135526 6.726210385579803 0.05039963034730342
2.0256915124114174 0.344153308461307 3.7027804549745253 5.456124807115319 6.686169230705993 0.043199683154831595
1.994475313437201 0.334883092581508 3.7064087108778216 5.445405602875379 6.646128075832184 0.035999735962359766
1.9632591144629847 0.325612876701709 3.710036966781118 5.434686398635439 6.606086920958374 0.028799788769887938
1.9320429154887682 0.3163426608219101 3.7136652226844142 5.423967194395498 6.5660457660845655 0.02159984157741611
1.9008267165145494 0.30707244494211033 3.717293478587711 5.413247990155557 6.526004611210752 0.014399894384943655
1.8696105175403328 0.29780222906231135 3.7209217344910073 5.402528785915616 6.485963456336942 0.0071999471924718275
1.8383943185661165 0.2885320131825124 3.7245499903943036 5.391809581675676 6.445922301463133 0.0
