1.1348013271941304 0.36312760532108085 0.10736695295987653 0.36515774705135673 -0.14897266068609968 2.5593779251233753 -1.1845997337199583 -0.9193694451205378
1.1348013271941304 0.36312760532108085 0.10736695295987653 0.36515774705135673 -0.14897266068609968 2.5593779251233753 -1.1845997337199583 -0.9193694451205378
1.1345940273397526 0.36310956968267855 0.10737726385523423 0.36510821297399615 -0.14897815641787035 2.5590779965446866 -1.184451593010601 -0.9195064108481789
1.1341857338748635 0.3630734407968329 0.10739717284949152 0.3650109027314902 -0.14898879364111486 2.558489735798637 -1.184161044599215 -0.9197749036337821
1.1335825788728247 0.3630191855783398 0.10742599634399576 0.3648675143781386 -0.1490042332503261 2.5576243200058673 -1.1837336139949808 -0.9201696831878371
1.132790525079015 0.3629467940284732 0.10746307899287824 0.36467968820566027 -0.1490241507331846 2.5564925220829826 -1.1831746266824301 -0.9206857004217391
1.131815370616048 0.3628562778627999 0.10750779278475894 0.3644490087637016 -0.14904823564685257 2.555104725286543 -1.182489215325886 -0.9213180905281401
1.1306627535556613 0.3627476692014895 0.107559536150498 0.3641770068082159 -0.14907619111159315 2.553470937233912 -1.1816823267145247 -0.9220621663115252
1.1293381563611298 0.3626210193195464 0.10761773309632972 0.36386516118031653 -0.14910773332116153 2.5516008034197855 -1.180758728457404 -0.9229134117599677
1.1278469102039559 0.3624763974544919 0.10768183236172958 0.3635149006181111 -0.14914259106943334 2.549503620246536 -1.1797230154374505 -0.9238674758493413
1.1264081107498498 0.3624724536792803 0.1080776829547385 0.3630812949553656 -0.1491014565848997 2.5472071694980465 -1.178579482649133 -0.9249201665715846
1.125017885122091 0.3626025632907878 0.10879135778255679 0.3625689556506432 -0.14898965749135776 2.5447190267437256 -1.1773324000819076 -0.9260674451789161
1.1236725454633423 0.36286036717094244 0.1098094406972114 0.36198227426428525 -0.14881223670802987 2.5420465047222587 -1.175985883015933 -0.9273054206361914
1.1223685811978301 0.3632397615611053 0.11111900797342847 0.36132543222532776 -0.1485739658528573 2.539196662410157 -1.1745438975919174 -0.9286303442738755
1.12110265160063 0.36373488822495853 0.11270761046434809 0.36060241018349015 -0.14827935805678902 2.5361763137774056 -1.173010266180547 -0.9300386046343782
1.1198715786621614 0.3643401249852131 0.11456325640998125 0.35981699696335817 -0.1479326802139062 2.532992036241004 -1.1713886725587077 -0.9315267225047583
1.1186723402364669 0.3650500766200047 0.11667439487424759 0.3589727981371872 -0.14753796469120253 2.529650178826822 -1.1696826668994467 -0.9330913461290601
1.1175020634622745 0.3658595661053779 0.11902989978733569 0.35807324423208897 -0.14709902052086157 2.526156870049832 -1.1678956705823809 -0.9347292465937842
1.1163580184462687 0.36676362619077335 0.12161905457099723 0.35712159858672615 -0.14661944409693256 2.522518025522439 -1.1660309808310096 -0.9364373133802354
1.1152376121984 0.3677574912949255 0.12443153732522251 0.356120964872026 -0.14610262939740443 2.5187393553002795 -1.16409177518316 -0.9382125500777109
1.1141383828094498 0.3688365897100539 0.1274574065555504 0.35507429428983656 -0.1455517777518123 2.5148263709745544 -1.1620811158005697 -0.9400520702517143
1.113057993861442 0.36999653610268823 0.13068708742104002 0.35398439246288355 -0.14496990717368113 2.51078439251964 -1.1600019536233939 -0.94195309346159
1.1119942290618543 0.37123312429990746 0.134111358483677 0.3528539260288438 -0.14435986127631345 2.506618554904417 -1.1578571323752176 -0.9439129414221733
1.110944987092927 0.37254232035019624 0.13772133894070554 0.35168542895083105 -0.14372431778966477 2.5023338144754734 -1.1556493924239506 -0.9459290343042521
1.1099082766677006 0.37392025584853045 0.1415084763220669 0.35048130855608955 -0.14306579669531597 2.497934955120051 -1.153381374503792 -0.9479988871688171
1.1088822117847341 0.3753632215156935 0.14546453463579012 0.3492438513142115 -0.1423866679958488 2.493426594216338 -1.151055623303261 -0.9501201065302655
1.1078650071737661 0.3768676610222055 0.14958158294482055 0.3479752283657336 -0.14168915913425495 2.4888131883784435 -1.1486745909241147 -0.9522903870438943
1.1068549739248728 0.3784301650476071 0.1538519843593863 0.3466775008115262 -0.14097536207836192 2.48409903900314 -1.1462406402157996 -0.9545075083131894
1.1058505152939695 0.38004746556619223 0.15826838542959673 0.345352624772964 -0.14024724008463663 2.4792882976252084 -1.143756047989912 -0.956769331812578
1.104850122677768 0.3817164303506171 0.1628237059235354 0.3440024562324593 -0.13950663415513223 2.4743849710880053 -1.141223008118986 -0.9590737979214701
1.1038523717515747 0.3834340576851391 0.16751112897665998 0.34262875566354906 -0.13875526920077114 2.469392926535611 -1.138643634523773 -0.9614189230655651
1.1028559187635625 0.38519747128054915 0.17232409159884934 0.3412331924593507 -0.1379947599236086 2.4643158962327285 -1.136019964053022 -0.9638027969615438
1.1018594969793978 0.38700391538316037 0.17725627552594572 0.3398173491678414 -0.13722661643019468 2.459157482218272 -1.133353959259631 -0.9662235799614087
1.1008619132713349 0.3888507500705051 0.18230159840313023 0.33838272554207055 -0.13645224958764768 2.4539211607983855 -1.1306475110768957 -0.9686795004928683
1.099862044846121 0.39073544672666904 0.18745420528793946 0.33693074241308196 -0.13567297613356757 2.4486102868844353 -1.1279024413984533 -0.9711688525922932
1.098858836106269 0.3926555836904583 0.19270846046118525 0.3354627453930054 -0.13489002355045318 2.4432280981813217 -1.1251205055653826 -0.9736899935268969
1.0978512956394662 0.39460884206985286 0.19805893953447518 0.33398000841547 -0.13410453471484143 2.4377777192312813 -1.1223033947638055 -0.976241341502914
1.096838493331087 0.39659300171644557 0.2035004218434514 0.3324837371201992 -0.13331757233095923 2.432262165318165 -1.119452738336206 -0.9788213734566673
1.0958195575949745 0.3986059373538048 0.2090278831162695 0.3309750720883657 -0.13253012315826881 2.426684346237005 -1.1165701060095745 -0.9814286229255261
1.0947936727178356 0.4006456148539281 0.21463648840722777 0.32945509193501366 -0.13174310204189382 2.421047069933525 -1.1136570100433678 -0.9840616779958662
1.0937600763127828 0.4027100876561729 0.22032158528583215 0.3279248162645972 -0.13095735575453632 2.4153530460180765 -1.1107149073001714 -0.9867191793252484
1.09271805687772 0.4047974933232641 0.22607869727194177 0.3263852084954344 -0.13017366665813326 2.4096048891583437 -1.1077452012418456 -0.989399818236132
1.0916669514544373 0.4069060502291808 0.23190351750798752 0.3248371785586378 -0.12939275619315405 2.40380512235499 -1.1047492438538344 -0.9921023348785344
1.090606143384445 0.409034054373922 0.23779190265958922 0.3232815854768528 -0.12861528820310805 2.397956180104297 -1.1017283375002254 -0.9948255164591467
1.0895350601577205 0.41117987632033876 0.24373986703621914 0.32171923982791606 -0.12784187210151185 2.392060411451692 -1.0986837367120488 -0.9975681955345006
1.0884531713507 0.41334195824840325 0.24974357692386806 0.3201509060983337 -0.1270730658882601 2.386120082939929 -1.0956166499112217 -1.0003292483658697
1.0873599866499775 0.4155188111224589 0.25579934512196856 0.31857730493127867 -0.12630937902205072 2.38013738145556 -1.0925282410724482 -1.0031075933336757
1.086255053958321 0.4177090119671648 0.2619036256771168 0.31699911527360997 -0.1255512751552336 2.374114416977209 -1.0894196313253135 -1.0059021894092453
1.0851379575797395 0.4199112012480098 0.2680530088064088 0.31541697642623173 -0.12479917473718208 2.3680532252290374 -1.0862919004987195 -1.0087120346818446
1.084008316480466 0.4221240803524263 0.2742442160034751 0.31383149000193084 -0.12405345749202866 2.3619557702426723 -1.0831460886097382 -1.0115361649389931
1.0828657826228345 0.42434640916768557 0.28047409532055073 0.31224322179465963 -0.12331446477635731 2.3558239468307574 -1.079983197298884 -1.0143736522981297
1.0817100393691599 0.4265770037518981 0.28673961682016574 0.31065270356406655 -0.12258250182220796 2.349659582975178 -1.0768041912137307 -1.0172236038877738
1.0805407999528274 0.4288147340945852 0.29303786819027716 0.30906043473891837 -0.12185783987052037 2.343464442132903 -1.073609999342733 -1.020085160576393
1.079357806013916 0.43105852196341715 0.29936605051689175 0.30746688404290756 -0.12114071819992624 2.3372402254622937 -1.070401516301045 -1.022957495747251
1.0781608261967783 0.43330733883384565 0.30572147420844864 0.3058724910461919 -0.12043134605558892 2.3309885739726135 -1.067179603570061 -1.025839814117573
1.0769496548071056 0.43556020389848 0.312101555066442 0.30427766764587405 -0.11972990448258924 2.3247110705994016 -1.0639450906923458 -1.0287313506004285
1.0757241105260955 0.43781618215317586 0.31850381049696774 0.30268279947849575 -0.11903654806816369 2.318409242208261 -1.0606987764235587 -1.0316313692077823
1.0744840351794382 0.4400743825569204 0.324925855858074 0.3010882472674921 -0.11835140659691641 2.312084561529535 -1.0574414298429191 -1.0345391619932296
1.0732292925589229 0.4423339562627075 0.3313654009379835 0.299494348108429 -0.11767458662295002 2.3057384490262582 -1.0541737914237042 -1.0374540480329781
1.0719597672945522 0.4445940949167032 0.33782024655943826 0.2979014166947283 -0.1170061729626903 2.299372274697683 -1.0508965740652192 -1.040375372443694
1.0706753637751356 0.44685402902310317 0.3442882813055907 0.29630974648647185 -0.11634623011201778 2.2929873598206063 -1.0476104640876251 -1.0433025054358782
1.0693760051154098 0.4491130263721828 0.3507674783630351 0.29471961082476755 -0.11569480359116346 2.2865849786306462 -1.04431612219096 -1.0462348414014915
1.0680616321678134 0.45137039052913425 0.3572558924777341 0.2931312639940558 -0.11505192122067642 2.2801663599455337 -1.0410141843796432 -1.0491717980345847
1.066732202577113 0.453625459381377 0.3637516570197508 0.2915449422346352 -0.11441759433162854 2.27373268873243 -1.037705262853704 -1.0521128154837456
1.0653876898761507 0.4558776037421145 0.3702529811528495 0.28996086470758997 -0.11379181891308429 2.267285107621195 -1.034389946867933 -1.0550573555352087
1.0640280826210455 0.4581262260079951 0.37675814710516914 0.28837923441421054 -0.11317457669973223 2.2608247183654737 -1.0310688035601083 -1.0580049008255206
1.0626533835642575 0.46037075886881534 0.3832655075373165 0.2868002390719095 -0.1125658362024492 2.254352583253405 -1.027742378749413 -1.0609549540826912
1.061263608863972 0.4626106640672831 0.38977348300435716 0.2852240519485515 -0.11196555368444754 2.247869726469684 -1.024411197706112 -1.0639070373948025
1.0598587873283314 0.4648454312069311 0.3962805595083135 0.28365083265703445 -0.11137367408554034 2.241377135410667 -1.021075765893526 -1.0668606915050791
1.0584389596930954 0.4670745766063462 0.402785286137902 0.2820807279118812 -0.11079013189694897 2.2348757619541315 -1.0177365696832985 -1.069815475132467
1.0570041779313681 0.4692976421979464 0.4092862727923632 0.2805138722495266 -0.11021485198897105 2.228366523685257 -1.0143940770449154 -1.0727709643167962
1.0555545045940822 0.471514194469607 0.4157821879863508 0.27895038871391387 -0.10964775039372573 2.221850305080343 -1.011048738210406 -1.0757267517876368
1.0540900121799834 0.4737238234475003 0.42227175673295964 0.27739038950894473 -0.1090887350450959 2.2153279586497194 -1.0077009863151172 -1.0786824463559963
1.0526107825339068 0.475926141718575 0.42875375850207775 0.27583397661926345 -0.10853770647789326 2.208800306041254 -1.0043512380154205 -1.0816376723280279
1.0511169062721843 0.47812078349116216 0.43522702525135115 0.2742812424007897 -0.10799455848818373 2.2022681391058234 -1.000999894084186 -1.0845920689399549
1.0496084822340692 0.48030740369225056 0.4416904395271485 0.272732270142358 -0.10745917875662463 2.195732220926054 -0.9976473399848187 -1.0875452898134452
1.0480856169581056 0.4824856771000312 0.44814293263300936 0.27118713459976007 -0.10693144943658342 2.189193286809606 -0.994293946424632 -1.0904970024306957
1.0465484241824152 0.48465529751036146 0.4545834828631507 0.2696459025034341 -0.10641124770872944 2.18265204524822 -0.9909400698882992 -1.0934468876285126
1.0449970243679123 0.4868159769358527 0.4610111137986944 0.2681086330409896 -0.1058984463037148 2.176109178843709 -0.9875860531521031 -1.0963946391107038
1.0434315442434996 0.4889674448363334 0.46742489266436565 0.2665753783157061 -0.10539291399448904 2.1695653452020376 -0.9842322257796717 -1.0993399629781173
1.0418521163723313 0.4911094473794864 0.4738239287434919 0.2650461837820962 -0.10489451605972305 2.163021177796585 -0.9808789045998674 -1.1022825772756908
1.0402588787382696 0.4932417467305058 0.4802073718492125 0.2635210886595746 -0.10440311471975192 2.1564772868016613 -0.9775263941674723 -1.1052222115558952
1.0386519743516933 0.4953641203696622 0.48657441084988506 0.2620001263252315 -0.10391856954638329 2.149934259897299 -0.9741749872072886 -1.1081586064579805
1.037031550873851 0.49747636043670707 0.49292427224674723 0.2604833246866656 -0.10344073784785758 2.143392663046314 -0.9708249650422497 -1.1110915133024515
1.035397760258984 0.4995782731010867 0.49925621880196397 0.25897070653578913 -0.10296947503018816 2.136853041244589 -0.9674765980061192 -1.1140206937002235
1.0337507584134749 0.5016696779569783 0.5055695482152588 0.2574622898844804 -0.10250463493605472 2.130315919245507 -0.9641301458413309 -1.1169459191759268
1.0320907048713046 0.5037504074421931 0.5118635918473903 0.2559580882829187 -0.1020460701623697 2.1237818022594235 -0.960785858082506 -1.1198669708048483
1.030417762485135 0.5058203062800339 0.5181377134888023 0.2544581111214029 -0.10159363235758725 2.1172511766290416 -0.9574439744261609 -1.1227836388630172
1.028732097132355 0.5078792309432232 0.5243913081718341 0.25296236391641747 -0.10114717249977528 2.110724510481518 -0.954104725087104 -1.1256957224899586
1.0270338774354595 0.5099270491390555 0.5306238010249354 0.2514708485816793 -0.10070654115642509 2.1042022543581065 -0.950768331142001 -1.1286030293636586
1.0253232744961525 0.5119636393149586 0.5368346461673897 0.24998356368486377 -0.1002715887269284 2.0976848418221086 -0.9474350048605693 -1.131505375387298
1.0236004616425918 0.5139888901836781 0.5430233256431007 0.24850050469068075 -0.09984216566860914 2.091172690045885 -0.9441049500248466 -1.1344025843873284
1.021865614189216 0.5160027002673314 0.5491893483920512 0.24702166419093965 -0.09941812270715661 2.0846662003776473 -0.9407783622369637 -1.1372944878224835
1.0201189092086151 0.5180049774596046 0.5553322492580933 0.2455470321222163 -0.09899931103226774 2.0781657588887277 -0.9374554292158346 -1.1401809245033259
1.0183605253149306 0.5199956386053944 0.5614515880317771 0.24407659597170622 -0.09858558247926895 2.0716717369019992 -0.9341363310831637 -1.1430617403219516
1.0165906424582885 0.5219746090972226 0.5675469485269722 0.2426103409718242 -0.0981767896974524 2.0651844915020994 -0.9308212406391527 -1.1459367879914846
1.0148094417297926 0.5239418224877763 0.5736179376900813 0.24114825028408446 -0.0977727863058274 2.058704366028081 -0.9275103236282797 -1.1488059267950046
1.0130171051766192 0.5258972201179541 0.5796641847406876 0.239690305172773 -0.09737342703695515 2.0522316905490983 -0.9242037389955068 -1.1516690223435713
1.0112138156267774 0.5278407507598171 0.5856853403425218 0.23823648516890036 -0.09697856786950364 2.0457667823237156 -0.9209016391332611 -1.154525946343012
1.0093997565231152 0.5297723702738716 0.5916810758036721 0.23678676822490163 -0.09658806615013019 2.0393099462433977 -0.9176041701195208 -1.157376576369159
1.0075751117661687 0.5316920412801301 0.5976510823050005 0.23534113086053013 -0.09620178070526987 2.032861475260732 -0.9143114719473269 -1.1602207956512283
1.0057400655654662 0.5335997328424164 0.6035950701557673 0.23389954830037055 -0.09581957194338152 2.0264216508029094 -0.9110236787460282 -1.1630584928630467
1.0038948022989198 0.5354954201654032 0.6095127680754988 0.23246199460337932 -0.09544130194817646 2.019990743170965 -0.9077409189945586 -1.1658895619218446
1.0020395063799443 0.5373790843038921 0.615403922501171 0.2310284427848408 -0.09506683456333044 2.013569011925281 -0.9044633157270318 -1.1687139017943375
1.0002367990475525 0.539158644338711 0.621289642760342 0.22963312407239642 -0.09468243266611515 2.007206557290672 -0.9012252196216076 -1.1715262993662665
0.9984847541662799 0.5408374726664713 0.62716866572131 0.22827429244150968 -0.09428881958805553 2.0009016782385416 -0.8980254181189398 -1.1743268720127495
0.9967815133137488 0.5424188319180149 0.6330397838248691 0.22695027372853446 -0.09388667833940521 1.994652734601901 -0.8948627417539878 -1.1771157339592866
0.9951252834348899 0.5439058786663448 0.6389018430326757 0.22565946288705777 -0.09347665352557562 1.9884581448618857 -0.8917360626061199 -1.1798929963919036
0.993514334577903 0.5453016670059184 0.6447537408493366 0.2244003213450935 -0.09305935318024681 1.9823163840147422 -0.8886442928050055 -1.1826587675633244
0.9919469977090741 0.5466091520078383 0.6505944244155707 0.22317137445949226 -0.09263535051860214 1.976225981516362 -0.8855863830902894 -1.1854131528953136
0.9904216626036745 0.5478311930553147 0.6564228886698887 0.22197120906406193 -0.0922051856139904 1.9701855193015476 -0.8825613214231116 -1.1881562550773292
0.9889367758102583 0.5489705570636174 0.6622381745763292 0.22079847110801845 -0.09176936700118764 1.9641936298752949 -0.8795681316476062 -1.1908881741616197
0.9874908386857786 0.5500299215885843 0.6680393674158768 0.21965186338150722 -0.09132837320930284 1.9582489944734789 -0.8766058722005806 -1.1936090076548915
0.9860824054990281 0.5510118778276111 0.6738255951392775 0.21853014332505147 -0.09088265422724967 1.9523503412904217 -0.8736736348676405 -1.1963188506066738
0.9847100816000021 0.5519189335169048 0.6795960267790451 0.21743212091989672 -0.09043263290458932 1.9464964437709138 -0.8707705435840881 -1.1990177956944983
0.9833725216528653 0.552753515728652 0.6853498709185323 0.21635665665632808 -0.08997870629043635 1.940686118964346 -0.867895753278984 -1.2017059333060096
0.9820684279302897 0.553517973571619 0.6910863742160214 0.215302659577142 -0.08952124691301117 1.9349182259387 -0.8650484487608158 -1.2043833516181175
0.9807965486670047 0.5542145807985818 0.6968048199818572 0.21426908539355455 -0.08906060400231887 1.9291916642522189 -0.8622278436432776 -1.2070501366732982
0.9795556764704823 0.5548455383238561 0.7025045268067205 0.21325493467092502 -0.0885971046583339 1.9235053724806668 -0.8594331793097177 -1.209706372453147
0.978344646786751 0.5554129766540887 0.7081848472392064 0.21225925108176844 -0.08813105496697415 1.9178583267981557 -0.8566637239148588 -1.2123521409492821
0.9771623364194058 0.5559189582353532 0.7138451665109409 0.21128111972361968 -0.08766274106605584 1.9122495396095944 -0.8539187714224529 -1.2149875222316968
0.9760076620999468 0.5563654797194882 0.7194849013075295 0.2103196654993997 -0.08719243016333168 1.9066780582328844 -0.8511976406775752 -1.2176125945146488
0.9748795791076497 0.5567544741525128 0.7251034985836954 0.20937405155801825 -0.08672037150863005 1.9011429636290549 -0.8484996745123102 -1.2202274342201798
0.97377707993723 0.557087813087849 0.7307004344210234 0.2084434777930284 -0.08624679732203092 1.8956433691785965 -0.845824238883629 -1.2228321160393487
0.9726991930126291 0.5573673086269906 0.7362752129267822 0.20752717939722679 -0.08577192367993587 1.8901784195023144 -0.8431707220422976 -1.2254267129912613
0.9716449814453073 0.5575947153901566 0.7418273651723544 0.2066244254711682 -0.08529595136081404 1.884747289325083 -0.8405385337317004 -1.228011296479977
0.9706135418354855 0.5577717324193853 0.7473564481698534 0.20573451768363654 -0.0848190666523334 1.8793491823809445 -0.8379271044155014 -1.2305859363493687
0.9696040031148341 0.5579000050164311 0.7528620438855618 0.20485678898218387 -0.0843414421215174 1.8739833303580478 -0.835335884533105 -1.2331507009360099
0.9686155254291604 0.5579811265177478 0.758343758288871 0.20399060235191702 -0.0838632373495 1.8686489918819815 -0.8327643437819161 -1.2357056571201597
0.9676472990596957 0.5580166400087567 0.7638012204354512 0.20313534962077662 -0.08338459963238817 1.8633454515361043 -0.8302119704254339 -1.2382508703749173
0.9666985433816355 0.5580080399795246 0.7692340815834277 0.2022904503096163 -0.08290566464967901 1.858072018917529 -0.8276782706262508 -1.2407864048136086
0.96576850585863 0.5579567739238968 0.7746420143413809 0.20145535052544994 -0.08242655710161995 1.8528280277274647 -0.8251627678030584 -1.2433123232354701
0.9648564610719722 0.557864243884061 0.7800247118470321 0.2006295218962946 -0.08194739131684331 1.847612834894668 -0.8226650020107983 -1.2458286871696933
0.9639617097832718 0.5577318079424487 0.7853818869755165 0.19981246054609156 -0.0814682718315522 1.8424258197308006 -0.8201845293431217 -1.2483355569178864
0.9630835780294491 0.5575607816628089 0.7907132715761855 0.19900368610824398 -0.0809892939414822 1.837266383116531 -0.8177209213563577 -1.2508329915950123
0.962221416248921 0.557352439482228 0.7960186157369189 0.19820274077636083 -0.08051054422781316 1.8321339467172677 -0.8152737645142142 -1.2533210491688564
0.9613745984378927 0.5571080160558075 0.801297687074961 0.19740918839084848 -0.08003210105815702 1.827027952227441 -0.812842659652466 -1.2557997864980808
0.9605425213357083 0.5568287075556462 0.8065502700533347 0.19662261356003924 -0.07955403506370132 1.8219478606423014 -0.8104272214629099 -1.2582692593689098
0.9597246036382465 0.5565156729257198 0.8117761653219182 0.1958426208145938 -0.07907640959354362 1.8168931515562288 -0.8080270779958932 -1.2607295225305033
0.9589202852383888 0.5561700350941934 0.8169751890823027 0.1950688337939598 -0.07859928114720904 1.811863322486592 -0.8056418701807486 -1.2631806297290602
0.958129026492616 0.5557928821446453 0.8221471724755817 0.19430089446371246 -0.07812269978630271 1.8068578882222306 -0.8032712513634885 -1.2656226337407002
0.9573503075128273 0.555385268447634 0.8272919609922524 0.19353846236264532 -0.0776467095262087 1.8018763801956592 -0.800914886861139 -1.268055586403168
0.9565836274825047 0.5549482157539835 0.8324094139034397 0.19278121387852068 -0.07717134870871026 1.796918345878137 -0.7985724535321144 -1.2704795386464014
0.9558285039963765 0.5544827142511171 0.8374994037126806 0.19202884155142702 -0.07669665035636894 1.7919833481967675 -0.796243639362054 -1.2728945405220062
0.955084472422767 0.5539897235837239 0.8425618156275347 0.1912810534037303 -0.07622264250946599 1.7870709649728282 -0.7939281430645659 -1.2753006412316745
0.9543510852878426 0.5534701738399936 0.8475965470503138 0.1905375722956415 -0.0757493485462758 1.78218078838056 -0.79162567369634 -1.2776978891545885
0.9536279116809977 0.5529249665046136 0.8526035070872469 0.18979813530545814 -0.07527678748740908 1.7773124244256693 -0.7893359502861133 -1.2800863318738422
0.9529145366806445 0.5523549753796803 0.8575826160754229 0.18906249313357185 -0.07480497428493275 1.7724654924428278 -0.7870587014769891 -1.2824660162019208
0.952210560799704 0.5517610474746356 0.8625338051268769 0.1883304095293664 -0.07433392009694381 1.767639624611479 -0.7847936651816295 -1.284836988205268
0.9515155994501125 0.5511440038663012 0.8674570156892082 0.18760166074016252 -0.07386363254824647 1.762834465489284 -0.782540588249857 -1.2871992932279768
0.9508292824256883 0.5505046405300433 0.8723521991221378 0.18687603498139596 -0.07339411597775418 1.7580496715625675 -0.7802992261482192 -1.2895529759146342
0.950151253402721 0.5498437291430671 0.8772193162894415 0.1861533319272451 -0.07292537167321235 1.7532849108131425 -0.7780693426510864 -1.2918980802323512
0.9494811694576732 0.5491620178608034 0.8820583371657048 0.18543336222095202 -0.07245739809381256 1.7485398623009205 -0.775850709542865 -1.2942346494920058
0.9488187006014014 0.5484602320673158 0.8868692404573748 0.1847159470041093 -0.07199019108124481 1.7438142157617316 -0.773643106330929 -1.2965627263687305
0.948163529329326 0.5477390751006243 0.8916520132375965 0.18400091746420977 -0.07152374405971142 1.7391076712198013 -0.7714463199688825 -1.2988823529216682
0.9475153501870008 0.5469992289538119 0.8964066505943437 0.18328811439978338 -0.07105804822540408 1.7344199386143502 -0.7692601445897805 -1.3011935706130258
0.9468738693505496 0.546241354952747 0.9011331552913694 0.1825773878024685 -0.07059309272592443 1.729750737439805 -0.7670843812489523 -1.303496420326449
0.9462388042214566 0.5454660944112256 0.905831537441519 0.18186859645538947 -0.07012886483010773 1.725099796399122 -0.7649188376760778 -1.3057909423847431
0.9456098830352172 0.5446740692643138 0.9105018141919649 0.1811616075472345 -0.06966535008869035 1.7204668530697487 -0.7627633280361877 -1.3080771765669645
0.9449868444833712 0.5438658826806357 0.9151440094209378 0.1804562963014501 -0.06920253248624238 1.715851653581762 -0.7606176726992631 -1.3103551621249043
0.9443694373484572 0.5430421196543337 0.9197581534455461 0.1797525456199897 -0.06874039458476926 1.7112539523077412 -0.758481698018127 -1.312624937798987
0.9437574201514433 0.5422033475773965 0.9243442827402855 0.179050245741074 -0.06827891765936857 1.7066735115639466 -0.7563552361143291 -1.3148865418336046
0.9431505608112046 0.5413501167930304 0.9289024396658592 0.17834929391044055 -0.06781808182631208 1.702110101322395 -0.7542381246717338 -1.3171400119919077
0.9425486363156358 0.5404829611307213 0.9334326722079423 0.17764959406557917 -0.06735786616390688 1.6975634989334325 -0.7521302067375379 -1.319385385570071
0.9419514324039938 0.5396023984236175 0.9379350337255341 0.1769510565324679 -0.06689824882647452 1.6930334888584249 -0.7500313305304473 -1.3216226994110547
0.9413587432600908 0.5387089310088359 0.9424095827085566 0.17625359773434174 -0.06643920715177226 1.6885198624121955 -0.7479413492557566 -1.3238519899178782
0.9407703712159597 0.5378030462112772 0.9468563825443708 0.17555713991204389 -0.06598071776216666 1.6840224175148573 -0.7458601209270824 -1.3260732930664254
0.9401861264656359 0.5368852168115126 0.9512755012928926 0.17486161085552496 -0.06552275665985637 1.6795409584526946 -0.7437875081945117 -1.3282866444177956
0.9396058267887074 0.5359559014982873 0.9556670114700017 0.1741669436460721 -0.06506529931642807 1.6750752956477688 -0.7417233781789334 -1.3304920791302206
0.9390292972832975 0.5350155453061647 0.9600309898389466 0.17347307640886453 -0.0646083207570171 1.6706252454359258 -0.7396676023123312 -1.3326896319705595
0.9384563701081581 0.5340645800388174 0.9643675172094638 0.17277995207546742 -0.06415179563933258 1.6661906298529034 -0.7376200561838225 -1.3348793373253893
0.9378868842335608 0.533103424678456 0.9686766782443322 0.17208751815588977 -0.06369569832779563 1.6617712764282404 -0.7355806193912371 -1.3370612292117048
0.9373206852006848 0.532132485781865 0.9729585612731021 0.17139572651984533 -0.06324000296302801 1.6573670179867057 -0.7335491753980357 -1.339235341287241
0.9367576248892101 0.5311521578635033 0.9772132581127392 0.17070453318686973 -0.06278468352691864 1.6529776924569715 -0.731525611395377 -1.3414017068604345
0.9361975612928369 0.5301628237661073 0.9814408638949392 0.1700138981249585 -0.062329713903485066 1.6486031426872685 -0.7295098181691467 -1.3435603589000324
0.9356403583024587 0.5291648550192224 0.9856414768998751 0.16932378505740384 -0.06187506793573748 1.6442432162677676 -0.7275016899717711 -1.3457113300443677
0.9350858854967279 0.5281586121860706 0.9898151983961465 0.16863416127751935 -0.06142071947874384 1.6398977653594429 -0.7255011243986417 -1.3478546526103057
0.934534017939762 0.5271444451991515 0.9939621324867115 0.16794499747095348 -0.06096664244908571 1.63556664652918 -0.723508022268986 -1.3499903586018795
0.9338839578463998 0.5263452430364565 0.997799509247443 0.1674178754041006 -0.0601790865113514 1.6312646240177557 -0.7215220819173311 -1.3521184797186234
0.9331437263010087 0.5257484069515088 1.0013482864149095 0.1670432629405857 -0.05907897531469572 1.6269906794260585 -0.719543230782942 -1.3542390473636141
0.9323208336046825 0.5253420175680099 1.0046281550356233 0.1668121463689458 -0.05768607882048529 1.6227438448310165 -0.7175713976825849 -1.356352092651232
0.9314223095555215 0.525114797890069 1.007657612985123 0.16671600185678362 -0.05601907591741721 1.6185232002084875 -0.7156065128068096 -1.358457646414652
0.9304547319817054 0.5250560783570764 1.0104540342856605 0.16674676849925776 -0.05409561362087814 1.6143278709905478 -0.7136485077138169 -1.3605557392130732
0.9294242536270103 0.5251557638291551 1.0130337344609455 0.1668968228722384 -0.051932363044406245 1.6101570257500275 -0.7116973153211442 -1.3626464013386976
0.9283366274827675 0.5254043023955182 1.0154120321529123 0.16715895500551162 -0.0495450723207141 1.606009874005524 -0.709752869895383 -1.3647296628234666
0.9271972306549282 0.5257926559040916 1.0176033072127502 0.16752634569618707 -0.04694861663990508 1.6018856641404915 -0.7078151070401274 -1.3668055534455632
0.9260110868498738 0.5263122721164595 1.0196210554664316 0.16799254508696418 -0.04415704556323753 1.5977836814303534 -0.7058839636823393 -1.3688741027356899
0.9247828875578572 0.526955058397562 1.0214779403436443 0.16855145243815975 -0.04118362776202854 1.593703246171907 -0.7039593780573004 -1.3709353399831294
0.9235170120084919 0.5277133568546498 1.0231858415483437 0.16919729702640807 -0.03804089332301465 1.5896437119096019 -0.7020412896923106 -1.372989294241596
0.9222175459684727 0.5285799208447883 1.024755900939056 0.16992462010672602 -0.03474067375367228 1.5856044637535676 -0.7001296393892797 -1.3750359943348844
0.9208882994477348 0.5295478927747219 1.0261985657775485 0.17072825787820425 -0.03129413981362066 1.5815849167845353 -0.6982243692063475 -1.3770754688623261
0.9195328233764909 0.5306107831211777 1.0275236294955008 0.17160332539695328 -0.02771183729126056 1.57758451454107 -0.6963254224386577 -1.3791077462040564
0.9181544253120459 0.531762450603712 1.028740270120343 0.17254520138310986 -0.0240037208382197 1.573602727584765 -0.6944327435984033 -1.381132854526102
0.9167561842309356 0.5329970834460032 1.0298570864934322 0.17354951387170814 -0.02017918596795949 1.5696390521392938 -0.6925462783942481 -1.3831508217852937
0.915340964458785 0.5343091816650836 1.0308821324061952 0.17461212666004794 -0.016247099319026306 1.5656930087994296 -0.6906659737102236 -1.3851616757340122
0.9139114287872999 0.5356935403313865 1.0318229487727528 0.17572912650686298 -0.01221582727788583 1.561764141306354 -0.6887917775841929 -1.3871654439247703
0.9124700508249967 0.5371452337456805 1.0326865939508256 0.17689681104110996 -0.008093263051041539 1.5578520153857707 -0.6869236391859627 -1.389162153714641
0.9110191266256253 0.5386596004819805 1.0334796723163864 0.17811167734057698 -0.0038868522711923287 1.5539562176455302 -0.6850615087951226 -1.391151832269534
0.9095607856357409 0.5402322292483717 1.034208361191549 0.17937041114275137 0.00039638278248786164 1.5500763545296465 -0.6832053377786793 -1.3931345065683272
0.9080970010005187 0.5418589455203685 1.0348784362195445 0.18066987665250436 0.004749820274278062 1.5462120513257518 -0.6813550785685512 -1.395110203406859
0.9066295992646818 0.5435357989039696 1.0354952952753151 0.1820071069131459 0.00916721714054353 1.542362951223197 -0.6795106846389816 -1.3970789494017855
0.9051602695033159 0.545259051187962 1.0360639809952366 0.18337929470928777 0.013642688589508584 1.538528714419151 -0.6776721104839248 -1.3990407709943076
0.9036905719153598 0.5470251650472879 1.036589202004745 0.18478378397173073 0.018170688708321933 1.5347090172701936 -0.6758393115944525 -1.4009956944537734
0.9022219459106968 0.548830793361423 1.0370753529181769 0.18621806165626886 0.022745992117079776 1.530903551487035 -0.6740122444362251 -1.402943745881159
0.9007557177200068 0.5506727691137251 1.037526533180915 0.18767975006988752 0.027363676612789885 1.527112023370114 -0.6721908664270689 -1.404884951212434
0.8992931075548811 0.552548095839615 1.037946564819952 0.18916659961932483 0.03201910674939382 1.5233341530839501 -0.6703751359146949 -1.4068193362218129
0.8978352363441277 0.5544539385932453 1.0383390091652405 0.19067648195837614 0.036707918302925115 1.5195696739682385 -0.6685650121545907 -1.4087469265249006
0.8963831320707234 0.5563876154040065 1.0387071826006504 0.19220738351165056 0.041426003573677594 1.5158183318837828 -0.6667604552881177 -1.4106677475817322
0.8949377357324672 0.5583465891958154 1.039054171400018 0.1937573993537436 0.04616949747990035 1.5120798845914594 -0.6649614263208361 -1.4125818246997117
0.8934999069480779 0.5603284601436452 1.0393828457006216 0.1953247274239742 0.050934764400031134 1.5083541011625055 -0.6631678871010853 -1.4144891830364557
0.8920704292292366 0.5623309584431766 1.0396958726634418 0.1969076630579517 0.055718385722837965 1.5046407614185144 -0.6613798002988365 -1.4163898476025412
0.8906500149379016 0.5643519374707943 1.039995728866768 0.19850459381829216 0.06051714806706603 1.5009396553996015 -0.6595971293848385 -1.4182838432641651
0.8892393099471235 0.5663893673124258 1.0402847119770577 0.20011399460779858 0.06532803213429118 1.497250582859293 -0.6578198386100724 -1.4201711947457158
0.8878388980225418 0.5684413286409137 1.040564951738468 0.20173442304935837 0.07014820216066929 1.4935733527847606 -0.6560478929855277 -1.422051926632261
0.8864493049407647 0.5705060069227443 1.0408384203201182 0.20336451511769663 0.07497499593514936 1.489907782941098 -0.654281258262314 -1.4239260633719555
0.8850710023599075 0.572581686936027 1.0411069420579233 0.2050029810089599 0.07980591535349219 1.4862536994384081 -0.6525199009121168 -1.42579362927837
0.8837044114566881 0.5746667475826199 1.0413722026257453 0.20664860123489381 0.08463861747911341 1.4826109363205282 -0.6507637881080072 -1.4276546485327455
0.8823499063436564 0.5767596569782565 1.0416357576686275 0.20830022292912168 0.08947090608335402 1.4789793351742895 -0.6490128877056118 -1.4295091451861752
0.8810078172793564 0.5788589678054179 1.041899040929017 0.20995675635373356 0.09430072363927756 1.4753587447582575 -0.6472671682246498 -1.431357143161716
0.8796784336834856 0.5809633129145517 1.0421633718951164 0.2116171715950581 0.09912614374450827 1.4717490206499604 -0.6455265988308395 -1.4331986662564333
0.8783620069684253 0.5830714011600324 1.0424299629988525 0.2132804954381141 0.10394536394996007 1.4681500249106623 -0.6437911493181806 -1.4350337381433804
0.8770587531978624 0.5851820134580169 1.0426999263893777 0.21494580840982894 0.1087566989725693 1.4645616257667886 -0.6420607900916118 -1.4368623823735154
0.8757688555826109 0.5872939990540613 1.0429742803065492 0.21661224198166804 0.11355857427133757 1.4609836973071573 -0.6403354921500465 -1.4386846223775578
0.8744924668231561 0.5894062719890408 1.0432539550774331 0.21827897592284387 0.11834951996711791 1.457416119195211 -0.6386152270697868 -1.4405004814677869
0.8732297113079026 0.5915178077525455 1.0435397987575703 0.21994523579576972 0.12312816508764364 1.4538587763954927 -0.6368999669883147 -1.4423099828397836
0.8719806871755877 0.5936276401135302 1.0438325824374972 0.22161029058589024 0.1278932321203058 1.4503115589136404 -0.6351896845884603 -1.4441131495741184
0.870745468249837 0.5957348581185616 1.0441330052338524 0.22327345045846286 0.13264353185613662 1.4467743615492208 -0.6334843530829438 -1.4459100046379874
0.8695241058533792 0.5978386032485388 1.0444416989832865 0.22493406463527996 0.137377958509356 1.4432470836607514 -0.6317839461992917 -1.4477005708867972
0.8683166305090051 0.5999380667252717 1.0447592326563642 0.22659151938471495 0.14209548509768752 1.4397296289422965 -0.6300884381651197 -1.4494848710657018
0.867123053533947 0.602032486959778 1.045086116507657 0.22824523611884637 0.14679515906945392 1.436221905211055 -0.6283978036937835 -1.451262927811093
0.865943368533971 0.6041211471346063 1.0454228059773056 0.22989466959176377 0.15147609816422125 1.4327238242053884 -0.6267120179703908 -1.4530347636520438
0.8646971491393184 0.6061050089296435 1.0456408602879605 0.2314841469730247 0.15598284535737542 1.4291911915348823 -0.6250017443716208 -1.4547197105613174
0.8633859760284894 0.6079864487730273 1.0457435318288413 0.23301463289345997 0.16032149342625346 1.4256252502472015 -0.6232677244408802 -1.4563209649994109
0.8620114060814773 0.6097677795065256 1.0457340023594723 0.23448707948128747 0.16449790184088936 1.4220272104316796 -0.6215106843478518 -1.4578416081034864
0.8605749723763387 0.6114512530087556 1.0456153839565567 0.23590242672169878 0.16851770650611816 1.4183982502240728 -0.6197313352264078 -1.459284609841619
0.8590781842130208 0.6130390626759183 1.0453907199894878 0.23726160278788855 0.17238632906639467 1.414739516772491 -0.6179303735015462 -1.460652833017415
0.8575225271623146 0.6145333457683275 1.0450629861206204 0.23856552434572154 0.17610898579412435 1.4110521271663228 -0.6161084812059174 -1.4619490371303927
0.8559094631379384 0.6159361856305348 1.0446350913267073 0.2398150968340862 0.1796906960812695 1.4073371693298873 -0.6142663262864668 -1.4631758820973177
0.8542404304898836 0.6172496137924003 1.0441098789381658 0.24101121472284656 0.18313629055301436 1.4035957028824475 -0.6124045629016927 -1.464335931839505
0.8525168441172728 0.6184756119580334 1.0434901276930897 0.2421547617501754 0.18645041882134183 1.3998287599661403 -0.6105238317099829 -1.4654316577409106
0.8507400955990908 0.6196161138891232 1.0427785528031517 0.24324661114093046 0.18963755689549203 1.3960373460432949 -0.6086247601494708 -1.46646544198167
0.84891155334126 0.6206730071888046 1.0419778070287595 0.24428762580762275 0.19270201426543515 1.3922224406645363 -0.6067079627098174 -1.4674395807515697
0.8379627194978602 0.6256683999790109 1.0425291292988872 0.24409385587469934 0.19399632431275213 1.370718841149334 -0.5890320855166318 -1.468356287347772
0.8193889515593198 0.6338880984935531 1.0442136961029596 0.2428822159235138 0.19379462122174176 1.334538608208981 -0.5582814791235962 -1.4692176951609695
0.7945017797805826 0.644710179166424 1.0468384490330964 0.24084146421380442 0.19233817678821796 1.2863158411145752 -0.5168035743738331 -1.4700258605539793
0.7644489213245851 0.6575946295507725 1.0502333985388572 0.23813537259221215 0.18983890212519097 1.2283483398452866 -0.46664602649746145 -1.4707827656366586
0.730232264438905 0.6720740627098487 1.0542491922039392 0.23490556788517422 0.18648250124732763 1.1626350067766513 -0.4095900603044958 -1.4714903209408703
0.6927240187483209 0.6877453996794424 1.0587549227073938 0.2312740769901247 0.18243130953693443 1.0909094019030938 -0.3471803856554903 -1.4721503679991017
0.6526812095010276 0.7042624245403846 1.063636152885969 0.2273456048470309 0.1778268470769991 1.0146698268868939 -0.2807520178764411 -1.472764681830206
0.6107586770070821 0.7213291256717379 1.068793137369502 0.22320957171647202 0.17279211408724587 0.9352062780288543 -0.21145430639473575 -1.4733349733356107
0.5675207274098697 0.7386937449608121 1.074139222134947 0.21894193368628803 0.16743365319410167 0.8536245762552538 -0.14027244633399502 -1.4738628916092191
0.5236020143729215 0.7558213025479774 1.0796566881879657 0.21452892159529752 0.16179091028249765 0.7716188821975561 -0.06931541101799574 -1.4743272531518634
0.4825024414221821 0.771550701463819 1.0847067499711862 0.21057352966157283 0.15654141153744652 0.6950642079959162 -0.002790389575794752 -1.4747304718082923
0.4440718844124352 0.7859658078697725 1.089308744115594 0.20704428982938217 0.15166544319321157 0.6236599240605418 0.05953766347914413 -1.4750748741631827
0.40816798341706634 0.7991457062691643 1.0934812573502486 0.20391155614535122 0.14714414102633117 0.557121285431363 0.11789167718285298 -1.4753627026837726
0.3742794100766331 0.8111656871090903 1.097290304787336 0.20109168352906834 0.1430312813949672 0.49535225138564104 0.17233737332349494 -1.4756961669439241
0.342307849736157 0.8220931428809268 1.1007485618251474 0.1985630761786869 0.13930446058072027 0.4380856953851328 0.2230852913680028 -1.4760734247735243
0.3121597968595602 0.8319917739788152 1.1038683345038485 0.19630536416119118 0.13594231720754882 0.38506861512297863 0.2703350992509948 -1.4764927012466302
0.28374631476302764 0.8409217869714923 1.106661567940682 0.19429933901390936 0.13292448798039264 0.33606139923934386 0.3142761489892466 -1.476952286248801
0.25698280754565284 0.8489400823252207 1.1091398547319937 0.1925268926184703 0.13023156513996473 0.2908371318356147 0.3550880039621052 -1.477450532132359
0.23178880359240206 0.8561004321363364 1.111314443307531 0.1909709591834225 0.12784505557604792 0.24918093284506965 0.3929409393028952 -1.4779858514564066
0.2080877500566106 0.8624536484024444 1.1131962462239178 0.18961546017987174 0.12574734154298528 0.21088933241757016 0.42799641677261724 -1.4785567148085303
0.18581167272124324 0.8680341294625031 1.1148104376656458 0.18843613260251343 0.12389690268952547 0.1757670529550005 0.4604091258614112 -1.4791616487052435
0.16489128797044397 0.8728871875460132 1.1161674418384857 0.18741861044218167 0.12227772090577388 0.14363167023910403 0.4903242491749293 -1.4797992335683205
0.14526064705966796 0.87705570630627 1.1172772842089957 0.1865494211832401 0.12087468590716959 0.11431049630739894 0.51787943042497 -1.4804681017742793
0.12685697223156658 0.8805802675702286 1.1181496079613193 0.18581593584517392 0.11967354626325383 0.0876400717190874 0.5432051605362899 -1.4811669357743682
0.10962050103155263 0.8834992715417053 1.1187936897210258 0.18520632169043377 0.11866086300756931 0.06346568406226155 0.56642514404407 -1.4818944662825093
0.09349433840825168 0.8858490507945174 1.1192184545805124 0.18470949745929066 0.11782396569429163 0.041640911351756356 0.5876566467877609 -1.4826494705287432
0.0784243162051542 0.8876639783748903 1.1194324904588067 0.18431509099965657 0.11715091077414529 0.022027189036369695 0.6070108258556893 -1.483430770575805
0.06435885966981392 0.8889765703160796 1.1194440618269998 0.18401339916665227 0.11663044216874897 0.004493399399981024 0.6245930426860876 -1.4842372316965529
0.0512488606259467 0.8898175828526077 1.1192611228290303 0.18379534987317928 0.11625195392878836 -0.011084517796464658 0.6405031601839755 -1.485067760810047
0.03904755697182221 0.8902161046067684 1.1188913298260845 0.18365246617889486 0.11600545486734537 -0.024823934525908718 0.6548358246694546 -1.485921304974162
0.02771041818545921 0.8901996440060577 1.1183420533915094 0.18357683231081542 0.11588153506533805 -0.036835884596674674 0.6676807334313456 -1.4867968499326858
0.01719503653337916 0.8897942121769185 1.11762038978183 0.18356106151430002 0.11587133415136046 -0.047225395628805754 0.6791228886205951 -1.4876934187149404
0.007461023695088784 0.8890244015475873 1.1167331719082212 0.18359826563840764 0.11596651126327238 -0.05609180383896735 0.6892428381803933 -1.4886100702860214
-0.0015300874699087754 0.8879134603808861 1.1156869798316034 0.18368202636459469 0.1161592166036879 -0.06352905251965764 0.6981169044743728 -1.48954589824583
-0.009814936271891742 0.8864833634464633 1.114488150803418 0.18380636799243463 0.11644206450606372 -0.06962597505295208 0.7058174012405046 -1.490500029575133
-0.017428422903629223 0.8847548790312351 1.1131427888730645 0.183965731700516 0.11680810793240533 -0.07446656325582536 0.7124128394662756 -1.4914716234269503
-0.02440379274966253 0.8827476324765734 1.1116567740819776 0.18415495120491773 0.11725081432770364 -0.07813022181312854 0.7179681227503375 -1.4924598699616336
-0.030772716513933172 0.8804801664211059 1.1100357712633537 0.18436922974168535 0.11776404276009766 -0.08069200951543551 0.7225447326869743 -1.493463989224054
-0.03656536637627234 0.8779699979188099 1.108285238465628 0.18460411830354914 0.11834202227944207 -0.08222286798210413 0.7262009047823655 -1.49448323006138
-0.04181048837758066 0.8752336725933687 1.106410435016929 0.18485549506474588 0.11897933143045092 -0.08278983851492037 0.7289917953856494 -1.4955168690799767
-0.046535471223385784 0.8722868159814919 1.1044164292469145 0.18511954593123967 0.11967087885990164 -0.08245626769451307 0.7309696400931442 -1.4965642096400125
-0.05076641168584105 0.8691441822100603 1.1023081058816064 0.18539274615689477 0.12041188496052484 -0.08128200230024785 0.7321839040606982 -1.4976245808864106
-0.05452817677509479 0.8658197001445117 1.100090173126094 0.18567184296924255 0.1211978644971847 -0.07932357410444756 0.7326814246369447 -1.4986973368148326
-0.05784446284229159 0.8623265171388309 1.0977671694492657 0.18595383915141386 0.12202461016378054 -0.07663437506345638 0.7325065467091784 -1.4997818553714264
-0.06073785176824006 0.8586770405108043 1.095343470084057 0.1862359775295883 0.1228881770219794 -0.07326482340119048 0.7317012511335828 -1.5008775375851187
-0.06322986438397454 0.8548829768598506 1.0928232932560547 0.18651572631794583 0.12378486777543089 -0.06926252105532273 0.730305276602575 -1.5019838067312767
-0.0653410112620283 0.8509553693387089 1.0902107061526927 0.18679076527560698 0.12471121883552501 -0.06467240293206308 0.7283562352840355 -1.5031001075256043
-0.06709084101020332 0.8469046329845492 1.087509630644691 0.18705897263241755 0.12566398713703966 -0.05953687839255195 0.7258897225501132 -1.5042259053471787
-0.068497986192948 0.8427405882096437 1.0847238487708388 0.18731841274268232 0.12664013766419085 -0.0538959653721179 0.7229394210970901 -1.505360685489578
-0.06958020699911957 0.8384724925465906 1.081857007996697 0.1875673244280844 0.12763683164965478 -0.047787417513003 0.7195371997424089 -1.5065039524390802
-0.0703544327688963 0.8341090707382011 1.078912626257296 0.18780410997304864 0.12865141541107886 -0.04124684467157108 0.7157132071703751 -1.5076552291789582
-0.07083680148689873 0.8296585432575254 1.075894096793431 0.18802732473772524 0.12968140979144785 -0.03430782714243258 0.711495960884193 -1.508814056518926
-0.0710426973431639 0.8251286533391018 1.0728046927907047 0.18823566735558828 0.1307245001714226 -0.027002023924292108 0.7069124316088555 -1.5099799924488275
-0.07098678645847688 0.8205266925983414 1.069647571830035 0.18842797048436818 0.13177852702343193 -0.019359275335603183 0.7019881233769344 -1.511152611515691
-0.07068305086568538 0.8158595253120077 1.0664257801579424 0.18860319208067275 0.1328414769788734 -0.011407700272251395 0.696747149517481 -1.5123315042233076
-0.0701448208339935 0.8111336114289956 1.0631422567845377 0.18876040717020204 0.1339114743812727 -0.0031737883844395612 0.6912123047570202 -1.5135162764535153
-0.06938480561883573 0.8063550283770591 1.0597998374167614 0.188898800086933 0.1349867732996688 0.00531751256432667 0.6854051336309582 -1.5147065489084066
-0.06841512271576156 0.801529491727754 1.0564012582340774 0.18901765715604435 0.13606574997783522 0.014042713906795594 0.6793459953936124 -1.5159019565727043
-0.06724732569280181 0.7966623747786641 1.052949159513485 0.18911635979667463 0.137146895696222 0.022979707613557086 0.6730541256054745 -1.5171021481955744
-0.06589243067203022 0.7917587271089347 1.049446089110397 0.18919437802185976 0.13822881002471019 0.03210769194233508 0.666547694567208 -1.5183067857911747
-0.06436094152746683 0.7868232921612593 1.0458945058016267 0.18925126431418626 0.13931019444541698 0.04140710098221813 0.6598438627612371 -1.5195155441572612
-0.06266287386308447 0.7818605239007261 1.0422967824964389 0.18928664785682267 0.14038984632587437 0.050859537891026416 0.6529588334535845 -1.520728110411201
-0.06080777783146605 0.776874602598337 1.0386552093213437 0.18930022910066127 0.14146665322393492 0.060447711634415265 0.6459079026008282 -1.5219441835427607
-0.05880475985060978 0.7718694497845512 1.034971996584055 0.18929177464931576 0.14253958750673382 0.07015537704518189 0.6387055061996624 -1.5231634739830666
-0.05666250327348468 0.7668487424158704 1.0312492776217805 0.18926111244468116 0.14360770126696198 0.079967278030602 0.6313652652095367 -1.524385703189148
-0.05438928806218971 0.7618159262952652 1.0274891115387772 0.1892081272366734 0.14467012152058292 0.08986909376450096 0.6239000281721957 -1.525610603243505
-0.051993009515961496 0.7567742287851417 1.0236934858378788 0.1891327563216302 0.14572604567095754 0.09984738770918666 0.6163219116456268 -1.5268379164681558
-0.049481196099798834 0.7517266708495564 1.01986431895049 0.18903498553467354 0.14677473722513024 0.10988955932035963 0.6086423385639358 -1.5280673950526373
-0.04686102641812159 0.7466760784604903 1.0160034626693304 0.18891484548211043 0.14781552174877732 0.11998379829569406 0.6008720746289808 -1.5292988006954606
-0.04413934537564987 0.7416250934012059 1.012112704488029 0.18877240800068504 0.14884778304702745 0.1301190412349721 0.5930212628342016 -1.53053190425853
-0.04132267956557089 0.736576183498002 1.0081937698514691 0.18860778283119295 0.14987095955903654 0.14028493058647157 0.5850994562159608 -1.5317664854340587
-0.038417251923050344 0.7315316523100731 1.0042483243206215 0.18842111449462978 0.150884540954836 0.15047177576077597 0.5771156489228543 -1.5330023324235311
-0.03542899568023546 0.7264936483056432 1.0002779756554236 0.18821257935967348 0.1518880649235779 0.16067051629930978 0.5690783056888359 -1.5342392416282729
-0.032363567657085014 0.7214641735510943 0.9962842758191129 0.18798238289089453 0.15288111414287264 0.17087268699072214 0.5609953897916268 -1.5354770173512122
-0.02922636092064089 0.7164450919384304 0.9922687229072592 0.18773075706765122 0.1538633134194579 0.18107038483376173 0.5528743895737255 -1.5367154715094271
-0.026022516843722348 0.7114381369751106 0.9882327630046047 0.18745795796416176 0.15483432699195196 0.1912562377505214 0.5447223435993943 -1.5379544233570868
-0.022756936592473586 0.7064449191590434 0.9841777919726776 0.1871642634817511 0.15579385598693252 0.20142337495889784 0.5365458645172569 -1.539193699218415
-0.019434292070722822 0.7014669329603611 0.9801051571710111 0.18684997122475033 0.15674163602004382 0.21156539891782203 0.5283511616945925 -1.5404331322303102
-0.01605903634771354 0.6965055634304735 0.9760161591146792 0.1865153965119811 0.15767743493427414 0.22167635876328487 0.5201440626860434 -1.5416725620942742
-0.0126354135944414 0.6915620924578436 0.9719120530707369 0.18616087051618935 0.15860105066795993 0.23175072515742 0.5119300335962572 -1.5429118348373136
-0.0091674685525705 0.6866377046889229 0.9677940505960391 0.18578673852420038 0.15951230924546772 0.2417833664769267 0.5037141983929476 -1.5441508025814898
-0.0056590555587063655 0.6817334931317324 0.9636633210188034 0.18539335831095496 0.16041106288387688 0.2517695262709277 0.4955013572239832 -1.545389323321803
-0.0021138471456672867 0.6768504644586697 0.9595209928661804 0.1849810986209531 0.16129718820934133 0.26170480192197454 0.4872960037893772 -1.5466272607121114
0.0014646577586828002 0.6719895440242691 0.9553681552399913 0.18455033775098004 0.16217058457714223 0.27158512444734206 0.47910234181646066 -1.547864483858794
0.005073126015500649 0.6671515806128242 0.951205859142704 0.18410146222831805 0.16303117248976243 0.2814067393810085 0.47092430068405944 -1.549100867121877
0.008708382823362297 0.6623373509300141 0.947035118755625 0.18363486557896053 0.1638788921076139 0.29116618867980276 0.4627655502391602 -1.5503362899233533
0.012367404613350178 0.6575475638519432 0.9428569126711999 0.18315094718064048 0.16471370184733472 0.30086029360012745 0.4546295148473339 -1.5515706365624389
0.01604731227406166 0.6527828644443084 0.9386721850812326 0.18265011119576577 0.16553557706284333 0.31048613849444306 0.4465193867160821 -1.552803796037509
0.01974536469060439 0.6480438377637509 0.9344818469227577 0.1821327655796194 0.16634450880459278 0.32004105547933065 0.4384381385282757 -1.5540356618744786
0.02345895258243429 0.6433310124528258 0.9302867769832228 0.18159932115943472 0.16714050265271196 0.3295226099294485 0.43038853542095956 -1.555266131961391
0.02718559262564277 0.6386448641394294 0.9260878229665691 0.1810501907801937 0.1679235776199496 0.33892858675406606 0.4223731463430003 -1.5564951083889902
0.030922921846012627 0.6339858186509643 0.9218858025217286 0.18048578851322267 0.16869376512055592 0.34825697741510575 0.41439435482334736 -1.5577224972970634
0.03466869226983898 0.6293542550529851 0.9176815042349948 0.17990652892387374 0.1694511080014426 0.35750596764775205 0.40645436918005734 -1.558948208726341
0.0384207658201547 0.6247505085215703 0.9134756885876583 0.17931282639478252 0.17019565963215832 0.3666739258467103 0.3985552321986972 -1.5601721564757576
0.04217710944661026 0.6201748730581776 0.9092690888802412 0.17870509450138553 0.17092748305040173 0.37575939208311204 0.3906988303072799 -1.561394257964875
0.045935790477838 0.6156276040552929 0.9050624121246108 0.1780837454365618 0.17164665015997016 0.3847610677188812 0.3828869022735049 -1.562614434101287
0.04969497218568141 0.6111089207207459 0.9008563399051944 0.1774491894814361 0.17235324097820862 0.393677805587101 0.3751210474487604 -1.5638326091528203
0.05345290955119332 0.6066190083681614 0.8966515292104695 0.17680183451954362 0.17304734293018123 0.40250860070855426 0.36740273358209824 -1.5650487106243605
0.057207945222803716 0.602158020580625 0.8924486132358534 0.17614208559171132 0.17372905018693707 0.4112525815161604 0.35973330422620886 -1.5662626691391373
0.060958505657529825 0.5977260812542724 0.8882482021590693 0.1754703444891566 0.17439846304538342 0.4199090015605037 0.352113985756301 -1.5674744183243048
0.06470309743654948 0.5933232865281678 0.8840508838890219 0.17478700938244335 0.17505568734741414 0.4284772316710406 0.3445458940217244 -1.5686838947006638
0.06844030374688449 0.5889497066064999 0.8798572247891739 0.1740924744840658 0.1757008339360675 0.4369567525488966 0.33703004064916364 -1.5698910375763757
0.07216878102134544 0.5846053874788146 0.8756677703763702 0.17338712974255566 0.17633401814660823 0.44534714776841705 0.3295673390152696 -1.5710957889445232
0.07588725572927339 0.5802903525437042 0.8714830459960226 0.17267136056612448 0.17695535933054252 0.4536480971658262 0.32215860990568546 -1.5722980933843802
0.07959452131097927 0.5760046041410903 0.8673035574745271 0.17194554757396624 0.1775649804106829 0.46185937059447474 0.314804586876559 -1.5734978979662553
0.08328943524912812 0.5717481249979706 0.8631297917497531 0.17121006637344857 0.17816300746548178 0.46998082202722713 0.30750592133381177 -1.57469515215978
0.08697091627064542 0.5675208795922457 0.8589622174804054 0.17046528736152217 0.17874956934094965 0.47801238398755397 0.3002631873446583 -1.5758898077455183
0.09063794167303524 0.5633228154390018 0.8548012856350334 0.16971157554877192 0.17932479728856512 0.4859540622918552 0.29307688619512806 -1.577081818729776
0.09428954476929759 0.5591538643033943 0.8506474300614273 0.16894929040462275 0.1798888246276716 0.4938059310864529 0.285947450706642 -1.5782711412624946
0.0979248124459149 0.5550139433440657 0.8465010680371097 0.16817878572229725 0.18044178643093692 0.5015681281635562 0.27887524932403 -1.5794577335581192
0.10154288282864618 0.5509029561908201 0.8423626008016067 0.16740040950220314 0.1809838192315304 0.5092408505413232 0.27186058998674334 -1.580641555819332
0.10514294305112219 0.5468207939600864 0.8382324140711547 0.16661450385250334 0.18151506075074583 0.5168243502939173 0.26490372379441646 -1.5818225701635475
0.10872422712147804 0.5427673362115158 0.834110878536468 0.16582140490569378 0.1820356496448682 0.5243189306181992 0.2580048484773642 -1.5830007405520699
0.11228601388248917 0.538742451848883 0.8299983503441769 0.16502144275008143 0.18254572527014812 0.5317249421243895 0.25116411168205915 -1.584176032721817
0.1158276250608964 0.5347459999682969 0.8258951715625111 0.16421494137511952 0.18304542746481103 0.5390427793387009 0.24438161408112188 -1.5853484141195182
0.11934842340181342 0.530777830656567 0.8218016706317915 0.16340221862961693 0.18353489634708697 0.5462728774065714 0.23765741231687101 -1.5865178538382942
0.12284781088430782 0.5268377857424246 0.8177181628002621 0.162583586191897 0.18401427212830282 0.5534157089857186 0.23099152178701668 -1.5876843225565365
0.1263252270144349 0.5229256995031526 0.8136449505457791 0.16175934955103455 0.1844836949401324 0.5604717813188075 0.22438391928064413 -1.5888477924790008
0.12978014719218228 0.5190413993290494 0.8095823239838525 0.16092980799835105 0.1849433046751494 0.5674416334760548 0.21783454547221787 -1.5900082372800344
0.1332120811489524 0.5151847063480176 0.8055305612625157 0.16009525462839727 0.1853932408398766 0.5743258337586036 0.2113433072809416 -1.5911656320488623
0.1366205714523724 0.5113554360124545 0.8014899289444802 0.1592559763486977 0.1858336424195685 0.581124977253981 0.20491008010243558 -1.592319953236855
0.1400051920753742 0.5075533986505023 0.7974606823770178 0.1584122538975748 0.18626464775400883 0.5878396835354125 0.19853470991933603 -1.5934711786067088
0.1433655470266321 0.5037783999836103 0.7934430660499906 0.1575643618694118 0.18668639442364285 0.5944705944971933 0.19221701529708554 -1.5946192871834672
0.1467012690395861 0.5000302416122557 0.7894373139424392 0.15671256874675202 0.18709901914540406 0.6010183723187341 0.1859567892708616 -1.5957642592073191
0.15001201831740926 0.4963087214715755 0.785443649858119 0.15585713693866846 0.18750265767762983 0.6074836975502814 0.17975380112928716 -1.5969060760881075
0.15329748133140345 0.49261363425856575 0.7814622877503623 0.15499832282487278 0.1878974447334956 0.6138672673136861 0.17360779810027907 -1.5980447203614887
0.15655736967042724 0.4889447718324204 0.7774934320366299 0.15413637680506498 0.18828351390242865 0.6201697936119412 0.1675185069441153 -1.5991801756466801
0.15979141893907275 0.48530192358949625 0.7735372779031005 0.1532715433530559 0.18866099757899374 0.6263920017415421 0.16148563545854333 -1.600312426605742
0.1629993877024158 0.48168487681431243 0.7695940115996345 0.15240406107522392 0.18903002689877155 0.6325346288020353 0.15550887390050433 -1.6014414589043353
0.16618105647526693 0.4780934170079194 0.7656638107254373 0.1515341627728949 0.18939073168077794 0.638598422297423 0.14958789632881464 -1.6025672591739035
0.16933622675394805 0.47452732819489934 0.7617468445057327 0.15066207550825986 0.18974324037599835 0.6445841388243679 0.14372236187192355 -1.6036898149752266
0.17246472008871175 0.4709863932101949 0.7578432740597474 0.14978802067347025 0.19008768002163567 0.6504925428424148 0.13791191592465513 -1.6048091147632972
0.17556637719500914 0.46747039396689855 0.7539532526602959 0.14891221406257252 0.19042417620069346 0.6563244055216976 0.13215619127764283 -1.6059251478534724
0.17864105710189598 0.4639791117060739 0.7500769259852452 0.14803486594596701 0.1907528530065378 0.6620805036638407 0.1264548091829747 -1.6070379043888527
0.18168863633594606 0.4605123272296253 0.7462144323611273 0.14715618114709564 0.19107383301210215 0.667761618691991 0.12080738035938722 -1.6081473753088473
0.1847090081391174 0.45706982111717487 0.7423659029991585 0.14627635912108275 0.19138723724341872 0.673368535706133 0.11521350594017521 -1.6092535523188785
0.18770208171908875 0.4536513739278577 0.7385314622239164 0.14539559403507193 0.1916931851571786 0.6789020426000465 0.10967277836682189 -1.6103564278611877
0.1906677815306528 0.45025676638789536 0.7347112276949137 0.14451407485001846 0.1919917946220404 0.6843629292364575 0.1041847822312002 -1.611455995086702
0.19360604658681754 0.4468857795647623 0.7309053106213016 0.14363198540371375 0.19228318190342342 0.6897519866771166 0.09874909506904961 -1.6125522478279213
0.19651682979833013 0.4435381950287161 0.727113815969927 0.1427495044948332 0.19256746165153663 0.6950700064647166 0.09336528810729412 -1.6136451805727918
0.19940009734039607 0.44021379500242147 0.7233368426669579 0.14186680596781379 0.1928447468924108 0.7003177799537234 0.08803292696763557 -1.6147347884395284
0.20225582804542355 0.43691236249935705 0.7195744837932871 0.1409840587983805 0.19311514902171326 0.7054960976873509 0.08275157232873108 -1.6158210671523523
0.205084012820676 0.4336336814516595 0.7158268267739141 0.1401014271795546 0.19337877780113907 0.7106057488180616 0.07752078054914538 -1.6169040130181103
0.20788465408976747 0.43037753682802116 0.7120939535614976 0.139219070607988 0.19363574135718462 0.7156475205691106 0.07234010425315553 -1.6179836229037452
0.21065776525698332 0.4271437147422271 0.7083759408142697 0.13833714397047975 0.19388614618212105 0.7206221977347891 0.0672090928813794 -1.6190598942145846
0.21340337019345607 0.42393200255288255 0.7046728600684867 0.1374557976305413 0.19413009713699633 0.7255305622171438 0.062127293208097435 -1.620132824873419
0.21612150274426922 0.42074218895485505 0.7009847779055958 0.13657517751488726 0.19436769745650498 0.7303733925970759 0.05709424982704117 -1.6212024133003429
0.21881220625560457 0.41757406406292435 0.6973117561142822 0.13569542519973773 0.19459904875557463 0.7351514637378266 0.05210950560733073 -1.6222686583933277
0.22147553312108836 0.41442741948810785 0.6936538518475623 0.1348166779968275 0.19482425103752762 0.739865546418974 0.04717260212115676 -1.623331559509503
0.2241115443465293 0.41130204840710366 0.690011117775077 0.1339390690390255 0.19504340270368456 0.7445164069991593 0.042283080044720166 -1.6243911164471185
0.22672030913227853 0.4081977456252686 0.6863836022307374 0.13306272736547572 0.1952566005642857 0.7491048071058626 0.03744047953386478 -1.6254473294281633
0.22930190447247503 0.4051143076335261 0.6827713493558707 0.13218777800617854 0.19546393985061294 0.753631503350634 0.03264434057576428 -1.6265001990816184
0.23185641477047406 0.4020515326595768 0.6791743992380054 0.13131434206593787 0.19566551422820327 0.7580972470682801 0.02789420331795422 -1.627549726427319
0.23438393146978653 0.3990092207137651 0.6755927880454339 0.13044253680760662 0.19586141581105118 0.7625027840785791 0.023189608375933396 -1.628595912860406
0.2368845526998878 0.3959871736299339 0.672026548157684 0.12957247573456848 0.1960517351767043 0.7668488544691812 0.018530097120495463 -1.6296387601363422
0.23935838293628245 0.39298519510158336 0.6684757082920264 0.1287042686724001 0.19623656138216233 0.7711361923984229 0.013915211945891752 -1.630678270356478
0.2418055326742385 0.3900030907136294 0.664940293626142 0.12783802184966309 0.19641598198049579 0.7753655259168528 0.0093444965198691 -1.6317144459541404
0.24422611811563136 0.3870406679700441 0.6614203259170685 0.12697383797778028 0.19659008303810602 0.7795375768063325 0.004817496016572513 -1.6327472896812323
0.24662026086836114 0.3840977363176427 0.6579158236165396 0.1261118163299552 0.19675894915255335 0.7836530604356391 0.0003337573332511754 -1.6337768045953196
0.24898808765783104 0.38117410716626693 0.6544268019828313 0.1252520528190984 0.19692266347088533 0.7877126856315546 -0.004107170708342474 -1.63480299404719
0.2513297300499971 0.3782695939056014 0.6509532731892201 0.12439464007472834 0.19708130770840124 0.7917171545644843 -0.008505737175016986 -1.6358258616688663
0.25364532418552105 0.37538401191884607 0.6474952464291582 0.1235396675188181 0.19723496216779351 0.7956671626476971 -0.01286238884886975 -1.6368454113620579
0.25593501052457723 0.3725171785934551 0.6440527280182671 0.12268722144056324 0.19738370575861114 0.7995633984493332 -0.017177570066920406 -1.6378616472870342
0.25819893360188534 0.36966891332914054 0.6406257214932461 0.12183738507004896 0.19752761601699326 0.8034065436163716 -0.021451722572931094 -1.6388745738519053
0.2604372417915583 0.3668390375433279 0.6372142277077916 0.12099023865079858 0.19766676912562545 0.8071972728097933 -0.025685285380732475 -1.639884195702294
0.262650087081373 0.36402737467424107 0.6338182449256147 0.12014585951118735 0.1978012399338744 0.8109362536502199 -0.029878694648409854 -1.6408905177113873
0.26483762485608786 0.3612337501817817 0.6304377689106503 0.1193043221347091 0.19793110197805958 0.8146241466733501 -0.03403238356273755 -1.64189354497035
0.267000013689447 0.3584579915463614 0.6270727930145393 0.11846569822908543 0.19805642750182376 0.8182616052945475 -0.03814678223328161 -1.6428932827790916
0.26913741514452727 0.3556999282658333 0.6237233082614683 0.11763005679420949 0.19817728747656727 0.8218492757819778 -0.042222317595621395 -1.6438897366373704
0.271249993582098 0.35295939185066383 0.620389303430446 0.11679746418891855 0.1982937516219132 0.8253877972377224 -0.04625941332316929 -1.6448829122362236
0.27333791597667734 0.3502362158174745 0.6170707651350946 0.11596798419659188 0.19840588842617338 0.8288778015863294 -0.05025848974709515 -1.6458728154497129
0.275401351739983 0.3475302356810784 0.6137676779010306 0.11514167808957186 0.19851376516678718 0.8323199135702929 -0.0542199637838881 -1.646859452326972
0.2774404725514874 0.34484128894512733 0.6104800242409072 0.11431860469240857 0.1986174479307077 0.8357147507519808 -0.058144248870112825 -1.647842829084546
0.27945545219579976 0.3421692150914792 0.6072077847271895 0.11349882044392892 0.19871700163471184 0.8390629235215599 -0.06203175490394079 -1.6488229520990136
0.2814464664066085 0.3395138555683883 0.6039509380627304 0.11268237945813386 0.19881249004561227 0.8423650351104909 -0.06588288819305918 -1.6497998278998793
0.2834136927169293 0.33687505377761656 0.6007094611492121 0.11186933358392757 0.198903975800352 0.8456216816101926 -0.06969805140858108 -1.6507734631627269
0.28535731031541484 0.33425265506055557 0.5974833291535188 0.11105973246368459 0.19899152042596302 0.8488334519954953 -0.07347764354460058 -1.6517438647026261
0.28727749990849083 0.331646506683446 0.5942725155721005 0.11025362359066143 0.19907518435937302 0.852000928152528 -0.07722205988305518 -1.6527110394677813
0.2891744435880942 0.3290564578217743 0.5910769922933895 0.10945105236526075 0.1991550269670444 0.8551246849107029 -0.08093169196357605 -1.653674994533414
0.2910483247047983 0.3264823595439227 0.5878967296583267 0.1086520621501566 0.19923110656443296 0.8582052900784819 -0.08460692755802349 -1.6546357370958713
0.292899327746118 0.32392406479414326 0.5847316965190545 0.10785669432429076 0.19930348043525314 0.8612433044826256 -0.08824815064942113 -1.6555932744669526
0.29472763821979625 0.321381428374923 0.5815818602958297 0.10706498833575036 0.19937220485053936 0.8642392820106473 -0.09185574141501791 -1.6565476140684439
0.29653344254188285 0.31885430692880157 0.578447187032211 0.1062769817535381 0.1994373350874931 0.8671937696562059 -0.09543007621322107 -1.6574987634268559
0.2983169279294215 0.3163425589197013 0.5753276414485711 0.1054927103182471 0.19949892544810716 0.8701073075671927 -0.09897152757415725 -1.6584467301683556
0.3000782822975713 0.3138460446138239 0.5722231869939822 0.10471220799165247 0.19955702927755933 0.8729804290962767 -0.10248046419363223 -1.659391522013886
0.301817694160994 0.3113646260601651 0.5691337858965263 0.10393550700523302 0.1996116989823682 0.8758136608536905 -0.10595725093027156 -1.6603331467744662
0.30353535253934594 0.30889816707069534 0.5660593992120719 0.10316263790763623 0.1996629860483054 0.8786075227620512 -0.10940224880563666 -1.6612716123466666
0.305231446866719 0.3064465332002526 0.5629999868715673 0.10239362961110053 0.1997109410580591 0.8813625281130242 -0.11281581500712175 -1.6622069267082509
0.3069061669048827 0.3040095917261876 0.5599555077268904 0.10162850943684906 0.1997556137086438 0.8840791836256456 -0.11619830289344771 -1.6631390979139804
0.3085597026601841 0.30158721162780217 0.5569259195953007 0.10086730315946957 0.1997970528285535 0.8867579895061373 -0.119550062002579 -1.664068134091575
0.3101443180693288 0.29920375881307987 0.5539175415253424 0.10010376615586737 0.19982568644753715 0.8892904860428993 -0.12279192612604309 -1.6649940434378234
0.3116611945283089 0.2968583237716352 0.5509302333272432 0.09933822094006688 0.19984187586671529 0.8916803038719279 -0.1259265307089273 -1.6659168342148385
0.3131115010361178 0.2945500201478851 0.5479638531768614 0.09857097711104092 0.19984597262712206 0.8939309891816877 -0.12895645042233184 -1.6668365147464528
0.31449639412993946 0.2922779841481176 0.5450182577610722 0.09780233178597028 0.19983831877347852 0.8960460056983917 -0.13188420058048334 -1.6677530934147482
0.3158170178296606 0.2900413739626684 0.5420933024170868 0.09703257002001249 0.19981924711083474 0.8980287366235131 -0.13471223852412834 -1.6686665786567156
0.3173962667492724 0.2880807748861948 0.5390494460445169 0.09638008057194022 0.19971665172057587 0.8997262839912833 -0.1373303136795298 -1.6695769789610393
0.3192175753269415 0.28638259213839373 0.5358951410316362 0.09583878080972155 0.19953610085107962 0.9011513789512673 -0.13974761155755816 -1.6704843028650012
0.3212652115835166 0.2849338438279746 0.5326383924701058 0.09540288015288505 0.19928284919006894 0.9023161919264727 -0.14197291464086906 -1.6713885589515023
0.32352423761062393 0.2837221334550518 0.5292867801822794 0.09506686611062279 0.19896185422733012 0.9032323578624016 -0.14401462049580652 -1.672289755846196
0.3259804718977264 0.28273562365630817 0.5258474796945778 0.09482549098650891 0.19857779179934296 0.9039110003244181 -0.1458807590592406 -1.6731879022147278
0.3286204534130614 0.2819630111363726 0.5223272822066628 0.0946737592181442 0.19813507085567642 0.9043627544962876 -0.14757900913817276 -1.6740830067600805
0.3314314073572995 0.2813935027314425 0.5187326136038072 0.09460691532153531 0.1976378474850936 0.904597789130311 -0.1491167141582007 -1.6749750782200186
0.33440121251251603 0.2810167925536462 0.5150695525576408 0.09462043241144522 0.19709003823749052 0.9046258274971556 -0.15050089719527576 -1.6758641253646298
0.3375183701126431 0.28082304016699916 0.5113438477583353 0.09471000127031137 0.1964953327760605 0.9044561673812721 -0.15173827532360068 -1.6767501569939594
0.3407719741649774 0.28080284974805064 0.5075609343192714 0.09487151993962531 0.19585720589242558 0.9040977001656726 -0.15283527331100616 -1.6776331819357333
0.3441516831555758 0.28094725018646394 0.5037259493933088 0.0951010838089023 0.195178928915904 0.9035589290478336 -0.15379803669170258 -1.678513209043169
0.34764769307446913 0.2812476760828165 0.4998437470379469 0.09539497617854738 0.1944635805465845 0.9028479864265639 -0.15463244424492895 -1.6793902471928683
0.35125071169958727 0.28169594960285893 0.49591891236491276 0.09574965927404581 0.19371405714045295 0.9019726504978446 -0.1553441199067097 -1.680264305282792
0.3549519340811097 0.28228426314933336 0.4919557750080492 0.09616176568997523 0.19293308247345659 0.9009403610959015 -0.15593844414067917 -1.6811353922303096
0.358743019170648 0.2830051628142275 0.4879584219417837 0.09662809024335521 0.1921232170100977 0.8997582348141002 -0.15642056479273958 -1.682003516970326
0.36261606754223585 0.28385153257603757 0.4839307096809465 0.09714558221682118 0.19128686670091602 0.8984330794386642 -0.15679540745318085 -1.6828686884534778
0.3665636001545511 0.2848165792082293 0.4798762758912608 0.09771133797303398 0.19042629133204414 0.8969714077266985 -0.15706768534880386 -1.6837309156444003
0.37057853810613106 0.28589381786663004 0.47579855043845076 0.09832259392261833 0.18954361244890341 0.8953794505585527 -0.15724190878655314 -1.68459020752006
0.3746541833375705 0.2870770583249575 0.4717007659026016 0.09897671982876287 0.1886408208750413 0.8936631694931787 -0.157322394169177 -1.685446573068153
0.37878420023681797 0.28836039182909606 0.4675859675831552 0.09967121243241492 0.1877197838460981 0.8918282687538158 -0.15731327260248973 -1.6863000212855623
0.382962598105714 0.2897381785420717 0.4634570230187295 0.10040368938276545 0.18678225177792435 0.8898802066700855 -0.15721849811291164 -1.6871505611768791
0.38718371444784744 0.291205035552957 0.4593166310448166 0.10117188345844634 0.18582986468695034 0.8878242066013743 -0.15704185549310515 -1.687998201752977
0.39144219903965266 0.29275582542415746 0.45516733041132706 0.10197363706555418 0.18486415828003366 0.8856652673652418 -0.15678696779270557 -1.6888429520296455
0.39573299874842793 0.2943856452526948 0.45101150798091705 0.1028068969992744 0.1838865697301756 0.8834081731934992 -0.15645730347036585 -1.6896848210262734
0.4000513430626356 0.2960898162222167 0.44685140652804933 0.10366970945650801 0.18289844315370354 0.8810575032375636 -0.15605618322258882 -1.690523817764587
0.4043927303014443 0.2978638736235203 0.44268913215780004 0.10456021528750184 0.1819010348037598 0.8786176406437 -0.15558678650411042 -1.691359951267435
0.408752914472 0.29970355732239007 0.43852666136252827 0.10547664547505357 0.1808955179942166 0.8760927812178149 -0.1550521577539194 -1.6921932305576237
0.41312789274437106 0.30160480265451706 0.43436584773367254 0.10641731683040666 0.17988298776745154 0.8734869416985652 -0.1544552123403525 -1.693023664656795
0.41751389351549884 0.30356373172818696 0.4302084283451254 0.10738062789546753 0.1788644653187645 0.8708039676566801 -0.1537987422380874 -1.6938512625843527
0.4219073650348133 0.3055766451163041 0.42605602982386104 0.10836505504147126 0.17784090218959508 0.8680475410375743 -0.1530854214492667 -1.694676033356428
0.4263049645654348 0.30764001392015805 0.42191017412275383 0.1093691487546916 0.1768131842411078 0.8652211873635457 -0.15231781118042576 -1.6954979859848882
0.4307035480560902 0.3097504721881402 0.41777228400981925 0.11039153010023908 0.1757821354191481 0.8623282826111026 -0.15149836478636075 -1.696317129476385
0.43510016030001974 0.31190480967338086 0.4136436882874388 0.11143088735541742 0.174748521321036 0.8593720597782514 -0.1506294324915632 -1.6971334728314396
0.43949202555825084 0.31409996491500813 0.40952562675449045 0.11248597280451512 0.17371305257415304 0.8563556151558955 -0.14971326589935896 -1.697947025043566
0.4438765386256566 0.3163330186284248 0.40541925492369596 0.1135555996872958 0.17267638803579163 0.853281914316846 -0.14875202229842577 -1.6987577950984294
0.4482512563192197 0.31860118739066273 0.40132564850591496 0.11463863929382005 0.1716391378232731 0.8501537978353251 -0.14774776877591886 -1.6995657919730387
0.4526138893688695 0.32090181760751096 0.39724580767256185 0.11573401819858281 0.1706018661828994 0.8469739867492533 -0.14670248614601156 -1.7003710246349717
0.456962294692172 0.32323237974971347 0.39318066110679356 0.1168407156272847 0.16956509420588434 0.8437450877770449 -0.14561807270225394 -1.7011735020416325
0.4612944680350153 0.3255904628461153 0.38913106985361234 0.11795776094987497 0.1685293023990104 0.8404695983001018 -0.14449634780176734 -1.7019732331395394
0.4656085369612607 0.3279737692221821 0.3850978309785486 0.11908423129380719 0.16749493311737693 0.8371499111216781 -0.14333905528892538 -1.7027702268636418
0.4699027541751165 0.3303801094728453 0.38108168104413104 0.12021924927173812 0.16646239286624362 0.8337883190123038 -0.1421478667658212 -1.7035644921366662
0.4741754911607438 0.332807397659128 0.37708329941291596 0.12136198081817587 0.1654320544786289 0.830387019051483 -0.14092438471648658 -1.7043560378684888
0.47842523212431964 0.33525364671848257 0.37310331138543174 0.12251163312984595 0.16440425917499443 0.8269481167749421 -0.13967014549150933 -1.7051448729555352
0.48265056822446667 0.33771696407923063 0.3691422911809988 0.1236674527047937 0.1633793185110353 0.8234736301362721 -0.13838662215939118 -1.7059310062802047
0.4868501920776112 0.3401955474699298 0.3652007647690089 0.12482872347548003 0.16235751621929845 0.8199654932914108 -0.13707522723069765 -1.7067144467103195
0.491022892525452 0.342687680914909 0.3612792125578864 0.12599476503135396 0.16133910995006906 0.8164255602140176 -0.13573731526077468 -1.7074952030985973
0.49516754965231674 0.34519173090761074 0.35737807194861265 0.12716493092660175 0.1603243329166955 0.812855608149427 -0.13437418533654236 -1.7082732842821466
0.4992831300407488 0.3477061427537582 0.3534977397593681 0.12833860706897823 0.1593133954502679 0.8092573409145168 -0.13298708345262397 -1.7090486990819844
0.5033686822542053 0.35022943707672555 0.3496385745275353 0.1295152101858217 0.15830648646832135 0.8056323920504863 -0.13157720478182788 -1.7098214563025738
0.5074233325362648 0.3527602064778365 0.345800898695008 0.13069418636354072 0.15730377486200325 0.8019823278352246 -0.1301456958447704 -1.7105915647313827
0.5114462807162304 0.3552971123446447 0.34198500068247234 0.13187500965703877 0.15630541080592378 0.7983086501616387 -0.12869365658320872 -1.7113590331384625
0.5154367963114858 0.3578388818005644 0.33819113685805197 0.13305718076571255 0.15531152699469822 0.794612799288023 -0.1272221423414441 -1.7121238702760437
0.5193942148174068 0.3603843047895192 0.33441953340545755 0.13424022577282002 0.15432223980999088 0.7908961564662719 -0.12573216575995624 -1.712886084878152
0.5233179341760575 0.362932231289565 0.3306703880965315 0.13542369494516918 0.15333765042167977 0.7871600464534705 -0.1242246985852393 -1.7136456856602402
0.5272074114153046 0.36548156864971365 0.32694387197284963 0.13660716159022365 0.15235784582658074 0.7834057399121486 -0.1227006733996291 -1.714402681318838
0.5310621594503746 0.3680312790444484 0.32324013094081655 0.13779022096786128 0.15138289982799807 0.7796344557042374 -0.12116098527473755 -1.7151570805312168
0.534881744040246 0.3705803770406674 0.31955928728448235 0.13897248925415442 0.15041287395920452 0.775847363083541 -0.1196064933519451 -1.7159088919550713
0.538665780891621 0.37312792727203303 0.31590144110010376 0.14015360255466675 0.1494478183537986 0.7720455837913136 -0.11803802235324488 -1.716658124228215
0.5424139329035583 0.3756730422159288 0.3122666716562837 0.1413332159648818 0.1484877725657388 0.7682301940593228 -0.1164563640255814 -1.7174047859682915
0.5461259075461707 0.3782148800684435 0.30865503868333755 0.14251100267549366 0.1475327663417135 0.76440222652458 -0.1148622785216835 -1.7181488857724978
0.5498014543670928 0.38075264271300935 0.3050665835953617 0.143686653120398 0.14658282034837186 0.7605626720597287 -0.11325649572025426 -1.7188904322173235
0.5534403626197222 0.3832855737785166 0.30150133064831275 0.1448598741653271 0.14563794685681344 0.7567124815228968 -0.11163971648825001 -1.719629433858301
0.5570424590075106 0.3858129567829173 0.29795928803724747 0.14603038833517032 0.14469815038661288 0.7528525674306478 -0.11001261388785605 -1.7203658992297683
0.5606076055388491 0.38833411335851015 0.2944404489357237 0.14719793307811604 0.14376342831154146 0.748983805557498 -0.10837583433064765 -1.7210998368446453
0.5641356974873454 0.3908484015552681 0.29094479248021676 0.14836226006484132 0.1428337714290374 0.74510703646531 -0.10672999868131176 -1.7218312551942192
0.5676266614525305 0.39335521421873815 0.287472284702271 0.14952313452105973 0.14190916449537277 0.7412230669657197 -0.10507570331319618 -1.7225601627479434
0.5710804535162654 0.3958539774391945 0.28402287941097365 0.15068033459182048 0.14098958672836595 0.7373326715186131 -0.10341352111785022 -1.7232865679532459
0.5744970574903352 0.3983441490688797 0.28059651902821575 0.15183365073602864 0.14007501227939428 0.7334365935695281 -0.1017440024706219 -1.7240104792353472
0.5778764832509296 0.400825217304308 0.27719313537908485 0.15298288514973007 0.13916541067637228 0.7295355468287279 -0.10006767615428296 -1.7247319049970904
0.5812187651559076 0.40329669933074197 0.273812650439622 0.1541278512167749 0.13826074723927537 0.7256302164945674 -0.0983850502425631 -1.7254508536187787
0.584523960540936 0.405758140026085 0.2704549770440682 0.15526837298554055 0.13736098346970857 0.7217212604236517 -0.09669661294538955 -1.726167333458023
0.5877921482907701 0.4082091107215532 0.26712001955362336 0.15640428467045842 0.13646607741594255 0.7178093102501769 -0.09500283341754591 -1.7268813528495979
0.5910234274821237 0.410649208016611 0.26380767448864173 0.15753543017714927 0.13557598401476612 0.7138949724567292 -0.09330416253238681 -1.7274038513628505
0.5942179160947357 0.4130780526457671 0.26051783112609705 0.15866166265003012 0.13469065541143543 0.7099788293987183 -0.09160103362217013 -1.7277414415164127
0.5973757497874008 0.41549528839493444 0.25725037206406026 0.15978284404130974 0.1338100412589333 0.706061440284522 -0.08989386318649788 -1.7279005236290317
0.6004970807358819 0.41790058106516204 0.2540051737548493 0.16089884470034305 0.13293408899768994 0.7021433421133212 -0.08818305157028888 -1.727887292584172
0.6035820765297658 0.4202936174816441 0.2507821070084301 0.16200954298236378 0.13206274411685656 0.6982250505725186 -0.086468983612642 -1.7277077443791073
0.606630919125459 0.4226741045460062 0.24758103746757093 0.16311482487566223 0.13119595039816678 0.6943070608965455 -0.08475202926788687 -1.7273676824653683
0.6096438038526537 0.4250417683299569 0.24440182605618024 0.16421458364632044 0.13033365014336656 0.6903898486887808 -0.08303254420006015 -1.7268727238871928
0.6126209384717152 0.4273963532084807 0.2412443294021876 0.16530871949965947 0.1294757843861427 0.6864738707082271 -0.0813108703519896 -1.7262283052244134
0.6155625422795629 0.42973762103082713 0.23810840023626217 0.1663971392575949 0.12862229308943132 0.6825595656225124 -0.07958733649011408 -1.725439688346013
0.6184688452617307 0.43206535032763194 0.2349938877675999 0.16747975605113505 0.12777311532894092 0.6786473547287204 -0.07786225872611702 -1.7245119659803791
0.6213400872883983 0.4343793355525777 0.2319006380379506 0.16855648902729387 0.1269281894636819 0.6747376426434765 -0.07613594101640175 -1.7234500671080957
0.6241765173522896 0.43667938635707476 0.22882849425499893 0.16962726306972528 0.12608745329425158 0.6708308179636584 -0.07440867564039082 -1.7222587621829275
0.6269783928464334 0.4389653268965103 0.22577729710615935 0.17069200853241984 0.12525084420958532 0.6669272538990342 -0.07268074365858657 -1.7209426681864688
0.629745978879872 0.4412369951666771 0.22274688505379267 0.17175066098583575 0.12441829932284566 0.6630273088780732 -0.07095241535128834 -1.7195062535217558
0.6324795476294971 0.4434942423690579 0.21973709461280314 0.17280316097486756 0.12358975559708686 0.6591313271281192 -0.0692239506388209 -1.7179538427509724
0.635179377726273 0.4457369323036981 0.21674776061152762 0.17384945378808409 0.12276514996129738 0.6552396392310599 -0.06749559948409013 -1.7162896211822172
0.6378457536741926 0.4479649407884572 0.21377871643678395 0.1748894892376948 0.12194441941739129 0.651352562655577 -0.06576760227824512 -1.7145176393101385
0.6404789653003866 0.4501781551034828 0.21082979426390316 0.17592322144973035 0.12112750113868882 0.6474704022670109 -0.06404019021019085 -1.7126418171150934
0.6430793072348796 0.4523764734598026 0.20790082527252896 0.17695060866394768 0.12031433256039736 0.6435934508158285 -0.06231358562066185 -1.710665948225339
0.6456470784185602 0.45455980449097905 0.20499163984893037 0.1779716130429937 0.11950485146257651 0.6397219894056365 -0.06058800234153521 -1.708593703946616
0.6481825816379967 0.4567280667668181 0.20210206777553588 0.17898620049038455 0.11869899604604515 0.635856287941641 -0.05886364602103085 -1.7064286371633526
0.6506861230857957 0.4588811883281681 0.1992319384083626 0.17999434047687854 0.11789670500166309 0.6319966055604141 -0.057140714435417836 -1.7041741861155768
0.6531580119452607 0.4610191062418886 0.19638108084298111 0.18099600587484138 0.11709791757339677 0.6281431910417881 -0.05541939778781738 -1.7018336780554952
0.6555985599981679 0.46314176617510816 0.1935493240696243 0.18199117280022217 0.11630257361555613 0.6242962832036599 -0.053699878994666966 -1.6994103327875756
0.6580080812545293 0.4652491219879312 0.19073649711801874 0.18297982046177647 0.11551061364456831 0.620456111280458 -0.05198233396038433 -1.6969072660958402
0.6603868916032697 0.4673411353437891 0.18794242919248844 0.183961931017191 0.11472197888563421 0.6166228952859831 -0.05026693184074612 -1.6943274930619656
0.6627353084827913 0.4694177753366685 0.1851669497978532 0.18493748943578095 0.1139366113145944 0.6127968463613089 -0.04855383529547268 -1.6916739312776667
0.6650536505704494 0.4714790181344817 0.18240988885661813 0.1859064833674469 0.11315445369531325 0.608978167108392 -0.04684320073048851 -1.6889494039547324
0.6673422374900112 0.47352484663787825 0.17967107681792566 0.18686890301759354 0.11237544961287267 0.6051670519100157 -0.045135178530306894 -1.6861566429359742
0.6696013895362063 0.47555525015382755 0.17695034475871832 0.18782474102772712 0.11159954350285069 0.6013636872366626 -0.043429913280966966 -1.683298291610244
0.6718314274155286 0.4775702240833299 0.17424752447753766 0.18877399236146156 0.11082668067694489 0.5975682519408827 -0.041727543983932476 -1.6803769077345758
0.6740326720024815 0.47956976962264514 0.17156244858136377 0.18971665419567713 0.11005680734518589 0.5937809175397019 -0.04002820426134306 -1.6773949661664138
0.6762054441105011 0.4815538934774523 0.16889495056587908 0.19065272581658738 0.1092898706349722 0.5900018484855866 -0.03833202255299142 -1.6743548615087853
0.6783500642768249 0.4835226075893804 0.16624486488952106 0.19158220852048213 0.10852581860714484 0.586231202426462 -0.03663912230538309 -1.6712589106711984
0.6804668525606109 0.485475928874376 0.16361202704167016 0.1925051055189257 0.10776460026930752 0.582469130455256 -0.03494962215321965 -1.6681093553489432
0.6825561283536439 0.487413878972395 0.16099627360530158 0.19342142184819974 0.1070061655865864 0.5787157773494197 -0.03326363609363082 -1.6649083644234008
0.6846182102029963 0.48933648400793056 0.15839744231441277 0.19433116428279118 0.10625046549001245 0.574971281800858 -0.03158127365346658 -1.661658036285873
0.6866534156450416 0.4912437743609087 0.15581537210652296 0.19523434125273434 0.10549745188269855 0.5712357766366801 -0.029902640049946548 -1.6583604010873714
0.6886620610502476 0.49313578444750555 0.15324990317052578 0.1961309627646265 0.10474707764397387 0.5675093890311669 -0.028227836344950498 -1.6550174229167223
0.6906444614782029 0.4950125525104579 0.15070087699016183 0.19702104032614423 0.103999296631628 0.5637922407093289 -0.026556959593221418 -1.6516310019092746
0.692600930542356 0.49687412041845924 0.148168136383364 0.19790458687389692 0.10325406368240903 0.5600844481424163 -0.02489010298474042 -1.6482029762884172
0.694531780283973 0.49872053347425 0.1456515255377162 0.19878161670446085 0.10251133461091051 0.5563861227357233 -0.023227355981521237 -1.6447351243420492
0.6964373210548395 0.5005518402310284 0.14315089004225276 0.1996521454084459 0.10177106620697501 0.5526973710090155 -0.02156880444906116 -1.6412291663360747
0.6983178614082606 0.5023680923168252 0.1406660769158149 0.20051618980745312 0.10103321623173349 0.5490182947698948 -0.019914530782674633 -1.6376867663669281
0.7001737079979284 0.5041693442665004 0.13819693463216906 0.20137376789378894 0.10029774341239313 0.5453489912804007 -0.0182646140289259 -1.634109534155071
0.7020051654842505 0.5059556533610347 0.1357433131420814 0.20222489877280794 0.09956460743587925 0.5416895534171344 -0.016619130002367342 -1.6304990267813444
0.703812536447752 0.5077270794738042 0.13330506389253263 0.20306960260776247 0.09883376894143044 0.5380400698251807 -0.014978151397781166 -1.626856750367992
0.7055961213091807 0.5094836849235396 0.13088203984324778 0.20390790056704297 0.09810518951223987 0.534400625066088 -0.013341747898113248 -1.6231841617061227
0.7073562182559651 0.5112255343336819 0.12847409548070646 0.2047398147736991 0.09737883166623025 0.5307712997601571 -0.011709986278279738 -1.6194826698313127
0.7089899682404891 0.5128753015870618 0.1261257759265223 0.20552750132992628 0.09667787929322356 0.5272022481223168 -0.010119045691839546 -1.6157536375490047
0.7105006117646576 0.5144351149945361 0.12383536131973966 0.206272018809446 0.0960012254642186 0.5236918182522818 -0.008567747678088293 -1.6119983829113
0.7118913133399228 0.5159070591590283 0.12160118285143133 0.2069744008209845 0.09534780667680699 0.520238406673689 -0.007054948335743238 -1.6082181806466938
0.7131651632902615 0.5172931758279012 0.11942162124202839 0.20763565668096542 0.09471660126316353 0.516840456941929 -0.005579537334613329 -1.6044142635442504
0.7143251795110646 0.5185954647298948 0.1172951052644387 0.20825677206515536 0.09410662785427583 0.5134964582911734 -0.004140436954899828 -1.6005878237936741
0.7153743091850503 0.5198158843968627 0.11522011031155882 0.20883870963998868 0.0935169438984667 0.5102049443195081 -0.002736601153366643 -1.5967400142826758
0.7163154304562797 0.5209563529705391 0.11319515700682677 0.20938240967427232 0.09294664423232947 0.5069644917111135 -0.0013670146556402408 -1.5928719498529988
0.7171513540633329 0.5220187489945651 0.11121880985650548 0.20988879063194585 0.09239485970226069 0.5037737189944619 -3.0692073919223956e-05 -1.5889847085164213
0.7178848249326694 0.5230049121920016 0.10928967594242683 0.2103587497465477 0.09186075583483676 0.5006312853355319 0.0012733229506067018 -1.5850793326320076
0.7185185237331752 0.5239166442285557 0.10740640365396567 0.21079316357801506 0.09134353155434126 0.49753588936506515 0.0025459585813095327 -1.5811568300458456
0.7190550683928697 0.5247557094617443 0.10556768145805134 0.21119288855242235 0.09084241794580766 0.4944862680389191 0.003788115596310114 -1.5772181751944636
0.7194970155787235 0.5255238356762187 0.10377223670606087 0.2115587614852415 0.09035667706199799 0.4914811955305953 0.005000668175944098 -1.5732643101730848
0.7198468621405093 0.5262227148054678 0.10201883447647357 0.2118916000886858 0.08988560077279241 0.4885194821550483 0.0061844646681336 -1.5692961457698391
0.7201070465195916 0.526854003640121 0.10030627645220185 0.2121922034636798 0.08942850965551685 0.4855999733229038 0.007340328332274302 -1.565314562467017
0.7202799501235284 0.5274193245230663 0.0986333998315458 0.21246135257697749 0.08898475192478611 0.48272154852424054 0.008469058062231095 -1.5613204114104147
0.7203678986673444 0.5279202660315965 0.09699907627175228 0.2126998107239321 0.088553702400489 0.47988312034111263 0.009571429089019184 -1.5573145153477883
0.7203731634823061 0.5283583836467983 0.0954022108641899 0.2129083239774039 0.08813476151258902 0.47708363348801125 0.010648193663731745 -1.5532976695374
0.7202979627930128 0.5287352004103919 0.09384174114018252 0.21308762162327347 0.08772735434145938 0.47432206387948833 0.011700081721259966 -1.5492706426276095
0.7201444629635946 0.5290522075692291 0.09231663610657254 0.21323841658301243 0.08733092969251566 0.4715974177241851 0.012727801525336317 -1.5452341775084342
0.7199147797137867 0.5293108652076564 0.09082589531011445 0.21336140582374655 0.08694495920395133 0.4689087306445297 0.013732040295417441 -1.5411889921359678
0.7196109793056343 0.5295126028679449 0.08936854792982653 0.21345727075623092 0.08656893648642268 0.46625506682138795 0.014713464815908881 -1.5371357803305274
0.7192350797015566 0.5296588201589888 0.08794365189645517 0.21352667762114222 0.08620237629356922 0.46363551816297205 0.015672722028220155 -1.5330752125493603
0.7187890516944855 0.5297508873534698 0.08655029303823275 0.21357027786407776 0.08584481372229395 0.46104920349733036 0.016610439606125318 -1.5290079366347245
0.7182748200107728 0.5297901459736843 0.08518758425213462 0.21358870849963796 0.08549580344176481 0.45849526778776023 0.01752722651489116 -1.5249345785381272
0.717694264386544 0.529777909366227 0.08385466469986537 0.21358259246495503 0.0851549189501343 0.45597288137050446 0.018423673554622533 -1.5208557430214793
0.7170492206181578 0.5297154632657213 0.08255069902782836 0.2135525389630177 0.08482175185800878 0.4534812392141094 0.019300353888261977 -1.5167720143359023
0.7163414815874143 0.5296040663477858 0.08127487661035478 0.21349914379612936 0.08449591119773243 0.45101956019983924 0.020157823554668892 -1.5126839568789
0.7155727982621394 0.5294449507714243 0.08002641081549136 0.21342298968982532 0.08417702275758274 0.4485870864225598 0.02099662196719183 -1.508592115830583
0.7147448806727551 0.5292393227110214 0.07880453829266666 0.2133246466075628 0.08386472844000552 0.4461830825115181 0.02181727239813614 -1.504497017769615
0.7138593988654309 0.5289883628781263 0.07760851828157725 0.2132046720564867 0.08355868564304783 0.44380683497046325 0.02262028244951822 -1.5003991712695246
0.7129179838323971 0.5286932270332044 0.07643763194165477 0.21306361138456253 0.0832585666641757 0.4414576515365672 0.023406144510486875 -1.4962990674760104
0.7119222284199836 0.5283550464875317 0.07529118170149471 0.21290199806935897 0.08296405812569177 0.43913486055761963 0.02417533620178189 -1.492197180665844
0.7108736882149365 0.5279749285954082 0.0741684906276465 0.21272035399875094 0.082674860420995 0.43683781038698666 0.02492832080758971 -1.4880939687879573
0.7097738824095474 0.5275539572368602 0.07306890181218274 0.21251918974380582 0.08239068718095094 0.4345658687958348 0.025665547695146382 -1.4839898739872799
0.7086242946461213 0.5270931932910027 0.07199177777848365 0.21229900482410524 0.08211126475966567 0.4323184224021387 0.026387452722428133 -1.4798853231118805
0.7074263738412897 0.5265936751002275 0.0709364999046891 0.21206028796574658 0.0818363317389817 0.4300948761160014 0.027094458634260812 -1.4757807282039395
0.7061815349906677 0.5260564189253818 0.0699024678642885 0.21180351735225922 0.08156563845103691 0.4278946526008308 0.027786975447170188 -1.47167648697507
0.7048911599543395 0.5254824193920998 0.0688890990833337 0.21152916086866286 0.081298946518251 0.4257171917499283 0.028465400823286333 -1.4675729832664868
0.7035565982236424 0.5248726499284468 0.06789582821377672 0.2112376763388867 0.08103602841012526 0.4235619501780567 0.029130120433606736 -1.4634705874945038
0.702179167669712 0.5242280631940336 0.0669221066224488 0.21092951175676097 0.08077666701626328 0.4214284007275692 0.029781508310914334 -1.4593696570818295
0.7007601552742349 0.5235495915007551 0.06596740189521191 0.21060510551078454 0.0805206552350401 0.41931603198868894 0.030419927192638686 -1.455270536875112
0.6993008178428459 0.522838147225307 0.06503119735582862 0.21026488660286569 0.08026779557736764 0.41722434783354384 0.03104572885394039 -1.4511735595491702
