1.1348013271941304 0.36312760532108085 0.10736695295987653 0.36515774705135673 -0.14897266068609968 2.5593779251233753 -1.1845997337199583 -0.9193694451205378
1.1348013271941304 0.36312760532108085 0.10736695295987653 0.36515774705135673 -0.14897266068609968 2.5593779251233753 -1.1845997337199583 -0.9193694451205378
1.1345785143268734 0.36311236675739555 0.10738063570660893 0.3651059546880762 -0.14898133984955123 2.559069397475108 -1.184446124588323 -0.919511200761353
1.1341396822343421 0.36308170319062677 0.1074071839668531 0.3650042340716233 -0.14899821711905348 2.558464271557069 -1.1841448514796664 -0.9197890799174536
1.1334914364458295 0.36303545806638093 0.10744581244278523 0.36485438503675166 -0.1490228311746708 2.557574045420134 -1.183701644364254 -0.9201976560012711
1.1326401996211801 0.36297350306449416 0.1074957667626109 0.3646581454118673 -0.14905473972936908 2.5564098013071175 -1.183122025778528 -0.9207317005213538
1.1315922166450032 0.36289573652169027 0.1075563224991996 0.3644171932065967 -0.1490935188480625 2.5549822206141055 -1.1824113182965916 -0.9213861759097591
1.1303535595761842 0.3628020819246797 0.10762678421602564 0.3641331487208621 -0.14913876228950007 2.553301598313643 -1.1815746517326997 -0.9221562286089424
1.1289301324568894 0.3626924864708248 0.10770648453973573 0.36380757657830404 -0.1491900808702464 2.5513778568591348 -1.1806169700844376 -0.9230371824087541
1.1273276759851394 0.36256691969360805 0.10779478325867725 0.36344198768678654 -0.14924710185003484 2.5492205595891195 -1.1795430382259249 -0.9240245320244985
1.125551772054903 0.36242537215024895 0.10789106644673659 0.3630378411286223 -0.14930946833779515 2.546838923649407 -1.1783574483600419 -0.9251139369073323
1.1236078481675476 0.3622678541689175 0.10799474561185057 0.36259654598305907 -0.14937683871767996 2.5442418324504197 -1.1770646262383546 -0.9263012152785988
1.1215011817183662 0.36209439465309373 0.10810525686856824 0.36211946308347626 -0.14944888609443618 2.5414378476764616 -1.1756688371571027 -0.9275823383799954
1.119236904161797 0.36190503994071727 0.10822206013405399 0.36160790671165227 -0.1495252977574892 2.53843522086303 -1.1741741917373085 -0.9289534249317686
1.1168200050588368 0.3616998527158639 0.10834463834693653 0.361063146231377 -0.14960577466312747 2.5352419045577035 -1.1725846514967841 -0.9304107357914082
1.1144985231527846 0.3616591765124724 0.10884354175355011 0.3604337588431206 -0.1496001636303111 2.5318869605451857 -1.170903882295684 -0.9319506688055893
1.1122668687771131 0.36177532883841895 0.10970277418411283 0.3597246923136943 -0.1495145933400089 2.5283765547518633 -1.1691355656118083 -0.9335697538483705
1.1101197008448327 0.3620409336822197 0.11090693165801084 0.3589406519086918 -0.1493548624649401 2.5247166431690435 -1.1672832493911633 -0.9352646480389104
1.1080519168065848 0.3624489097456574 0.11244118076366334 0.3580861113350052 -0.1491264552805119 2.5209129789429987 -1.165350352854901 -0.9370321311322081
1.106058642999127 0.3629924591228984 0.11429123783405107 0.35716532321367467 -0.14883455658729433 2.5169711192259157 -1.1633401711333238 -0.938869101076608
1.1041352253693075 0.36366505640922686 0.11644334888831584 0.35618232910259223 -0.1484840659741492 2.5128964317957947 -1.1612558797331771 -0.9407725697320372
1.1022772205591795 0.36446043822316043 0.11888427031094911 0.35514096908778636 -0.14807961144993304 2.508694101453078 -1.159100538844226 -0.9427396587431587
1.1004803873384608 0.3653725931263233 0.12160125024115603 0.3540448909612525 -0.14762556247054193 2.5043691362015186 -1.1568770974908957 -0.944767595561839
1.0987406783710578 0.3663957519260439 0.12458201064600961 0.352897559002562 -0.1471260423869636 2.499926373220553 -1.154588397534554 -0.9468537096135254
1.0970542323028782 0.36752437834621016 0.1278147300519992 0.35170226238078006 -0.14658494033894173 2.4953704846362035 -1.1522371775318019 -0.9489954286023298
1.0954173661586424 0.3687531600524627 0.13128802691052882 0.35046212319255027 -0.1460059226178418 2.4907059830972855 -1.149826076453959 -0.951190274949798
1.0938265680358665 0.3700770000183314 0.13499094357383778 0.34918010415155365 -0.14539244352133268 2.485937227163481 -1.1473576372727308 -0.953435862362532
1.0922784900846414 0.37149100821942516 0.13891293085869685 0.34785901594393237 -0.14474775572156248 2.481068426511614 -1.1448343104168757 -0.9557298925240001
1.0907699417622587 0.3729904936432739 0.14304383317608163 0.34650152426366915 -0.14407492016760903 2.476103646966248 -1.1422584571045116 -0.958070151906045
1.089297883352155 0.3745709566028868 0.14737387420584114 0.34511015654134364 -0.14337681554212522 2.4710468153605283 -1.1396323525555332 -0.9604545086957583
1.0878594197370381 0.37622808134254365 0.15189364309616468 0.3436873083791361 -0.14265614729127227 2.4659017242329853 -1.1369581890884561 -0.9628809098335479
1.0864517944164513 0.3779577289247686 0.1565940811684063 0.3422352497044228 -0.14191545624624174 2.4606720363658225 -1.1342380791058433 -0.9653473781583763
1.0850723837593947 0.37975593038785266 0.16146646910855314 0.34075613065380134 -0.1411571268539068 2.4553612891700376 -1.1314740579723224 -0.9678520096562925
1.0837186914829808 0.38161888016369366 0.1665024146273238 0.3392519871988981 -0.1403833950334132 2.4499728989225313 -1.1286680867890575 -0.97039297080852
1.0823883433484458 0.38354292974610704 0.1716938405715569 0.3377247465248455 -0.13959635567482176 2.4445101648601977 -1.1258220550684008 -0.9729684960355015
1.081079082066163 0.38552458160013386 0.17703297347019734 0.3361762321718684 -0.1387979697952414 2.438976273135811 -1.1229377833123149 -0.9755768852334253
1.079788762401628 0.38756048330322956 0.18251233249881205 0.33460816894998974 -0.13799007136724922 2.433374300640374 -1.1200170254980264 -0.978216501399892
1.0785153464746815 0.38964742190956086 0.18812471884716722 0.33302218763645514 -0.13717437383377581 2.4277072186964226 -1.1170614714742506 -0.9808857683454926
1.0772568992445406 0.3917823185289699 0.19386320547497624 0.33141982946508 -0.1363524763230413 2.4219778966266428 -1.1140727492712001 -0.9835831684881936
1.0760115841734803 0.39396222311248286 0.19972112724148394 0.32980255041634315 -0.1355258695765601 2.416189105202003 -1.1110524273274838 -0.9863072407275312
1.0747776590622868 0.3961843094365474 0.2056920713950873 0.32817172531668837 -0.13469594160268697 2.4103435199734604 -1.1080020166368816 -0.9890565783957274
1.0735534720508626 0.39844587027847805 0.2117698684097079 0.32652865175514506 -0.13386398306765396 2.4044437244911747 -1.1049229728178807 -0.9918298272829467
1.072337457777614 0.40074431277587197 0.2179485831551268 0.3248745538250448 -0.13303119243554704 2.3984922134150146 -1.10181669810875 -0.9946256837340105
1.071128133691497 0.4030771539630326 0.22422250638896898 0.32321058569828914 -0.13219868086819006 2.392491395520033 -1.0986845432908316 -0.9974428928139831
1.0699240965108285 0.4054420164776995 0.23058614655848406 0.3215378350393145 -0.1313674768954427 2.3864435966004454 -1.0955278095426322 -1.0002802465401393
1.0687240188231915 0.4078366244316369 0.23703422190071116 0.3198573262656065 -0.13053853086597694 2.380351062275541 -1.0923477502272034 -1.003136582177911
1.067526645820985 0.41025879943887616 0.24356165283004083 0.3181700236613294 -0.12971271918817226 2.37421596070083 -1.0891455726152115 -1.0060107805984997
1.0663307921673724 0.41270645679564333 0.2501635546025966 0.3164768343503657 -0.1288908483703636 2.368040385187629 -1.0859224395460092 -1.0089017646959213
1.0651353389875782 0.41517760180622504 0.2568352302472513 0.3147786111347993 -0.12807365886928584 2.3618263567341726 -1.0826794710289402 -1.0118084978613369
1.063939230980688 0.41767032624924727 0.2635721637534739 0.3130761552046247 -0.1272618287551848 2.3555758264712328 -1.0794177457870275 -1.0147299825125933
1.062741473647276 0.420182804979046 0.27037001350656537 0.3113702187242238 -0.12645597720170637 2.3492906780251377 -1.0761383027451157 -1.017665258676979
1.0615411306283726 0.4227132926570128 0.27722460596119464 0.30966150730092296 -0.12565666780833143 2.342972729800972 -1.0728421424644692 -1.0206134026252687
1.0603373211514528 0.42526012060798984 0.2841319295444833 0.30795068234071815 -0.12486441176279495 2.3366237371886553 -1.0695302285257486 -1.023573525555201
1.0591292175792897 0.4278216937969759 0.29108812878021145 0.3062383632960487 -0.12407967085061147 2.3302453946944994 -1.0662034888622263 -1.0265447723226027
1.0579160430576788 0.4303964879215825 0.29808949862603273 0.3045251298102909 -0.12330286031852643 2.3238393380007643 -1.0628628170450276 -1.0295263202184328
1.056697069258187 0.43298304661585396 0.3051324790158848 0.30281152376345255 -0.12253435159842227 2.317407145955638 -1.0595090735221264 -1.0325173777900885
1.0554716142122313 0.4355799787612274 0.3122136496000741 0.30109805122335814 -0.1217744748979301 2.3109503424959947 -1.0561430868127575 -1.035517183705369
1.054239040232932 0.43818595590057197 0.31932972467579085 0.2993851843064373 -0.12102352166373043 2.3044703985051935 -1.0527656546588489 -1.038525005657555
1.0529987519213193 0.4407997097513972 0.3264775483010804 0.2976733629520554 -0.12028174692327125 2.2979687336081183 -1.0493775451350227 -1.0415401393101178
1.0517501942536036 0.4434200298144691 0.3336540895855542 0.2959629966141601 -0.11954937151038601 2.291446717905573 -1.0459794977186516 -1.0445619072796213
1.05049285074635 0.4460457610742151 0.34085643815137384 0.2942544658738601 -0.11882658418005936 2.284905673650082 -1.0425722243214122 -1.0475896581554383
1.0492262416965095 0.4486758017874347 0.34808179975828024 0.29254812397639834 -0.11811354361736305 2.2783468768650765 -1.039156410283716 -1.0506227655549472
1.0479499224933857 0.45130910135696517 0.3553274920866713 0.29084429829583786 -0.11741038034536884 2.2717715589093697 -1.0357327153333578 -1.0536606272129259
1.0466634819997205 0.45394465828707764 0.3625909406729526 0.2891432917306384 -0.1167171985366378 2.2651809079887806 -1.0323017745096639 -1.0567026641039066
1.0453665409991926 0.4565815182175013 0.3698696749916004 0.2874453840331664 -0.11603407773268766 2.2585760706166846 -1.0288641990543872 -1.0597483195962982
1.0440587507077284 0.45921877203309 0.37716132467858104 0.2857508330760543 -0.1153610744756495 2.2519581530252144 -1.02542057727054 -1.0627970586371267
1.0427397913461212 0.4618555540462585 0.384463615890969 0.2840598760582006 -0.11469822385614308 2.2453282225287827 -1.0219714753503215 -1.0658483669662873
1.0414093707715515 0.46449104024942556 0.3917743677977968 0.2823727306530838 -0.11404554098122559 2.238687308841536 -1.0185174381732498 -1.068901750359239
1.0400672231656967 0.46712444663480257 0.3990914891973533 0.2806895961019517 -0.11340302236610149 2.2320364053502906 -1.0150589900755727 -1.0719567338971145
1.038713107777201 0.46975502757897014 0.4064129752563236 0.2790106542543357 -0.1127706472531208 2.225376470344466 -1.0115966355919872 -1.0750128612632506
1.037346807716369 0.47238207428977974 0.41373690436633287 0.277336070558239 -0.11214837886143977 2.2187084282044522 -1.0081308601706678 -1.0780696940651864
1.0359681288000235 0.4750049133132114 0.42106143511362254 0.27566599500224553 -0.11153616557057083 2.2120331705498333 -1.0046621308625603 -1.081126811181207
1.0345768984445485 0.4776229050979074 0.42838480335774154 0.2740005630117011 -0.11093394204090784 2.205351557348806 -1.00119089698587 -1.084183808130543
1.0331729646052152 0.48023544261518936 0.43570531941529017 0.2723398963010266 -0.11034163027417757 2.198664417990119 -0.9977175907666344 -1.087240296466373
1.0317561947599638 0.48284195003244734 0.44302136534489783 0.27068410368413565 -0.10975914061663929 2.1919725523187905 -0.9942426279562412 -1.0902959031908002
1.0303264749358778 0.48544188143787054 0.4503313923297581 0.2690332818448437 -0.10918637270773042 2.1852767316368302 -0.9907664084267234 -1.093350270191012
1.0288837087766631 0.4880347196145659 0.4576339181541791 0.2673875160690752 -0.10862321637673744 2.1785776996701487 -0.9872893167446269 -1.0964030536958551
1.0274278166495054 0.49061997486218456 0.46492752477073734 0.2657468809405981 -0.10806955248995778 2.1718761735027976 -0.9838117227242259 -1.0994539237520846
1.0259587347897414 0.49319718386424694 0.4722108559547501 0.26411144100194067 -0.10752525375070976 2.1651728444796414 -0.9803339819608248 -1.10250256371958
1.0244764144818415 0.49576590859942615 0.47948261504289974 0.26248125138207384 -0.10699018545444305 2.1584683790785313 -0.9768564363448672 -1.1055486697848382
1.0229808212752602 0.4983257352951152 0.4867415627529625 0.2608563583923751 -0.1064642062011027 2.1517634197530087 -0.9733794145575398 -1.1085919504920843
1.0214719342337633 0.5008762734216667 0.4939865150817036 0.2592368000923229 -0.10594716856680401 2.1450585857465367 -0.9699032325485376 -1.1116321262913613
1.0199497452168962 0.5034171547257547 0.5012163412781113 0.2576226068263106 -0.10543891973678426 2.1383544738792204 -0.9664281939966318 -1.1146689291029865
1.0184142581923128 0.5059480323013665 0.5084299618892426 0.25601380173290517 -0.10493930210150915 2.131651659307945 -0.962954590753661 -1.1177021018977802
1.016865488577727 0.5084685796969908 0.5156263468760571 0.2544104012278222 -0.10444815381772873 2.1249506962608318 -0.9594827032725398 -1.1207313982924971
1.015303462611303 0.5109784900576188 0.5228045137967091 0.2528124154618311 -0.10396530933619667 2.1182521187468812 -0.9560128010198609 -1.1237565821599111
1.0137282167493438 0.5134774753002329 0.5299635260548621 0.25121984875475184 -0.10349059989768991 2.1115564412416354 -0.9525451428736448 -1.1267774272530218
1.0121397970901793 0.5159652653215019 0.5371024912106781 0.24963270000665533 -0.10302385399889245 2.104864159349679 -0.9490799775067719 -1.1297937168428727
1.010538258823206 0.5184416072364534 0.5442205593522214 0.2480509630873295 -0.10256489782963629 2.098175750444755 -0.9456175437566114 -1.1328052433694888
1.0089236657020577 0.520906264646942 0.5513169215250971 0.2464746272050276 -0.1021135556829252 2.0914916742882554 -0.9421580709813445 -1.1358118081054587
1.0072960895409435 0.5233590169387721 0.5583908082182275 0.24490367725547038 -0.1016696503391025 2.084812373626815 -0.9387017794034596 -1.1388132208317026
1.0056556097332081 0.5257996586063814 0.5654414879037422 0.24333809415203117 -0.10123300342546218 2.0781382747697177 -0.9352488804408818 -1.141809299524988
1.0040023127912223 0.528227998604032 0.572468265629036 0.2417778551379923 -0.10080343575254368 2.0714697881467936 -0.931799577026182 -1.144799870056765
1.0023362919067371 0.5306438597224923 0.5794704816591156 0.24022293408172204 -0.10038076762829395 2.064807308847472 -0.9283540639142922 -1.147784765902914
1.00065764653087 0.533047077990238 0.5864475101674284 0.23867330175558374 -0.0999648191512265 2.0581512171416216 -0.9249125279791444 -1.1507638278640089
0.9989664819729286 0.5354375020982305 0.593398757973429 0.23712892609935285 -0.0995554104836551 2.051501878982796 -0.9214751484996277 -1.1537369037957181
0.9972629090173003 0.5378149928473712 0.600323663325207 0.23558977246888366 -0.09915236210603054 2.0448596464944804 -0.9180420974352509 -1.1567038483489736
0.9955470435576772 0.540179422617763 0.6072216947255555 0.2340558038707341 -0.09875549505336115 2.038224858439912 -0.9146135396918784 -1.1596645227195554
0.9938190062479016 0.5425306748589419 0.6140923497999243 0.2325269811834257 -0.09836463113465273 2.0315978406760298 -0.9111896333778997 -1.162618794406754
0.992078922168757 0.544868643600277 0.6209351542047525 0.2310032633659859 -0.09797959313626006 2.0249789065920893 -0.9077705300511735 -1.1655665369807764
0.990280849798096 0.5471364236574628 0.6277758703320954 0.2295244049398025 -0.09763345763043065 2.0183952522594724 -0.9044890824622838 -1.1685024024846853
0.9884261825289496 0.5493359971281361 0.6346134598320803 0.2280886046623599 -0.09732484231554407 2.011846131310384 -0.9013402916299044 -1.1714264896384268
0.9865162887317552 0.5514692865864806 0.6414469169684898 0.22669412864128394 -0.0970524077834651 2.0053308234084755 -0.8983193386008695 -1.1743388947451137
0.9846735227845991 0.5534915365754608 0.6482718076015297 0.2253390170661201 -0.09676584240934853 1.9988797419435966 -0.895328616976908 -1.1772397117744786
0.9828954513731334 0.555406342226113 0.6550866503954954 0.2240214450207785 -0.09646607110916987 1.9924909984229116 -0.8923672474858849 -1.1801290324433196
0.9811797247316297 0.5572171811071062 0.6618900313699565 0.22273966269844284 -0.09615396858650244 1.9861627721437431 -0.8894343819779842 -1.1830069462930477
0.9795240737962052 0.5589274172113392 0.6686806013688925 0.22149199254045054 -0.09583036169861618 1.9798933077252296 -0.8865292023058896 -1.1858735407644412
0.9779263074562251 0.5605403048039086 0.6754570736217859 0.22027682648003497 -0.09549603172001665 1.973680912729802 -0.8836509192453044 -1.1887289012697078
0.9763843099004424 0.562058992136342 0.6822182213933428 0.2190926232871624 -0.09515171650765732 1.9675239553712165 -0.8807987714543565 -1.1915731112619514
0.9748960380545577 0.5634865250318141 0.6889628757186324 0.21793790601083124 -0.09479811257188885 1.9614208623059972 -0.8779720244704892 -1.1944062523021386
0.9734595191069982 0.5648258503458974 0.695689923220553 0.21681125951532904 -0.09443587705704604 1.9553701165052573 -0.8751699697434859 -1.1972284041236536
0.9720728481198326 0.5660798193072377 0.702398304006644 0.21571132810706797 -0.09406562963541674 1.949370255203975 -0.872391923703328 -1.2000396446945312
0.9707341857218422 0.5672511907423858 0.7090870096423734 0.21463681324873973 -0.09368795431818669 1.9434198679249135 -0.86963722686163 -1.2028400502774497
0.9694417558808798 0.5683426341888683 0.715755081198132 0.2135864713576461 -0.09330340118680973 1.9375175945744665 -0.8669052429454447 -1.2056296954875658
0.9681938437527459 0.569356732900436 0.7224016073672692 0.21255911168517397 -0.09291248804811444 1.9316621236078204 -0.864195358062269 -1.2084086533482692
0.9669887936039124 0.5702959867482847 0.7290257226525969 0.2115535942744908 -0.09251570201632464 1.9258521902609071 -0.8615069798951285 -1.211176995344933
0.9658250068055158 0.5711628150219129 0.7356266056188883 0.21056882799364138 -0.09211350102504325 1.920086574846724 -0.8588395369266569 -1.2139347914767311
0.9647009398961356 0.5719595591331461 0.7422034772089819 0.20960376864132607 -0.09170631527212633 1.9143641011136787 -0.8561924776911262 -1.216682110306594
0.9636151027109612 0.5726884852267367 0.7487555991211913 0.20865741712273866 -0.09129454860025567 1.9086836346637057 -0.8535652700534184 -1.2194190190093677
0.9625660565750332 0.573351786700822 0.755282272245803 0.20772881769293425 -0.09087857981590497 1.9030440814279783 -0.8509574005139722 -1.2221455834182453
0.9615524125583309 0.5739515866404113 0.7617828351585268 0.20681705626528882 -0.09045876394928572 1.8974443861981254 -0.8483683735387644 -1.2248618680695287
0.9605728297905516 0.5744899401669572 0.7682566626688384 0.2059212587826981 -0.09003543345775415 1.891883531210932 -0.8457977109134284 -1.227567936245784
0.9596260138335077 0.5749688367069581 0.7747031644212296 0.20504058964924768 -0.08960889937506032 1.8863605347845802 -0.8432449511206367 -1.2302638500174485
0.9587107151091379 0.5753902021824364 0.7811217835474543 0.2041742502201672 -0.08917945240872341 1.8808744500045569 -0.8407096487399119 -1.232949670282943
0.9578257273812016 0.5757559011260335 0.787511995367927 0.2033214773479592 -0.08874736398772502 1.875424363457419 -0.8381913738690568 -1.2356254568073468
0.9569698862887928 0.5760677387233647 0.7938733061404954 0.20248154198266882 -0.08831288726262311 1.8700093940106803 -0.8356897115664251 -1.2382912682596847
0.9561420679298737 0.5763274627851888 0.8002052518548775 0.20165374782433265 -0.08787625806010342 1.8646286916371382 -0.8332042613132822 -1.240947162248878
0.9553411874930968 0.5765367656518486 0.806507397071111 0.20083743002571555 -0.08743769579390342 1.8592814362820267 -0.8307346364955319 -1.2435931953584056
0.9545661979362393 0.5766972860323588 0.8127793338004262 0.20003195394351164 -0.08699740433396487 1.8539668367714375 -0.8282804639041123 -1.2462294231797255
0.9538160887096354 0.5768106107804272 0.8190206804270078 0.1992367139362505 -0.08655557283559522 1.8486841297605063 -0.8258413832533864 -1.2488559003444968
0.9530898845230508 0.5768782766096198 0.8252310806691695 0.1984511322072129 -0.08611237653034552 1.8434325787199217 -0.8234170467168822 -1.25147268055565
0.9523866441544944 0.5769017717497981 0.8314102025785166 0.19767465769072073 -0.0856679774802426 1.8382114729593577 -0.8210071184797535 -1.2540798166173446
0.9517054592995181 0.5768825375468826 0.8375577375757254 0.19690676498022455 -0.08522252529694611 1.8330201266864898 -0.8186112743073621 -1.256677360463855
0.9510454534596058 0.5768219700079247 0.8436733995216157 0.19614695329666804 -0.08477615782733698 1.8278578781003008 -0.8162292011294001 -1.2592653631874233
0.9504057808683005 0.5767214212933973 0.8497569238222419 0.19539474549566355 -0.08432900180698161 1.8227240885174252 -0.8138605966389906 -1.2618438750651166
0.949785625453769 0.576582201158549 0.8558080665667737 0.19464968711206543 -0.08388117348285706 1.8176181415303339 -0.8115051689062291 -1.2644129455847248
0.9491841998365447 0.576405578345599 0.8618266036969818 0.19391134544057773 -0.08343277920666549 1.8125394421961973 -0.8091626360056456 -1.2669726234697336
0.9486007443612383 0.576192781928489 0.867812330207189 0.19317930865108268 -0.08298391600001116 1.8074874162553147 -0.8068327256570836 -1.2695229567034052
0.948034526161045 0.5759450026118461 0.8737650593735822 0.1924531849374227 -0.08253467209266128 1.8024615093780283 -0.8045151748795151 -1.272063992552001
0.9474848382539184 0.5756633939857541 0.8796846220118308 0.1917326016984142 -0.08208512743506093 1.7974611864390908 -0.8022097296573246 -1.2745957775871752
0.9469509986693226 0.5753490737378715 0.885570865761984 0.19101720474991574 -0.08163535418622443 1.7924859308184853 -0.7999161446186129 -1.2771183577075704
0.9464323496045107 0.5750031248243835 0.8914236543996638 0.19030665756681475 -0.08118541717807902 1.787535243727732 -0.7976341827250875 -1.2796317781596436
0.9459282566093139 0.5746265966012194 0.8972428671726058 0.18960064055383782 -0.08073537435729158 1.7826086435607602 -0.7953636149731222 -1.2821360835577507
0.9454381077984639 0.5742205059169175 0.9030283981616289 0.18889885034412957 -0.08028527720556719 1.7777056652684442 -0.7931042201055848 -1.2846313179035167
0.9449613130905017 0.5737858381684734 0.9087801556651547 0.188200999124582 -0.07983517113936649 1.7728258597559488 -0.7908557843340424 -1.2871175246045163
0.9444973034723615 0.5733235483214553 0.9144980616064244 0.18750681398693345 -0.07938509588994976 1.767968793302048 -0.7886181010709733 -1.2895947464922908
0.9440455302887504 0.5728345618956292 0.9201820509625946 0.1868160363036914 -0.0789350858646178 1.7631340469996217 -0.7863909706716229 -1.2920630258397245
0.9436054645554727 0.5723197759172909 0.9258320712149208 0.18612842112796735 -0.07848517048998314 1.7583212162165556 -0.7841742001851572 -1.2945224043778052
0.9431765962958808 0.5717800598394588 0.931448081819268 0.1854437366163447 -0.07803537453807062 1.7535299100763038 -0.7819676031147789 -1.2969729233117886
0.9427584338996595 0.5712162564310439 0.9370300536962132 0.18476176347393214 -0.07758571843601247 1.748759750957398 -0.7797709991864824 -1.2994146233367907
0.9423505035031824 0.57062918263607 0.9425779687400336 0.1840822944207861 -0.07713621856007143 1.7440103740112123 -0.7775842141261377 -1.3018475446528275
0.9419523483907003 0.5700196304039833 0.9480918193458967 0.1834051336789143 -0.07668688751469424 1.73928142669732 -0.775407079444602 -1.3042717269793218
0.9415635284156537 0.5693883674920502 0.9535716079545962 0.18273009647910182 -0.07623773439726865 1.7345725683358004 -0.7732394322305709 -1.3066872095690973
0.941183619441419 0.5687361382408105 0.9590173466141987 0.18205700858682758 -0.07578876504922835 1.7298834696758796 -0.7710811149508896 -1.3090940312218775
0.9408122128008285 0.5680636643235156 0.9644290565579917 0.18138570584656613 -0.07533998229412334 1.7252138124803105 -0.7689319752580552 -1.311492230297308
0.9404489147738229 0.5673716454704528 0.9698067677981427 0.18071603374379488 -0.07489138616324702 1.7205632891249165 -0.766791865804652 -1.3138818447275193
0.9400933460826189 0.5666607601690206 0.9751505187345016 0.1800478469840513 -0.07444297410938638 1.71593160221275 -0.7646606440644687 -1.3162629120292462
0.9397451414037958 0.5659316663403927 0.9804603557780011 0.1793810090884086 -0.07399474120923735 1.7113184642023302 -0.7625381721600584 -1.3186354693155204
0.9394039488967265 0.5651850019935791 0.9857363329881244 0.17871539200476091 -0.0735466803550047 1.7067235970494496 -0.7604243166965079 -1.320999553306952
0.9390694297477948 0.5644213858576601 0.9909785117239356 0.17805087573433132 -0.07309878243568353 1.7021467318620533 -0.7583189486011929 -1.3233552003426132
0.9387412577298664 0.5636414179929483 0.9961869603081788 0.1773873479728368 -0.07265103650849834 1.6975876085677148 -0.7562219429693037 -1.32570244639054
0.938419118776492 0.5628456803818012 1.0013617537039752 0.17672470376576552 -0.07220342996095519 1.6930459755932508 -0.7541331789149341 -1.328041327057866
0.9381027105703459 0.5620347374997852 1.0065029732036646 0.17606284517724036 -0.0717559486639431 1.6885215895560322 -0.7520525394275321 -1.3303718776005997
0.9377917421454149 0.5612091368678667 1.0116107061293471 0.17540168097196304 -0.07130857711630205 1.6840142149665636 -0.7499799112335191 -1.3326941329330604
0.9374859335024742 0.5603694095862808 1.0166850455447074 0.17474112630975028 -0.07086129858125712 1.6795236239419218 -0.7479151846628924 -1.3350081276369827
0.9371850152373978 0.5595160708507068 1.0217260899777099 0.17408110245219197 -0.07041409521510082 1.6750495959296585 -0.745858253520631 -1.3373138959703044
0.9368887281818717 0.558649620451357 1.0267339431537716 0.173421536480978 -0.06996694818848971 1.6705919174417836 -0.7438090149627313 -1.3396114718756458
0.9365968230560885 0.5577705432555654 1.0317087137390366 0.17276236102745718 -0.06951983780070485 1.666150381798463 -0.7417673693767067 -1.3419008889884954
0.9363090601330197 0.5568793096744391 1.036650515093382 0.17210351401300694 -0.06907274358721131 1.6617247888810773 -0.7397332202663892 -1.3441821806451084
0.9360252089138746 0.5559763761141195 1.041559465032807 0.1714449383998086 -0.06862564442083664 1.6573149448942985 -0.7377064741408789 -1.3464553798901324
0.9357450478143685 0.5550621854121788 1.0464356856008628 0.1707865819516371 -0.06817851860687482 1.6529206621368575 -0.735687040407492 -1.3487205194839667
0.9354683638614346 0.5541371672596594 1.051279302848796 0.17012839700428856 -0.0677313439724085 1.6485417587806848 -0.7336748312685621 -1.3509776319098672
0.93519495240003 0.5532017386092469 1.0560904466240926 0.16947034024528304 -0.06728409795012988 1.6441780586581194 -0.731669761621958 -1.3532267493808057
0.9349246168096935 0.5522563040700483 1.0608692503671142 0.1688123725024924 -0.06683675765692795 1.6398293910568909 -0.7296717489651815 -1.3554679038460906
0.934657168230528 0.5513012562894334 1.0656158509155356 0.16815445854135655 -0.06638929996749822 1.6354955905225923 -0.7276807133029192 -1.35770112699776
0.9343924252982919 0.5503369763223789 1.0703303883163002 0.1674965668703635 -0.0659417015832198 1.63117649666837 -0.7256965770579208 -1.3599264502767536
0.9341302138882904 0.549363833988741 1.0750130056448202 0.16683866955448026 -0.06549393909653389 1.6268719539915673 -0.723719264985087 -1.3621439048788735
0.9338703668677747 0.5483821882188663 1.0796638488311598 0.1661807420362333 -0.06504598905104733 1.622581811697069 -0.7217487040886483 -1.3643535217605385
0.9336127238565606 0.5473923873879369 1.0842830664929466 0.1655227629641482 -0.06459782799757485 1.6183059235271007 -0.7197848235423269 -1.3665553316443417
0.9333571309955927 0.546394769639433 1.0888708097747668 0.16486471402826897 -0.06414943254632442 1.6140441475972498 -0.7178275546123706 -1.3687493650244187
0.933103440723188 0.5453896631980809 1.0934272321938117 0.1642065798024871 -0.06370077941542071 1.6097963462384786 -0.7158768305833577 -1.3709356521716298
0.932723643450589 0.5446600705064454 1.0975932087773448 0.1637536203843469 -0.06282794641029824 1.6055813168540987 -0.7139323255691954 -1.3731142231385685
0.932228308287605 0.5441890873271877 1.101396413810815 0.16349316976933143 -0.0615587083739194 1.6013977552449647 -0.7119940034917407 -1.3752851077643966
0.9316273115944841 0.5439607505962083 1.1048627975926655 0.16341327438316725 -0.05991925688995192 1.5972444251091749 -0.7100618280581543 -1.377448335679517
0.9309298790986229 0.543959985802375 1.10801668908116 0.1635026527662406 -0.05793428871844668 1.593120154443934 -0.708135762832414 -1.3796039363100872
0.9301446255230147 0.5441725573477807 1.110880892533647 0.16375065756608348 -0.05562708927610004 1.589023832141537 -0.7062157713005969 -1.3817519388823793
0.9292795918716665 0.5445850217182564 1.1134767784872697 0.16414723970499473 -0.053019611440792334 1.5849544047688053 -0.7043018169303685 -1.3838923724269947
0.928342280508786 0.5451846833036393 1.115824369409928 0.1646829145975333 -0.050132549944205906 1.5809108735198993 -0.702393863225085 -1.3860252657829346
0.9273396881605988 0.5459595527165025 1.1179424203312651 0.16534873029985012 -0.04698541160134534 1.5768922913330037 -0.7004918737728919 -1.388150647601535
0.9262783369611768 0.546898307466733 1.1198484947455116 0.16613623747963707 -0.04359658161165589 1.5728977601618983 -0.6985958122911771 -1.3902685463502698
0.9251643036566096 0.547990254857523 1.1215590360611238 0.16703746110188958 -0.039983386153115835 1.5689264283939375 -0.6967056426667109 -1.3923789903164252
0.9240032470752103 0.5492252969760528 1.1230894348562321 0.16804487373172833 -0.03616215147811802 1.5649774884064256 -0.6948213289917873 -1.3944820076106537
0.9228004339651926 0.5505938976594054 1.1244540921839077 0.16915137036122382 -0.03214825970811139 1.561050174253827 -0.6929428355966576 -1.3965776261704081
0.9215607632953619 0.5520870513231052 1.125666479157124 0.17035024467253781 -0.027956201512804542 1.557143759478666 -0.6910701270785301 -1.3986658737632625
0.9202887891088105 0.5536962535461296 1.126739193029973 0.17163516665475523 -0.02359962584920091 1.5532575550393688 -0.689203168327391 -1.400746777990122
0.9189887420143776 0.555413473312321 1.1276840099791392 0.17300016149654826 -0.019091386925803172 1.549390907348677 -0.6873419245488847 -1.4028203662883283
0.9176645493957034 0.5572311268138677 1.1285119347778225 0.1744395896813065 -0.014443588547958389 1.5455431964166078 -0.685486361284476 -1.404886665934662
0.9163198544130698 0.5591420527279223 1.1292332475431508 0.17594812821560005 -0.009667625991482793 1.5417138340922822 -0.6836364444291032 -1.4069457040482465
0.9149580338688413 0.5611394888825244 1.1298575477276358 0.17752075292583164 -0.004774225543375539 1.5379022623992429 -0.6817921402465138 -1.4089975075933572
0.9135822150032017 0.5632170502327926 1.1303937955153323 0.17915272176169159 0.00022651815942450852 1.534107951959191 -0.6799534153824663 -1.4110421033821388
0.9121952912830015 0.565368708072879 1.130850350774043 0.18083955904857102 0.005325106869693003 1.5303304004993468 -0.678120236875966 -1.4130795180772349
0.9107999372428741 0.5675887704134457 1.1312350097061386 0.1825770406344259 0.010512605431425973 1.5265691314389054 -0.676292572168691 -1.4151097781943316
0.9093986224343326 0.5698718634584404 1.1315550393322864 0.18436117987972814 0.01578061033322688 1.522823692550307 -0.6744703891127573 -1.4171329101046197
0.9079936245353153 0.5722129141187421 1.131817209934593 0.1861882144421031 0.02112122000981876 1.5190936546912794 -0.6726536559769581 -1.4191489400371777
0.9065870416695931 0.5746071335038166 1.1320278255783203 0.18805459381004386 0.02652700679378608 1.5153786106038327 -0.6708423414516056 -1.4211578940812781
0.9051808039825693 0.5770500013358923 1.132192752824427 0.1899569675427238 0.031990990425178736 1.5116781737765923 -0.6690364146520925 -1.4231597981886204
0.9037766845172902 0.579537251234335 1.1323174477386584 0.19189217417540658 0.03750661303182394 1.507991977367063 -0.667235845121286 -1.425154678175493
0.9023763094319336 0.5820648568208984 1.1324069812967796 0.19385723075228872 0.04306771549810915 1.5043196731805946 -0.6654406028308539 -1.4271425597248668
0.9009811675976293 0.5846290185993432 1.132466063279757 0.19584932295080984 0.04866851514463705 1.500660930703007 -0.6636506581816214 -1.429123468388423
0.899592619613203 0.5872261515655737 1.1324990647472455 0.19786579576353974 0.05430358464552817 1.4970154361839891 -0.6618659820030435 -1.431097429588517
0.8982119062712983 0.5898528735069508 1.132510039172606 0.19990414470570453 0.05996783211427303 1.4933828917685525 -0.6600865455518795 -1.4330644686200806
0.8968401565083174 0.5925059939518 1.1325027423178389 0.20196200751825535 0.06565648229292759 1.4897630146739642 -0.6583123205101431 -1.4350246106524658
0.8954783948687296 0.595182503732356 1.1324806509222658 0.20403715633811756 0.07136505878311722 1.4861555364097274 -0.6565432789823998 -1.436977880731231
0.8941275485125098 0.5978795651264893 1.1324469802744968 0.20612749030889269 0.07708936726077718 1.4825602020383095 -0.6547793934924783 -1.4389243037798725
0.892788453792787 0.6005945025455335 1.1324047007331772 0.20823102860682569 0.08282547961982449 1.4789767694744422 -0.6530206369796553 -1.4408639046015026
0.8914618624292033 0.6033247937373997 1.1323565532581994 0.21034590385830088 0.08856971899303731 1.4754050088209394 -0.6512669827943721 -1.4427967078804766
0.890148447300985 0.6060680614759202 1.1323050640104724 0.2124703559264973 0.09431864560132512 1.471844701739087 -0.6495184046935331 -1.444722738183971
0.8888488078823316 0.6088220657090212 1.1322525580749676 0.21460272604612274 0.10006904338531493 1.4682956408517687 -0.6477748768354357 -1.4466420199635126
0.8875634753413975 0.6115846961398848 1.1322011723585659 0.21674145128635935 0.10581790737576595 1.464757629177589 -0.6460363737743767 -1.448554577556464
0.8862929173228986 0.6143539652167359 1.1321528677112354 0.218885059323298 0.11156243176176556 1.461230479594348 -0.6443028704549755 -1.4504604351874626
0.885037542433203 0.6171280015082743 1.1321094403162437 0.22103216350421592 0.11729999861796181 1.457714014330315 -0.6425743422062516 -1.4523596169698176
0.8837977044456549 0.6199050434430816 1.1320725323924417 0.22318145818706817 0.12302816725426001 1.454208064481831 -0.6408507647354935 -1.4542521469068668
0.8825737062428457 0.6226834333925675 1.1320436422491493 0.2253317143395199 0.12874466415346006 1.4507124695558464 -0.6391321141219487 -1.456138048893292
0.8813658035115606 0.62546161207818 1.132024133731813 0.22748177538274877 0.13444737346424523 1.447227077036083 -0.6374183668103663 -1.4580173467163977
0.8801742082052073 0.6282381132847032 1.1320152450943752 0.22963055326609566 0.14013432801875678 1.4437517419715706 -0.6357094996044191 -1.4598900640573513
0.878999091787665 0.6310115588624976 1.1320180973322 0.2317770247594431 0.14580370084571037 1.4402863265863837 -0.6340054896600285 -1.4617562244923885
0.8778405882716697 0.6337806540025118 1.1320337020074283 0.23392022795095496 0.15145379715163468 1.4368306999094644 -0.6323063144786174 -1.4636158514939843
0.876615076191679 0.6364208392052186 1.131933007013616 0.23598921511137 0.15689326605472015 1.4333382942285384 -0.6305824110213467 -1.4653867273086247
0.8753240652467861 0.6389352559797904 1.1317191085796217 0.237985309998487 0.16212961036183943 1.4298104505613745 -0.6288345421874875 -1.4670721120972732
0.8739690477124472 0.6413269510774331 1.1313950449868064 0.2399098120681572 0.16717003719734844 1.4262484719868376 -0.6270634539101988 -1.468675148399882
0.8725514980112551 0.6435988807184931 1.130963796611052 0.24176399739605123 0.17202147085345135 1.4226536249300872 -0.6252698756060295 -1.4701988653728757
0.8710728723376007 0.6457539145850979 1.130428286052991 0.2435491195383671 0.17669056503598868 1.4190271403924593 -0.6234545206060461 -1.47164618287399
0.8695346083324668 0.6477948395930515 1.1297913783488396 0.24526641033563973 0.18118371453583554 1.4153702151288376 -0.6216180865696216 -1.4730199153999632
0.8679381248048296 0.6497243634559069 1.129055881254723 0.24691708066354684 0.18550706635452469 1.411684012775165 -0.6197612558818557 -1.4743227758823854
0.8662848214963635 0.65154511805338 1.1282245455978708 0.248502321134359 0.18966653031122255 1.4079696649286002 -0.6178846960355383 -1.4755573793468089
0.8645760788863499 0.653259662615559 1.127300065688499 0.25002330275244666 0.19366778915677807 1.4042282721826909 -0.6159890599985097 -1.47672624644005
0.8628132580338829 0.6548704867336902 1.1262850797866197 0.25148117752703875 0.19751630821923138 1.4004609051198018 -0.6140749865672203 -1.4778318068304277
0.8609977004546502 0.6563800132076919 1.1251821706184155 0.2528770790452211 0.20121734460390814 1.396668605262917 -0.6121431007072415 -1.4788764024855188
0.859130728029735 0.6577906007399503 1.1239938659371806 0.25421212300796886 0.20477595597003095 1.3928523859888193 -0.6101940138814359 -1.479862290831838
0.8572136429440476 0.6591045464843924 1.122722639124186 0.25548740773182615 0.20819700890464857 1.3890132334045449 -0.6082283243664462 -1.4807916478006997
0.855247727652146 0.6603240884593011 1.1213709098251412 0.2567040146186752 0.21148518691361276 1.3851521071889001 -0.606246617558128 -1.48166657076436
0.8532342448693483 0.6614514078318412 1.1199410446182416 0.25786300859587696 0.21464499804831952 1.3812699414007432 -0.6042494662665071 -1.4824890813663898
0.8511744375861713 0.6624886310817957 1.1184353577100687 0.258965438528915 0.21768078218597114 1.3773676452556303 -0.6022374310008107 -1.4832611282500934
0.8490695291042565 0.6634378320515701 1.116856111655883 0.26001233760853365 0.2205967179802066 1.3734461038723476 -0.6002110602450852 -1.4839845896886394
0.8469207230920633 0.6643010338891078 1.1152055181010982 0.261004723714228 0.22339682949808667 1.369506178990765 -0.598170890724883 -1.4846612761204492
0.8447292036587202 0.6650802108899657 1.1134857385409647 0.26194359975582077 0.22608499255860545 1.3655487096623744 -0.5961174476654718 -1.4852929325932533
0.842496135444526 0.6657772902444343 1.1116988850957057 0.26282995399474296 0.22866494078712668 1.361574512914797 -0.5940512450419893 -1.4858812411201068
0.8402226637266977 0.666394153695234 1.1098470212985623 0.263664760346527 0.23114027139941257 1.3575843843914832 -0.5919727858219439 -1.486427822950534
0.8379099145390452 0.6669326391109983 1.1079321628943903 0.26444897866591854 0.23351445072821914 1.3535790989677574 -0.5898825622004354 -1.4869342407598616
0.727228016737268 0.7154021057787976 1.1231508985498895 0.25102537784420786 0.21604541482860493 1.1385444335253525 -0.39975060681177976 -1.4874020007596842
0.5886482055790039 0.775491431050567 1.142929780280677 0.23415523507234906 0.19336377404673338 0.8704257302853815 -0.1623259745404141 -1.487832554732307
0.4653418731420878 0.8289136239050219 1.1603587435091374 0.21991209200999695 0.17318127807732364 0.6304577935489302 0.05307328923265686 -1.4882040627165436
0.37018517422677993 0.8714945205973108 1.173058813582676 0.2104733410819136 0.15798354386363184 0.4401015581688868 0.23107320849591517 -1.4885187735284144
0.2980103872087994 0.9018346626026968 1.1827029265373914 0.20420438130556173 0.1473721004936971 0.3028079968818779 0.3687886509601003 -1.4888808481835993
0.2456929013335286 0.9217096174629531 1.1896474199353726 0.2006334412244762 0.14073426094922797 0.2110540178934138 0.4717670503650035 -1.4892883717393717
0.2088995561659679 0.9334784103229558 1.194427413931054 0.19913532667685782 0.13719784604666396 0.15462893491375074 0.5475148516405086 -1.489739499190071
0.18348683417196293 0.9393539436983943 1.197584065468343 0.19911032863980496 0.13589424773873876 0.12382228767003561 0.6031709342368573 -1.4902324529359408
0.16602721739183307 0.9411561279488962 1.1995670277220107 0.20006926541861417 0.13610983347852987 0.11063852420598133 0.6446208204708074 -1.4907655203434944
0.153914106879217 0.940263291386034 1.2007198304212863 0.20164404200960057 0.13730489109057 0.10901916787197055 0.6763346037986133 -1.4913370513941013
0.14527674647517608 0.9376611293458603 1.2012904351237774 0.20357310133451362 0.13909425832100095 0.11463167784424075 0.7015210919690377 -1.491945456417603
0.13883164379927612 0.934023434804219 1.201450316648321 0.20567899713550736 0.14121549048035115 0.12451614559588593 0.7223856970747458 -1.4925892039078836
0.13373141802083519 0.9297931272894113 1.2013140251161092 0.2078462680619448 0.14349693903423147 0.13672944520325195 0.7403901828729775 -1.4932668184174342
0.12943607403547983 0.925250822524936 1.200955905605416 0.21000286864360765 0.14583075045228974 0.15004360296883482 0.756472843178992 -1.493976878528051
0.12561331502426532 0.9205677262074055 1.200423075018625 0.2121059194336108 0.14815204395160458 0.16371288793386118 0.7712185282437521 -1.4947180148949173
0.1220660549417211 0.915843986822054 1.199744873657826 0.21413141355689796 0.15042381705151397 0.1773048096420581 0.7849820318137146 -1.4954889083614158
0.11868216604825228 0.9111352231168688 1.1989394265889193 0.21606711898240108 0.15262650759071175 0.1905831583417142 0.7979734973900225 -1.496288288142111
0.11540100508052396 0.906470158484079 1.1980180198807828 0.21790787326997565 0.15475105674735645 0.20343021786049534 0.8103152356428364 -1.49711493007144
0.11219191027482209 0.9018619267473121 1.1969879156112568 0.21965257505644642 0.15679446302196684 0.21579687359312222 0.8220781830260098 -1.4979676549157348
0.10904945574591698 0.8973106789051227 1.1958529600964145 0.22130345104047247 0.15875875608100062 0.22769125078105032 0.8332902402243709 -1.4988453267462853
0.10597222777720793 0.8928145784106266 1.1946163841368818 0.22286318861009446 0.16064667705048571 0.23913000053935712 0.8439718678352642 -1.4997468513712366
0.10295884053156958 0.8883718583597533 1.1932813312769184 0.22433440216204503 0.16246087230031916 0.25012918783194654 0.8541427799243515 -1.500671174824193
0.10000793563713527 0.8839808189103869 1.1918508602234825 0.22571963514519733 0.1642038966994936 0.26070431215531464 0.8638219711796425 -1.5016172819074787
0.0971181817725215 0.8796398247950655 1.1903279471949713 0.22702136204404008 0.16587821675984438 0.27087032749029055 0.8730277430798117 -1.5025841947880785
0.0942882742519215 0.8753473029238821 1.1887154882017754 0.22824199030402595 0.1674862136721356 0.2806416615477367 0.8817777291125188 -1.5035709716443537
0.09151693461046911 0.8711017400743496 1.187016301260714 0.2293838622005811 0.16903018623817223 0.2900322343332674 0.890088919077161 -1.504576705361698
0.08880291019025006 0.866901680665111 1.185233128545352 0.23044925665350632 0.17051235370249893 0.2990554760551539 0.8979776825052342 -1.5056005222753626
0.08614497372731329 0.862745724610482 1.1833686384741382 0.23144039098844416 0.17193485848712411 0.3077243443987218 0.9054597912302861 -1.5066415809587452
0.08354192294001268 0.8586325252529277 1.1814254277382452 0.23235942264703321 0.17329976883259018 0.3160513411897208 0.9125504411382807 -1.507699071055501
0.08099258011898794 0.8545607873706714 1.1794060232709278 0.2332084508473188 0.17460908134859587 0.32404852846834337 0.9192642731280843 -1.5087722121538871
0.07849579171907287 0.8505292652577418 1.1773128841601666 0.2339895181959389 0.17586472347726803 0.3317275439948005 0.9256153933107032 -1.5098602527018183
0.07605042795339972 0.8465367608738525 1.1751484035063016 0.23470461225355566 0.17706855587207304 0.33909961620661694 0.931617392474869 -1.5109624689611574
0.07365538238994977 0.8425821220616103 1.1729149102263128 0.2353556670549562 0.1782223746952558 0.3461755786470931 0.9372833648455698 -1.5120781639998246
0.07130957155078244 0.838664240828628 1.1706146708063487 0.23594456458520097 0.179327913836595 0.35296588388368666 0.9426259261611619 -1.5132066667203574
0.06901193451415871 0.8347820516922145 1.1682498910040582 0.2364731362131538 0.18038684705616848 0.3594806169344029 0.9476572310937662 -1.5143473309236029
0.06676143251975847 0.8309345300843898 1.1658227175022275 0.23694316408368582 0.18140079005372892 0.36572950821963673 0.9523889900367645 -1.515499534406272
0.06455704857717606 0.8271206908150571 1.1633352395151844 0.23735638246980417 0.18237130246720212 0.37172194605629083 0.9568324852823445 -1.5166626780911325
0.062397787077864225 0.8233395865912435 1.1607894903493785 0.23771447908591675 0.18329988980273335 0.3774669887103961 0.960998586611214 -1.5178361851886586
0.0602826734106826 0.8195903065903892 1.1581874489195085 0.23801909636340624 0.18418800529862417 0.38297337602388276 0.9648977663158002 -1.5190195003890012
0.05821075358119414 0.8158719750857446 1.1555310412215216 0.238271832689649 0.1850370517254224 0.38824954063059536 0.9685401136774858 -1.520212089083183
0.056181093834840254 0.8121837501219987 1.1528221417637718 0.2384742436115794 0.18584838312434948 0.3933036187761073 0.9719353489176799 -1.5214134366124588
0.05419278028411403 0.808524822239333 1.1500625749575815 0.2386278430048646 0.18662330648617528 0.39814346075537455 0.9750928366418117 -1.5226230475448261
0.052244918539839445 0.8048944132441562 1.1472541164684131 0.23873410420972171 0.187363083372578 0.4027766409817676 0.9780215987946428 -1.5238404449777028
0.05033663334665428 0.8012917750248414 1.144398494528823 0.23879446113437724 0.18806893148195677 0.40721046770054115 0.9807303271446246 -1.5250651698658246
0.04846706822278424 0.797716188410843 1.1414973912143267 0.23881030932713615 0.18874202616159744 0.4114519923593364 0.983227395314388 -1.5262967803734528
0.04663538510418634 0.794166962073634 1.1385524436832783 0.2387830070179989 0.18938350186802677 0.41550801864786274 0.9855208703738337 -1.5275348512500107
0.04484076399313096 0.790643431467954 1.135565245381827 0.23871387613073453 0.18999445357732742 0.4193851112184754 0.9876185240116945 -1.528778973228303
0.04308240261128302 0.7871449578119183 1.1325373472149827 0.23860420326628987 0.19057593814712526 0.42308960409894786 0.9895278433008635 -1.5300287524445033
0.041359516057335274 0.7836709271045847 1.1294702586847902 0.23845524065838736 0.19112897563190245 0.4266276088083388 0.9912560410722355 -1.5312838098791177
0.03967133646923865 0.7802207491796305 1.1263654489965853 0.2382682071021374 0.1916545505532325 0.43000502218646325 0.9928100659112641 -1.5325437808181714
0.038017112691067896 0.7767938567938344 1.1232243481342672 0.23804428885646536 0.19215361312647908 0.4332275339471072 0.9941966117909319 -1.5338083143338836
0.036396109944553716 0.773389704749111 1.1200483479055026 0.23778464052112877 0.19262708044544788 0.43630063396476326 0.9954221273543306 -1.5350770727841274
0.034807609505306376 0.7700077690468843 1.1168388029577416 0.2374903858890757 0.19307583762642924 0.4392296193043183 0.9964928248595688 -1.5363497313299947
0.03325090838374979 0.7666475460736354 1.1135970317659039 0.23716261877487257 0.19350073891302064 0.44201960100278953 0.9974146887992675 -1.537625977470813
0.03172531901077942 0.7633085518164971 1.1103243175925634 0.23680240381990666 0.19390260874307008 0.444675510611882 0.9981934842064568 -1.5389055105959808
0.030230168928152 0.7599903211078115 1.1070219094214375 0.2364107772750468 0.19428224277903608 0.4472021065098294 0.9988347646582598 -1.5401880415530154
0.02876480048361022 0.7566924068976029 1.1036910228649581 0.23598874776142512 0.19464040890301493 0.4496039799906798 0.9993438799883375 -1.5414732922312255
0.027328570530740694 0.7534143795529589 1.1003328410466846 0.23553729700998163 0.19497784817764388 0.4518855611388985 0.9997259837186703 -1.5427609951604453
0.02592085013355923 0.7501558261833455 1.0969485154592893 0.2350573805803941 0.19529527577404673 0.45405112449688007 0.9999860402208683 -1.5440508931242827
0.024541024275813283 0.7469163499909187 1.0935391667988268 0.23454992855999618 0.1955933818679491 0.45610479453269387 1.0001288316168344 -1.5453427387873597
0.023188491574987643 0.7436955696449282 1.0901058857759771 0.2340158462432689 0.19587283250505164 0.45805055091512525 1.0001589644282454 -1.5466362943360379
0.021862664000995714 0.7404931186793423 1.086649733904931 0.23345601479247183 0.19613427043671236 0.4598922336028265 1.0000808759839763 -1.5479313311321403
0.02056296659953554 0.7373086449128511 1.083171744270565 0.23287129187996342 0.19637831592695362 0.4616335477541483 0.9998988405942609 -1.5492276293792024
0.019288837220086404 0.7341418098904396 1.0796729222745356 0.23226251231274334 0.19660556753177363 0.4632780684639899 0.9996169755000616 -1.550524977800796
0.018039726248519083 0.7309922883457489 1.0761542463609017 0.23163048863973273 0.19681660285171002 0.464829245333782 0.9992392466058158 -1.5518231733304908
0.01681509634429 0.7278597676834697 1.0726166687218663 0.2309760117422935 0.19701197925856984 0.4662904068804987 0.9987694740034305 -1.5531220208130359
0.015614422182187022 0.7247439474810449 1.069061115984211 0.23029985140847145 0.1971922345972093 0.46766476479038643 0.9982113372951101 -1.5544213327163485
0.014437190198592352 0.7216445390089783 1.0654884898769783 0.22960275689143422 0.19735788786321629 0.46895541802289575 0.997568380722327 -1.5557209288539262
0.013282898342225768 0.7185612647690756 1.0618996678809447 0.2288854574525604 0.1975094398573197 0.4701653567701082 0.9968440181079813 -1.5570206361173018
0.01215105582932948 0.7154938580499651 1.058295503860401 0.2281486628896219 0.1976473738173212 0.4712974662767616 0.9960415376185379 -1.5583202882181786
0.011041182903254015 0.7124420624992724 1.0546768286777535 0.2273930640504892 0.19777215602831838 0.47235453052579784 0.9951641063526856 -1.5596197254398967
0.009952810598402933 0.7094056317118412 1.0510444507914358 0.22661933333277515 0.19788423641196085 0.4733392357941808 0.9942147747628245 -1.560918794397892
0.008885480508492517 0.7063843288334185 1.047399156837607 0.22582812516982137 0.19798404909545697 0.47425417408356657 0.9931964809154568 -1.5622173478088224
0.007838744559081304 0.7033779261792413 1.0437417121961017 0.22502007650341813 0.19807201296102306 0.4751018464302428 0.9921120545963402 -1.56351524426805
0.00681216478432295 0.7003862048669821 1.0400728615410801 0.22419580724363777 0.1981485321764442 0.47588466609860003 0.9909642212660473 -1.5648123480351745
0.005805313107894837 0.6974089544635298 1.0363933293768142 0.22335592071614965 0.1982139967073922 0.47660496166224514 0.9897556058713695 -1.5661085288273282
0.004817771128053737 0.6944459726451029 1.0327038205590322 0.22250100409737406 0.19826878281212476 0.4772649799767227 0.9884887365178094 -1.5674036616199507
0.00384912990676898 0.6914970648702078 1.029005020802232 0.22163162883782117 0.19831325351916834 0.47786688904766866 0.987166048008213 -1.5686976264547752
0.0028989897628826913 0.6885620440649743 1.0252975971733624 0.2207483510739516 0.19834775908856653 0.4784127807980867 0.985789885252408 -1.5699903082547624
0.0019669600692459937 0.6856407303204158 1.0215821985722562 0.21985171202888434 0.19837263745725586 0.47890467373830464 0.9843625065525443 -1.5712815966457336
0.0010526590537793916 0.6827329506011799 1.0178594561991912 0.21894223840226854 0.1983882146691123 0.47934451554204555 0.9828860867686541 -1.5725713857844592
0.0001557136044050447 0.6798385384653676 1.0141299840099438 0.21802044274962598 0.19839480529019216 0.47973418553192354 0.9813627203687917 -1.5738595741929695
-0.0007242409222018406 0.676957333795018 1.0103943791586851 0.2170868238514623 0.19839271280967422 0.4800754970775592 0.979794424367951 -1.5751460645988629
-0.0015875608880956526 0.6740891825368677 1.0066532224290645 0.21614186707243552 0.19838223002699193 0.4803701999093955 0.978183141159808 -1.5764307637813941
-0.0024345945578305005 0.6712339364530077 1.002907078653811 0.21518604471086253 0.19836363942562815 0.48061998235118675 0.9765307412451881 -1.577713582423135
-0.0032656822785715246 0.6683914528810764 0.999156497123177 0.21421981633883566 0.19833721353402858 0.48082647347402724 0.9748390258610161 -1.578994434967004
-0.004081156656601261 0.6655615945036385 0.9954020119825348 0.21324362913321318 0.19830321527407468 0.48099124517468533 0.9731097295133709 -1.5802732394784726
-0.004881342730275051 0.6627442291264128 0.9916441426194315 0.21225791819774012 0.19826189829754143 0.48111581418091076 0.9713445224181361 -1.5815499175127596
-0.005666558139479505 0.6599392294650235 0.9878833940403966 0.21126310687654803 0.1982135073109513 0.48120164398628884 0.9695450128526077 -1.5828243939868334
-0.006437113291648084 0.6571464729399624 0.984120257237788 0.2102596070592752 0.1981582783892213 0.48125014671712385 0.9677127494213033 -1.584096597056049
-0.006558560475449157 0.6540414182457592 0.9802709461443931 0.20933084680834627 0.19822384906916274 0.48270570100721044 0.9647961406202031 -1.5853664579952527
-0.006081029343114875 0.6506530671625448 0.9763420698850068 0.20846844532120296 0.19839891039566668 0.4854445445379829 0.960887895777941 -1.5866339110841898
-0.0050514056754332156 0.6470083593557845 0.9723398535084559 0.20766469562804632 0.19867296909293158 0.4893515705842486 0.956074321088352 -1.5878988934970641
-0.0035135348549468434 0.6431323085668293 0.9682701603622073 0.20691251730682275 0.19903629325681646 0.494319760932374 0.950435736542509 -1.5891613451960955
-0.0015084125934364733 0.6390481300477637 0.9641385131245098 0.20620541232947268 0.1994798615542033 0.5002496551239759 0.9440468662416477 -1.5904212088289331
0.000925636285280845 0.6347773597976121 0.9599501135765398 0.20553742383737925 0.19999531570570903 0.5070488537174686 0.9369772037789 -1.591678429629783
0.003752790256683543 0.6303399661216719 0.9557098611918774 0.20490309765684211 0.20057491604227717 0.5146315534059511 0.9292913542709736 -1.5929329553241183
0.006939573997742487 0.6257544540026739 0.9514223706158288 0.2042974463774726 0.2012114999394699 0.5229181119668131 0.9210493545208872 -1.5941847360368395
0.010454711121023919 0.6210379627414994 0.9470919881025935 0.20371591582771043 0.20189844294573175 0.531834641146669 0.9123069726991659 -1.5954337242037626
0.01426898612324929 0.6162063572961696 0.9427228069740472 0.20315435379224905 0.2026296224325569 0.5413126257053562 0.9031159888431182 -1.596679874486313
0.01835511496975369 0.6112743137206491 0.9383186821599439 0.20260898082607212 0.2033993836054163 0.5512885669552545 0.8935244573915814 -1.5979231436893104
0.02268762377272163 0.6062553990795408 0.9338832438756277 0.20207636302908794 0.204202507724532 0.5617036492375921 0.8835769528954908 -1.5991634906817316
0.027242735055217182 0.6011621461909091 0.929419910489859 0.20155338665404537 0.2050341823941694 0.5725034278761404 0.8733147999724582 -1.6004008763203452
0.03199826112500984 0.5960061235271275 0.9249319006320936 0.2010372344285575 0.20588997378809562 0.583637537241194 0.8627762885059465 -1.6016352633761133
0.036933504112164506 0.5907980005827219 0.9204222445854982 0.20052536347968516 0.20676580068726036 0.5950594176433709 0.8519968750262956 -1.6028666164632597
0.04202916225244032 0.5855476089985833 0.9158937950091095 0.2000154847566745 0.2076579102136307 0.6067260598579255 0.8410093711515313 -1.6040949019709092
0.04726724202484896 0.5802639997135599 0.9113492370298621 0.19950554385412933 0.20856285515148887 0.6185977661562965 0.8298441199103106 -1.6053200879972047
0.0526309757763692 0.5749554963972467 0.9067910977426842 0.19899370314416273 0.20947747275441114 0.6306379267928175 0.8185291607173015 -1.606542144285812
0.05810474448990716 0.5696297454016768 0.9022217551544998 0.19847832513193517 0.21039886494261775 0.6428128109612331 0.8070903837225202 -1.6077610421647268
0.06367400537322704 0.5642937624545308 0.8976434466057606 0.19795795695447865 0.2113243798014455 0.6550913712981438 0.7955516742104659 -1.6089767544872993
0.06932522396684941 0.5589539763023493 0.8930582767010532 0.1974313159478482 0.2122515942973722 0.6674450610690379 0.7839350476820962 -1.6101892555753974
0.07504581048790718 0.5536162694989905 0.8884682247783803 0.19689727621245626 0.21317829813333997 0.6798476632273968 0.7722607762125928 -1.6113985211646313
0.08082406014474561 0.5482860165221753 0.8838751519448897 0.19635485611095427 0.21410247867010498 0.6922751305887128 0.7605475066403133 -1.6126045283515642
0.08664909717372687 0.54296811938935 0.8792808077051141 0.19580320663724743 0.21502230684500626 0.7047054364093737 0.7488123711071433 -1.6138072555428367
0.09251082236532289 0.5376670409332094 0.8746868362061777 0.1952416005991798 0.21593612402391532 0.7171184347054196 0.7370710904375049 -1.6150066824061378
0.0983998638612183 0.5323868358870408 0.8700947821229255 0.19466942256112915 0.21684242972622086 0.7294957296883987 0.7253380708124083 -1.616202789822953
0.10430753101786157 0.5271311799204959 0.8655060962045154 0.19408615949621463 0.2177398701665352 0.7418205537350743 0.713626494166011 -1.6173955598430279
0.1102257711447536 0.5219033967574611 0.8609221405026954 0.1934913921010649 0.21862722756039854 0.7540776533447775 0.7019484027050585 -1.618584975640483
0.11614712893780484 0.5167064834993238 0.8563441933007451 0.1928847867291315 0.21950341014461994 0.7662531825728873 0.6903147779262051 -1.619771021471522
0.12206470843937514 0.5115431342690808 0.8517734537608966 0.19226608790137575 0.22036744286604149 0.7783346034614083 0.6787356144824374 -1.620953682633673
0.12797213736718294 0.5064157622843974 0.8472110463069651 0.19163511135581876 0.22121845869546197 0.7903105930180577 0.6672199892275589 -1.6221329454265119
0.13386353366417597 0.5013265204608371 0.8426580247578884 0.1909917375999376 0.22205569052621732 0.8021709563237773 0.6557761257468303 -1.6233087971138087
0.13973347413073925 0.49627732064004115 0.838115376226923 0.19033590593222213 0.22287846361950228 0.813906545375287 0.6444114546623219 -1.62448122588705
0.14557696500931266 0.49126985153159647 0.8335840248003399 0.18966760890139203 0.22368618856093977 0.82550918329431 0.6331326699832285 -1.6256502208302852
0.1513894143996416 0.4863055954516804 0.8290648350086215 0.1889868871738173 0.22447835469517247 0.8369715935585262 0.6219457817542543 -1.6268157718862493
0.1571666063905205 0.4813858439362725 0.82455861510237 0.18829382478159937 0.22525452400737653 0.8482873339312482 0.6108561652391093 -1.6279778698237164
0.1629046768010457 0.47651171230176353 0.8200661201443937 0.18758854472556133 0.2260143254225862 0.8594507347873713 0.5998686068611175 -1.6291365062060394
0.1686000904310998 0.47168415322114865 0.8155880549287441 0.18687120490907191 0.22675744949558124 0.8704568415523961 0.5889873471088418 -1.6302916733608324
0.17424961972707317 0.466903969379639 0.8111250767368208 0.18614199438019777 0.22748364346583425 0.8813013609893525 0.578216120601431 -1.631443364350754
0.1798503247747176 0.46217182526945205 0.80667779794005 0.18540112986114676 0.22819270665364846 0.8919806110853402 0.5675581934960269 -1.6325915729453542
0.18539953453654373 0.4574882581797251 0.8022467884580676 0.18464885254534016 0.2288844861751471 0.9024914743052179 0.557016398407987 -1.6337362935939428
0.19089482925634604 0.45285368843392143 0.7978325780807984 0.18388542514373737 0.22955887295520727 0.9128313539947882 0.5465931670038294 -1.6348775213994458
0.19633402395828378 0.44826842892375246 0.7934356586623166 0.18311112916324135 0.2302157980187742 0.9229981337296975 0.5362905604166409 -1.6360152520932114
0.20171515297248765 0.44373269398550363 0.7890564861938985 0.1823262624011394 0.23085522904224678 0.9329901394192676 0.5261102976241723 -1.637149482010733
0.20703645542341767 0.43924660766171625 0.784695482763233 0.18153113664058806 0.2314771671478026 0.9428061039866437 0.5160537819209259 -1.6382802080682553
0.21229636162118487 0.4348102113884283 0.7803530384063372 0.1807260755331373 0.23208164392463154 0.9524451344580452 0.5061221256071882 -1.6394074277402306
0.2174934802997875 0.43042347114560303 0.7760295128583323 0.1799114126552125 0.2326687186620791 0.9619066813045778 0.4963161730101378 -1.6405311390375974
0.22262658664971444 0.4260862841059615 0.771725237208866 0.17908748972633634 0.23323847578066534 0.9711905098900657 0.4866365219448311 -1.6416513404868478
0.22769461109565112 0.4217984848151789 0.7674405154676236 0.17825465497768034 0.23379102244785044 0.9802966738877278 0.47708354371600104 -1.6427680311098585
0.23269662877309927 0.4175598509342894 0.7631756260450443 0.17741326166029184 0.23432648636626427 0.9892254905372868 0.4676574017551805 -1.6438812104044556
0.23763184966060505 0.41337010857316353 0.7589308231530559 0.1765636666830501 0.2348450137229093 0.9979775176223169 0.45835806898163445 -1.644990878325687
0.24249960932699213 0.40922893724206966 0.7547063381303539 0.1757062293710652 0.23534676728858941 1.0065535320553254 0.4491853439699493 -1.6460970352677786
0.2472993602555289 0.405135974446593 0.7505023806964847 0.1748413103358537 0.23583192465751082 1.0149545099652657 0.44013886600184193 -1.6471996820467465
0.25203066370933186 0.40109081994956103 0.7463191401387381 0.17396927044920277 0.2363006766176527 1.0231816081889262 0.43121812907480433 -1.6482988198836441
0.25669318210453274 0.3970930397221015 0.7421567864356208 0.1730904699131763 0.2367532256431134 1.0312361470739555 0.4224224949355651 -1.64939445038842
0.2612866718598213 0.3931421696045342 0.7380154713204568 0.17220526741922246 0.23718978450020853 1.0391195945071974 0.41375120520200787 -1.6504865755443638
0.2658109766929302 0.3892377186964615 0.7338953292884564 0.17131401938981544 0.23761057495963048 1.0468335510875535 0.4052033926331221 -1.6515751976931219
0.27026602133646044 0.38537917249417586 0.7297964785503966 0.1704170792965074 0.23801582660747894 1.054379736367775 0.39677809160275346 -1.6526603195202565
0.2746004026306195 0.38159226803382684 0.7257258457025797 0.16950807338080975 0.23839545792763567 1.0616431186599886 0.38855952791415416 -1.6537419440413352
0.27881594225973144 0.37787526129544985 0.7216833245243439 0.1685877590372462 0.23875018621871247 1.068630556144298 0.3805429643714599 -1.654820074588527
0.2829144479105901 0.37422645302922897 0.7176688024353094 0.16765686577498132 0.23908070923959063 1.075348745798459 0.3727237710260665 -1.6558947147976883
0.286897712953718 0.3706441876041401 0.7136821608482327 0.16671609612387064 0.2393877057420733 1.0818042272637194 0.36509742273142964 -1.6569658685959208
0.2907675161462678 0.36712685188612865 0.7097232755084502 0.1657661265127689 0.23967183598898306 1.0880033866152556 0.35765949675395914 -1.6580335401895845
0.2945256213557435 0.3636728741450631 0.7057920168203563 0.16480760812091483 0.2399337422581044 1.093952460039635 0.35040567043872584 -1.6590977340527495
0.2981737773037452 0.3602807229897253 0.7018882501613494 0.16384116770318827 0.2401740493323595 1.0996575374216626 0.34333171892872727 -1.6601584549160695
0.3017137173289652 0.35694890633011733 0.6980118361836624 0.16286740839001182 0.24039336497659552 1.105124565842909 0.33643351293648666 -1.6612157077560636
0.30514715916869084 0.3536759703663843 0.6941626311044863 0.16188691046264725 0.2405922804013505 1.1103593529941604 0.329707016566787 -1.6622694977847894
0.3084758047580916 0.3504604986036686 0.6903404869847771 0.1609002321046152 0.24077137071395524 1.1153675705039705 0.32314828518937 -1.6633198304398953
0.31170134004659217 0.34730111089223065 0.6865452519971287 0.15990791012994585 0.24093119535731863 1.1201547571854362 0.31675346336045385 -1.6643667113750376
0.31482543483065606 0.3441964624921877 0.6827767706830792 0.15891046068894707 0.241072298536734 1.124726322203267 0.3105187827919522 -1.6654101464506483
0.3178497426023269 0.34114524316223865 0.67903488420021 0.15790837995215817 0.24119520963503524 1.1290875481631628 0.3044405603672998 -1.6664501417250421
0.3207759004128949 0.33814617627175947 0.6753194305593812 0.15690214477313638 0.2413004436164217 1.1332435941254593 0.2985151962028153 -1.6674867034458496
0.3236055287510774 0.3351980179356697 0.6716302448524405 0.15589221333070566 0.24138850141926313 1.1371994985449567 0.29273917175355796 -1.668519838041765
0.3263402314351234 0.33229955617148604 0.6679671594707299 0.1548790257512789 0.2414598703381858 1.1409601821387896 0.2871090479626545 -1.6695495521145973
0.3289815955182694 0.3294496100779935 0.6643300043147043 0.15386300471184652 0.24151502439573397 1.1445304506841518 0.28162146345310035 -1.670575852431614
0.33153119120699504 0.3266470290349801 0.6607186069949673 0.152844556024208 0.24155442470389238 1.1479149977476448 0.2762731327610579 -1.6715987459181663
0.33399057179154445 0.32389069192349484 0.6571327930250179 0.15182406920100525 0.24157851981574718 1.1511184073479672 0.27106084460969915 -1.6726182396505842
0.3363612735881967 0.3211795063661028 0.6535723860059964 0.15080191800410167 0.24158774606755543 1.1541451565536238 0.26598146022266006 -1.6736343408493364
0.3386448158927866 0.3185124079866247 0.6500372078037028 0.1497784609758337 0.24158252791148577 1.1569996180172855 0.2610319116761972 -1.6746470568724392
0.3408427009449945 0.3158883596888611 0.6465270787181576 0.14875404195364736 0.2415632782392858 1.1596860624483911 0.25620920028915534 -1.6756563952091108
0.3429564139029379 0.3133063509538152 0.6430418176459646 0.14772899056861716 0.24153039869712417 1.1622086610255404 0.25151039504987666 -1.676662363473658
0.34498742282761535 0.31076539715493967 0.6395812422357253 0.1467036227283296 0.24148427999184915 1.1645714877501878 0.246932631079202 -1.6776649693995895
0.34693717867676854 0.3082645388909461 0.6361451690367498 0.14567824108460073 0.24142530218889843 1.1667785217431077 0.2424731081287328 -1.6786642208339477
0.3488071153077412 0.30580284133572655 0.6327334136412975 0.14465313548648231 0.2413538350020885 1.1688336494850637 0.2381290891135425 -1.6796601257318475
0.3505986494889301 0.3033793936049489 0.6293457908205776 0.14362858341899878 0.24127023807550557 1.1707406670030773 0.23389789867854394 -1.68065269215122
0.3523131809194359 0.3009933081388996 0.6259821146547284 0.14260485042804383 0.2411748612577144 1.172503282003656 0.2297769217977378 -1.6816419282477493
0.3539520922565362 0.29864372010115586 0.6226421986569896 0.14158219053185314 0.24106804486849456 1.1741251159543076 0.22576360240558457 -1.6826278422699976
0.3555167491506142 0.2963297867926841 0.6193258558922735 0.14056084661945764 0.240950119958309 1.1756097061146278 0.22185544205976013 -1.683610442554711
0.3570085002871927 0.2940506870809676 0.6160328990903364 0.13954105083650958 0.24082140856070294 1.1769605075182221 0.2180499986345715 -1.6845897375222993
0.3584286774357304 0.2918056208437797 0.6127631407537417 0.13852302495886287 0.24068222393782662 1.1781808949066872 0.21434488504432644 -1.6855657356724851
0.35977859550485425 0.28959380842722693 0.6095163932608042 0.13750698075427722 0.24053287081926986 1.1792741646168432 0.21073776799596625 -1.6865384455801131
0.3610595526037101 0.287414490117697 0.606292468963695 0.13649312033260536 0.24037364563439065 1.180243536422383 0.20722636677028722 -1.6875078758911164
0.36227283010912614 0.2852669256273554 0.6030911802818837 0.13548163648481193 0.24020483673831627 1.1810921553310725 0.20380845203109157 -1.6884740353186332
0.36341969273829405 0.2831503935928438 0.5999123397910856 0.13447271301116237 0.24002672463178895 1.1818230933386036 0.20048184466162391 -1.6894369326392682
0.36450138862668346 0.2810641910868424 0.5967557603078811 0.1334665250389103 0.2398395821750246 1.18243935114018 0.19724441462766376 -1.6903965766894942
0.3655191494109157 0.2790076331421672 0.5936212549701625 0.132463239329802 0.239643674795748 1.1829438598008815 0.1940940798666595 -1.691352976362187
0.3664741903163322 0.2769800522880804 0.5905086373135642 0.13146301457770795 0.2394392606915632 1.1833394823858303 0.19102880520230311 -1.6923061406032918
0.3673677102490028 0.27498079809850257 0.5874177213440246 0.13046600169668124 0.23922659102681404 1.1836290155511582 0.18804660128395867 -1.6932560784086128
0.36820089189192773 0.27300923675182104 0.5843483216066221 0.12947234409973474 0.2390059101240849 1.1838151910967392 0.18514552355037114 -1.6942027988207258
0.3692943753447534 0.2713044384787112 0.5811618499449313 0.1285994528363878 0.23870554131591892 1.1837455864620332 0.1824355208988853 -1.6951463109260037
0.3706319238882348 0.26985322570760434 0.5778665861204897 0.12784122038417797 0.23833089303094612 1.1834321608233251 0.1799080038866785 -1.6960866238517562
0.37219811075534875 0.2686430140537294 0.5744703741720555 0.12719182809693097 0.23788706842342583 1.1828863381009536 0.1775547660567075 -1.6970237467634774
0.3739782809195724 0.2676617857732462 0.5709806437843782 0.1266457325386081 0.2373788812826757 1.1821190312080445 0.17536796660595147 -1.6979576888621954
0.3759585146554719 0.2668980644136738 0.5674044306380952 0.12619765246480105 0.23681087114908178 1.1811406651917102 0.17334011384485315 -1.6988884593819245
0.37812559278985075 0.2663408906063367 0.5637483957886738 0.12584255642125575 0.23618731767522794 1.1799611993174917 0.17146404941169055 -1.6998160675872116
0.38046696356547005 0.26597979894902224 0.560018844120082 0.12557565093024978 0.23551225426884173 1.178590148145497 0.169732933207277 -1.700740522770778
0.38297071104294544 0.2658047959294086 0.5562217419167386 0.1253923692370201 0.2347894810525004 1.1770366016444571 0.1681402290169768 -1.7016618342512482
0.3856255249698502 0.26580633884207244 0.5523627335952572 0.12528836058974754 0.23402257717336922 1.1753092443878024 0.16667969078853978 -1.702580011370968
0.3884206720493242 0.26597531565403837 0.5484471576355617 0.12525948002785242 0.23321491249465257 1.173416373873831 0.16534534953570434 -1.7034950634939028
0.39134596854360376 0.26630302577588344 0.5444800617490997 0.12530177865454478 0.23236965869892134 1.1713659180101168 0.16413150083889896 -1.7044070000036184
0.3943917541508638 0.26678116169736854 0.5404662173201182 0.1254114943707064 0.23148979983203555 1.1691654518004517 0.16303269291568798 -1.7053158303013387
0.39754886709660026 0.26740179144843723 0.5364101331542848 0.12558504304826212 0.23057814231500398 1.1668222132708668 0.1620437152348639 -1.7062215638040765
0.40080862038348725 0.2681573418482064 0.5323160685673324 0.12581901012222785 0.22963732444981208 1.16434311866959 0.1611595876492867 -1.7071242099428379
0.40416277914622634 0.26904058250627394 0.5281880458448814 0.12611014258160352 0.22866982544399916 1.1617347769742072 0.16037555002371337 -1.7080237781608947
0.4076035390603683 0.2700446105422945 0.5240298621031309 0.12645534134021563 0.22767797397757703 1.1590035037377566 0.15968705233495206 -1.708920277912124
0.4111235057564374 0.2711628359913223 0.5198451005787248 0.12685165396950426 0.22666395633474729 1.1561553343040374 0.15908974522271524 -1.709813718659412
0.41471567519293095 0.2723889678638999 0.5156371413747726 0.1272962677760999 0.22562982412179594 1.1531960364210172 0.1585794709705391 -1.7107041098731193
0.4183734149439038 0.27371700083128425 0.5114091716887406 0.12778650320784488 0.22457750159151443 1.1501311222799024 0.15815225489708357 -1.7115914610296064
0.42209044635888976 0.27514120250754653 0.5071641955467275 0.12831980757268574 0.22350879259351702 1.1469658600061654 0.15780429713903069 -1.7124757816098162
0.4258608275548566 0.2766561013015689 0.5029050430674863 0.1288937490555983 0.22242538716889093 1.143705284627618 0.15753196480766088 -1.713357081097912
0.42967893720174827 0.2782564748131884 0.49863437927846327 0.1295060110194084 0.2213288678067267 1.1403542085434688 0.15733178450200944 -1.7142353689799692
0.4335394590649393 0.27993733874890714 0.4943547125050802 0.13015438657603848 0.22022071537923002 1.1369172315172051 0.1572004351622898 -1.7151106547427177
0.4374373672696166 0.28169393633370843 0.4900684023534885 0.1308367734153478 0.21910231477130931 1.1333987502150862 0.1571347412480187 -1.7159829478723352
0.44136791225371447 0.28352172819658067 0.48577766730607885 0.13155116887933935 0.217974960219766 1.1298029673110421 0.15713166622599287 -1.7168522578532863
0.44532660737756774 0.28541638270837266 0.4814845919481225 0.13229566527008585 0.2168398603764824 1.126133900177814 0.15718830635394718 -1.7177185941672095
0.4493092161599134 0.2873737667515717 0.4771911338430595 0.13306844538027693 0.21569814310930568 1.1223953891832605 0.15730188474637585 -1.7185819662918471
0.4533117401112719 0.28938993690252496 0.47289913007312695 0.13386777823581564 0.2145508600536637 1.118591105609892 0.1574697457096165 -1.7194423837000186
0.45733040713707307 0.29146113100750826 0.4686103034612359 0.13469201504039185 0.2133989909273152 1.114724559214858 0.15768934933389006 -1.720299855858635
0.46136166048416666 0.2935837601348906 0.4643262684892588 0.13553958531243707 0.21224344762003702 1.11079910544683 0.1579582663305531 -1.7211543922277535
0.46540214820557 0.295754400886449 0.46004853692717684 0.13640899320531968 0.2110850780694765 1.1068179523354653 0.15827417310335823 -1.722006002259668
0.4694487131194668 0.2979697880516559 0.45577852318685763 0.13729881400207203 0.20992466993385275 1.102784167068415 0.15863484704303163 -1.7228546953980397
0.47349838323957477 0.30022680758949793 0.45151754941358585 0.13820769077635361 0.20876295407167056 1.0987006822701588 0.15903816203496698 -1.723700481077061
0.477548362655056 0.3025224899230817 0.44726685032785274 0.13913433121174745 0.20760060783811574 1.094570301996287 0.15948208417030327 -1.7245433687206542
0.4815960228391489 0.3048540035329541 0.44302757782932134 0.14007750457186122 0.2064382582073304 1.090395707456234 0.15996466765109904 -1.7253833677417023
0.4856388943666609 0.30721864883570027 0.43880080537432414 0.14103603881406182 0.20527648472931764 1.0861794624768648 0.16048405088074294 -1.7262204875413136
0.48967465902137775 0.30961385233499317 0.4345875321377145 0.14200881784001157 0.20411582232979852 1.0819240187187484 0.1610384527311449 -1.7270547375081144
0.49370114227531586 0.31203716103284823 0.4303886869693841 0.14299477887649875 0.20295676396093698 1.0776317206564126 0.16162616897864104 -1.7278861270175725
0.49771630612258166 0.31448623708939283 0.42620513215527195 0.14399290998036351 0.20179976311046235 1.073304810333353 0.16224556890091443 -1.728714665431349
0.5017182422513926 0.3169588527199887 0.42203766699222806 0.14500224766161457 0.2006452361763499 1.0689454319020801 0.16289509202758687 -1.7295403620966772
0.505705165538576 0.3194528853190513 0.4178870311856528 0.1460218746191121 0.19949356471386923 1.0645556359590111 0.16357324503747303 -1.7303632263457676
0.5096754078515838 0.3219663128003928 0.4137539080784128 0.14705091758345937 0.19834509756147634 1.0601373836835681 0.16427859879581 -1.7311832674952388
0.5136274121437511 0.3244972091443743 0.409638927719132 0.14808854526200022 0.19720015285170778 1.055692550790413 0.165009785525081 -1.732000494845572
0.5175597268291855 0.32704374014259496 0.405542669777575 0.1491339663810613 0.19605901991293187 1.051222931303342 0.16576549610334435 -1.7328149176805905
0.5214710004243035 0.3296041593312624 0.4014656663144746 0.15018642782080993 0.19492196106752466 1.0467302411589725 0.1665444774842583 -1.7336265452669595
0.5253599764436254 0.3321768041047906 0.39740840441280845 0.15124521283831716 0.19378921333176377 1.0422161216479768 0.16734553023325754 -1.73443538685371
0.529225488538016 0.3347600920015536 0.3933713286771985 0.15230963937462633 0.19266099002247258 1.0376821427012728 0.16816750617459156 -1.735241451671783
0.5330664558641006 0.3373525171540878 0.3893548436077909 0.15337905844182656 0.19153748227519837 1.0331298060282306 0.1690093061441769 -1.736044748933593
0.536881878674109 0.3399526468963839 0.38535931585467353 0.15445285258632088 0.19041886047847228 1.0285605481136393 0.16986987784344687 -1.7368452878326133
0.5406708341158918 0.34255911852124155 0.3813850763586012 0.15553043442466022 0.18930527562847357 1.0239757430798655 0.1707482137896024 -1.7376430775429763
0.5444324722333314 0.34517063618097815 0.377432422383525 0.15661124524848682 0.1881968606082066 1.019376705420341 0.17164334935787795 -1.7384381272190963
0.5481660121578177 0.34778596792508426 0.37350161944616317 0.15769475369529531 0.1870937313950952 1.0147646926102374 0.17255436091163764 -1.7392304459953065
0.5518707384818928 0.3504039428687091 0.36959290314760024 0.15878045448187633 0.18599598820070573 1.0101409075999146 0.17348036401630756 -1.7400200429855144
0.555545997806577 0.353023448486134 0.3657064809116663 0.15986786719745705 0.18490371654612472 1.0055065011964799 0.17442051173333356 -1.7408069272828723
0.5591911954542809 0.3556434280236561 0.36184253363462265 0.16095653515369457 0.1838169882763423 1.0008625743385422 0.1753739929905277 -1.741591107959465
0.562805792339584 0.35826287802655554 0.3580012172504638 0.16204602428881465 0.18273586251682505 0.996210180269021 0.17634003102533313 -1.7423725940660102
0.5663893019905151 0.3608808459750591 0.35418266421594186 0.16313592212331607 0.1816603865753034 0.9915503266106415 0.17731788189769562 -1.7431513946315753
0.5699412877133102 0.3634964280244438 0.35038698491922465 0.16422583676478472 0.18059059679164702 0.9868839773485397 0.17830683306938172 -1.7439275186633076
0.5734613598939508 0.36610876684464083 0.34661426901591147 0.16531539595947847 0.17952651933855854 0.9822120547241964 0.17930620204672756 -1.7447009751461773
0.5769491734300891 0.36871704955490986 0.34286458669595415 0.16640424618845487 0.1784681709756782 0.9775354410447264 0.18031533508394082 -1.7454717730427334
0.5804044252872702 0.37132050574935427 0.3391379898848612 0.16749205180612062 0.1774155597595626 0.9728549804113674 0.1813336059442089 -1.7462399212928734
0.5838268521736352 0.37391840560923545 0.3354345133824032 0.1685784942191827 0.17636868571187675 0.9681714803708324 0.18236041471599274 -1.7470054288136232
0.5872162283275638 0.3765100580982292 0.3317541759418819 0.16966327110407722 0.17532754144802024 0.9634857134930281 0.1833951866820055 -1.7477683044989292
0.5905723634129687 0.37909480923693756 0.32809698129288195 0.1707460956610443 0.1742921127682975 0.9587984188784767 0.18443737123848836 -1.7485285572194618
0.5938951005171978 0.38167204045313785 0.3244629191102823 0.17182669590310412 0.17326237921363438 0.9541103035986287 0.18548644086250643 -1.7492861958224295
0.5971843142467369 0.3842411670044066 0.32085196593217347 0.17290481397827356 0.17223831458774266 0.9494220440721077 0.18654189012509026 -1.7500412291314027
0.6004399089161239 0.3868016364699084 0.3172640860291989 0.1739802055234408 0.1712198874475378 0.9447342873797897 0.18760323474814883 -1.7506010792856996
0.6036618168257015 0.38935292730828286 0.31369923222771917 0.1750526390483922 0.17020706156352278 0.9400476525214858 0.1886700107031738 -1.7509724826081676
0.606849996624036 0.39189454747870084 0.3101573466890823 0.1761218953485568 0.16919979635176507 0.9353627316168732 0.18974177334984552 -1.7511619592561978
0.6100044317510229 0.3944260331222925 0.306638361647174 0.17718776694510258 0.1681980472790096 0.9306800910531952 0.1908180966127376 -1.7511758201127197
0.6131251289578856 0.39694694730127544 0.3031422001063176 0.17825005755108397 0.16720176624239272 0.9260002725821384 0.19189857219439885 -1.7510201734576611
0.616212116900448 0.3994568787932299 0.29966877650149404 0.17930858156240254 0.16621090192514684 0.9213237943681852 0.19298280882316998 -1.7507009314268651
0.6192654448022298 0.4019554409380834 0.29621799732275733 0.1803631635724011 0.16522540012961448 0.9166511519906336 0.1940704315341678 -1.7502238162652342
0.622285181184074 0.4044422705354759 0.2927897617056311 0.18141363790896883 0.1642452040888223 0.9119828194013765 0.19516108098193996 -1.74959436638066
0.6252714126571677 0.40691702679028025 0.28938396198918553 0.1824598481930883 0.16327025475780219 0.9073192498404388 0.196254412783363 -1.7488179422050811
0.6282242427764625 0.4093793903041538 0.28600048424341223 0.18350164691780615 0.16230049108578443 0.9026608767111781 0.19735009688942046 -1.7478997318688168
0.6311437909516425 0.4118290621110902 0.282639208767437 0.1845388950466585 0.16133585027033034 0.8980081144169677 0.1984478169845603 -1.7468447566941208
0.634030191412916 0.4142657627550319 0.2793000105600354 0.18557146163062768 0.1603762679944165 0.8933613591610984 0.1995472699123899 -1.7456578765137187
0.636883592229037 0.41668923140769104 0.27598275976384595 0.18659922344275226 0.15942167864743004 0.8887209897115568 0.20064816512652395 -1.7443437948199014
0.6397041543750804 0.41909922502480856 0.2726873220846075 0.1876220646295528 0.15847201553098478 0.884087368132261 0.20175022416545374 -1.7429070637495734
0.642492050847613 0.42149551753916026 0.2694135591866845 0.18863987637847737 0.1575272110504204 0.879460840482264 0.20285318015035878 -1.7413520889104814
0.6452474658250072 0.4238778990886941 0.2661613290660812 0.189652556600608 0.15658719689280182 0.874841737484365 0.2039567773048298 -1.739683134053684
0.6479705938707545 0.42624617527825565 0.2629304864020879 0.19066000962790575 0.15565190419219338 0.8702303751645041 0.2050607704955198 -1.7379043255971593
0.6506616391777306 0.4286001664734259 0.2597208828886483 0.19166214592430691 0.1547212636829415 0.8656270554632538 0.20616492479278425 -1.7360196570052928
0.6533208148514634 0.4309397071250637 0.2565323675464818 0.1926588818100157 0.15379520584166095 0.8610320668206589 0.20726901505041442 -1.7340329930288376
0.6559483422305421 0.43326464512320456 0.2533647870169457 0.19365013919836954 0.15287366101858327 0.8564456847356213 0.20837282550360806 -1.7319480738097917
0.6585444502423946 0.43557484117903145 0.25021798583857446 0.1946358453446841 0.15195655955889123 0.8518681723009722 0.20947614938436124 -1.7297685188554939
0.6611093747927431 0.43787016823368624 0.24709180670718645 0.19561593260651233 0.1510438319146295 0.8472997807153193 0.2105787885535018 -1.7274978308861075
0.663643358187124 0.44015051089274865 0.24398609072040578 0.1965903382147799 0.1501354087477509 0.8427407497727111 0.21168055314862008 -1.725139399559523
0.6661466485829373 0.44241576488525935 0.24090067760740572 0.1975590040552843 0.14923122102482764 0.8381913083311097 0.21278126124718724 -1.722696505077585
0.6686194994705578 0.444665836546215 0.23783540594463964 0.19852187646007016 0.1483312001039284 0.8336516747606209 0.21388073854418238 -1.7201723216774258
0.6710621691821137 0.44690064232151006 0.2347901133582892 0.19947890600821636 0.14743527781413535 0.8291220573723855 0.21497881804358185 -1.7175699210115623
0.6734749204265984 0.4491201082943457 0.23176463671412242 0.20043004733559214 0.1465433865281499 0.8246026548289963 0.21607533976309237 -1.714892275420304
0.6758580198500473 0.4513241697321696 0.2287588122954214 0.20137525895316205 0.1456554592284113 0.8200936565372634 0.2171701504515383 -1.7121422610999002
0.6782117376195687 0.45351277065325235 0.22577247596960584 0.20231450307343832 0.14477142956712938 0.8155952430241175 0.21826310331833984 -1.7093226611697474
0.6805363470300752 0.45568586341204453 0.22280546334414889 0.20324774544469898 0.14389123192061137 0.8111075862963996 0.2193540577745443 -1.7064361686418743
0.6828321241326162 0.457843408302498 0.21985760991235107 0.20417495519260848 0.1430148014382412 0.8066308501852575 0.22044287918489766 -1.7034853892958162
0.6850993473832623 0.45998537317857 0.2169287511895114 0.20509610466889458 0.1421420740864505 0.8021651906758308 0.22152943863046554 -1.700472844461893
0.6873382973115426 0.4621117330911635 0.2140187228400071 0.20601116930675226 0.1412729866880021 0.7977107562228806 0.22261361268133661 -1.69740097371581
0.6895492562074832 0.46422246994078936 0.2111273607957682 0.20692012748266067 0.14040747695688838 0.7932676880529859 0.22369528317896092 -1.6942721374874037
0.6917325078263379 0.4663175721452699 0.20825450136661 0.2078229603843145 0.13954548352913113 0.7888361204539048 0.22477433702769714 -1.691088619586271
0.6938883371101463 0.46839703432183 0.2053999813428618 0.20871965188438538 0.1386869459897524 0.7844161810516673 0.2258506659951612 -1.687852629646928
0.696017029925295 0.4704608569829534 0.20256363809070968 0.2096101884198425 0.13783180489617194 0.7800079910759442 0.22692416652098768 -1.6845663054960602
0.698118872815295 0.4725090462454085 0.19974530964065002 0.21049455887657426 0.1369800017982716 0.7756116656142104 0.2279947395336324 -1.6812317154443497
0.7001941527680279 0.47454161355187274 0.1969448347694302 0.2113727544790658 0.13613147925535404 0.7712273138551974 0.22906229027486183 -1.6778508605052793
0.702243156996745 0.4765585754046128 0.19416205307583448 0.21224476868489814 0.1352861808502101 0.7668550393221085 0.2301267281315909 -1.6744256765432408
0.704266172734141 0.4785599531106986 0.1913968050506548 0.2131105970838465 0.13444405120049682 0.7624949400960479 0.23118796647474577 -1.6709580363531997
0.7062634870388534 0.4805457725382536 0.18864893214116923 0.21397023730136572 0.13360503596761678 0.7581471090300939 0.2322459225048428 -1.6674497516740965
0.708235386613769 0.4825160638832663 0.18591827681043496 0.21482368890626066 0.1327690818632783 0.7538116339544292 0.2333005171039891 -1.6639025751380951
0.7101821576355504 0.4844708614465067 0.18320468259168626 0.21567095332234942 0.13193613665390586 0.7494885978729211 0.23435167469402318 -1.6603182021577239
0.7121040855948221 0.4864102034201134 0.18050799413811436 0.21651203374393627 0.13110614916306015 0.745178079151526 0.23539932310052641 -1.656698272752885
0.7140014551464798 0.48833413168343504 0.17782805726829076 0.21734693505491956 0.13027906927201777 0.7408801516988774 0.23644339342244924 -1.6530443733196503
0.7158745499696165 0.49024269160772815 0.1751647190074837 0.21817566375136896 0.1294548479186519 0.7365948851394001 0.23748381990710632 -1.6493580383426967
0.7177236526365788 0.49213593186933147 0.17251782762510348 0.21899822786741338 0.12863343709474706 0.7323223449792761 0.23852053983030658 -1.645640752053177
0.7195490444906917 0.49401390427095215 0.16988723266850092 0.219814636904289 0.12781478984187294 0.7280625927655768 0.23955349338139476 -1.6418939500337648
0.7213510055322132 0.4958766635707166 0.16727278499333195 0.2206249017624041 0.12699886024593468 0.7238156862388575 0.24058262355299023 -1.6381190207725558
0.7231298143120986 0.49772426731865294 0.16467433679068977 0.22142903467628355 0.12618560343051044 0.7195816794794989 0.24160787603521972 -1.6343173071674544
0.7248857478331745 0.499556775700287 0.162091741611196 0.22222704915226335 0.12537497554907973 0.7153606230480701 0.2426291991142483 -1.6304901079826248
0.7266190814583444 0.5013742513870472 0.1595248543862325 0.22301895990881032 0.12456693377624024 0.71115256411997 0.243646543574923 -1.6266386792585317
0.7283300888254617 0.5031767593931873 0.1569735314464861 0.22380478281934957 0.12376143629800444 0.706957546614597 0.2446598626073508 -1.6227642356770493
0.7300190417685269 0.5049643669389494 0.15443763053796866 0.22458453485748675 0.12295844230126177 0.7027756113192838 0.24566911171724154 -1.618867951883072
0.7315812311840643 0.5066583818416082 0.15196249018612337 0.225319697502516 0.12218154302536861 0.6986577589443144 0.24663749481490962 -1.6149509637640098
0.7330199225037877 0.5082609699859783 0.14954636640282137 0.22601134214011662 0.12142960977127641 0.6946022696287655 0.24756623283472978 -1.6110143696885124
0.7343383043684001 0.50977425271663 0.14718756697928334 0.22666051489948758 0.12070155805472008 0.6906074735644349 0.24845651097592975 -1.6070592317057188
0.7355394904540431 0.5112003077078603 0.1448844499404943 0.22726823733338827 0.11999634598654653 0.686671749562568 0.24930947972110254 -1.6030865767062918
0.7366265212539895 0.5125411698178738 0.1426354220461266 0.2278355070769026 0.11931297271023204 0.6827935236608342 0.2501262558263101 -1.5990973975464537
0.73760236581671 0.5137988319274138 0.14043893733655305 0.22836329848566123 0.11865047689460978 0.6789712677694355 0.25090792328355854 -1.5950926541362025
0.7384699234414116 0.5149752457630806 0.13829349572257635 0.22885256325423114 0.1180079352798966 0.6752034983552638 0.2516555342564061 -1.591073274492848
0.7392320253321225 0.516072322705572 0.13619764161754264 0.22930423101535474 0.11738446127517325 0.6714887751630502 0.2523701099894417 -1.5870401557609763
0.7398914362113655 0.517091934583082 0.13414996261054937 0.22971920992069741 0.11677920360553576 0.6678256999724796 0.2530526416923545 -1.5829941651999084
0.7404508558944382 0.5180359144500879 0.13214908817949683 0.23009838720373801 0.11619134500719644 0.6642129153902739 0.2537040913992923 -1.5789361411396903
0.7409129208252893 0.5189060573517578 0.13019368844277127 0.23044262972541393 0.11562010096887212 0.660649103676271 0.2543253928041907 -1.5748668939066168
0.7412802055749591 0.519704121074206 0.12828247294838566 0.23075278450311068 0.11506471851785408 0.6571329856025581 0.2549174520727335 -1.5707872067192596
0.7415552243035217 0.5204318268808235 0.12641418949943958 0.23102967922356415 0.11452447504920905 0.6536633193447385 0.2554811486315888 -1.5666978365559394
0.7417404321864463 0.521090860234906 0.1245876230147956 0.23127412274022408 0.11399867719661423 0.6502388994044428 0.25601733593554665 -1.5625995149945517
0.7418382268062708 0.5216828715088047 0.12280159442390275 0.23148690555560653 0.11348665974337978 0.6468585555622128 0.2565268422131676 -1.5584929490256267
0.7418509495104568 0.5222094766798159 0.12105495959473142 0.231668800289145 0.11298778457226274 0.6435211518599175 0.25701047119153425 -1.5543788218394765
0.7417808867362731 0.5226722580130309 0.11934660829381549 0.23182056213103133 0.1125014396527236 0.6402255856118771 0.25746900280068213 -1.550257793588255
0.7416302713035322 0.5230727647313583 0.11767546317742847 0.23194292928251953 0.11202703806432326 0.6369707864438997 0.2579031938582708 -1.54613050212373
0.7414012836759871 0.5234125136729343 0.11604047881295039 0.23203662338314918 0.11156401705500263 0.6337557153594527 0.25831377873503997 -1.5419975637115393
0.7410960531921682 0.5236929899361291 0.1144406407295114 0.23210234992532833 0.11111183713303058 0.6305793638322154 0.2587014700015811 -1.537859573722684
0.7407166592664267 0.5239156475123603 0.1128749644970259 0.2321407986567005 0.11066998119144729 0.6274407529242769 0.25906695905694044 -1.5337171073029796
0.7402651325609266 0.5240819099069168 0.11134249483275828 0.2321526439707045 0.1102379536638706 0.6243389324292686 0.25941091673955524 -1.529570720021171
0.7397434561293112 0.5241931707479989 0.10984230473458799 0.23213854528572192 0.10981527971057166 0.6212729800397342 0.2597339939210111 -1.5254209484963877
0.7391535665327496 0.5242507943841731 0.1083734946401668 0.23209914741319243 0.10940150443376395 0.6182420005380642 0.2600368220830951 -1.5212683110056
0.7384973549290519 0.5242561164704423 0.10693519161118628 0.23203508091506397 0.1089961921210858 0.6152451250103388 0.26032001387860665 -1.5171133080717125
0.7377766681355233 0.5242104445431259 0.10552654854199728 0.23194696245093135 0.10859892551629179 0.6122815100824395 0.260584163676375 -1.5129564230329116
0.7369933096662109 0.5241150585837439 0.1041467433918464 0.23183539511520435 0.10820930511620222 0.6093503371778103 0.26082984809092036 -1.5087981225938636
0.7361490407441789 0.5239712115720955 0.10279497844001724 0.23170096876463447 0.10782694849299249 0.6064508117962653 0.2610576264971833 -1.5046388573593437
0.7352455812894337 0.5237801300287224 0.10147047956318561 0.23154426033651762 0.10745148964093584 0.6035821628132538 0.26126804153073585 -1.5004790623508522
0.7342846108831037 0.5235430145469401 0.10017249553431946 0.23136583415787831 0.10708257834674352 0.6007436417990158 0.2614616195738763 -1.4963191575067634
0.733267769708461 0.5232610403146224 0.0989002973424744 0.23116624224593113 0.10671987958267568 0.5979345223570696 0.26163887122799845 -1.4921595481665304
0.7321966594693616 0.5229353576259195 0.09765317753285568 0.23094602460010363 0.1063630729216251 0.5951540994814942 0.2618002917726156 -1.4880006255394524
0.7310728442866619 0.522567092383089 0.09643044956653696 0.23070570948589544 0.10601185197340299 0.5924016889324826 0.2619463616114095 -1.4838427671584986
0.7298978515731566 0.5221573465886139 0.09523144719924416 0.23044581371083853 0.10566592384148292 0.5896766266296523 0.2620775467056632 -1.4796863373196636
0.7286731728875718 0.5217071988277832 0.0940555238786316 0.23016684289281378 0.10532500859948458 0.586978268062622 0.2621942989954284 -1.4755316875073152
0.7274002647681276 0.5212177047419033 0.09290205215949435 0.22986929172097081 0.10498883878670358 0.5843059877183681 0.26229705680876725 -1.4713791568059817
0.726080549546177 0.5206898974923124 0.09177042313637825 0.2295536442094884 0.10465715892201768 0.5816591785248941 0.26238624525939935 -1.4672290722990091
0.7247154161404128 0.52012478821536 0.09066004589306502 0.2292203739444052 0.10432972503552305 0.579037251310757 0.26246227663307636 -1.463081749454508
0.7233062208321217 0.5195233664685173 0.08957034696842621 0.22886994432374203 0.10400630421727601 0.576439634280006 0.26252555076299666 -1.4589374924989948
0.721854288021952 0.5188866006677787 0.08850076983815469 0.22850280879112927 0.10368667418253785 0.5738657725021036 0.2625764553945653 -1.454796594779119
0.7203609109686511 0.5182154385165139 0.08745077441189786 0.22811941106314546 0.1033706228529407 0.5713151274164097 0.26261536653979434 -1.4506593391118563
