-2.9393684712708614 -0.15435552815880116 2.5758544481268304 3.9199729928843614 6.461692505650484 0.21354572641017672
-2.9393684712708614 -0.15435552815880116 2.5758544481268304 3.9199729928843614 6.461692505650484 0.21354572641017672
-2.938579151296815 -0.15403431618453345 2.5760240472810803 3.919989873234631 6.461711016295494 0.2134720129774858
-2.937028680606292 -0.15340119791148066 2.5763589559803615 3.920023629938269 6.46174702442789 0.2133275148372239
-2.9347442841279197 -0.15246523832504888 2.576854978598761 3.920074246983111 6.461799555028847 0.21311505383404689
-2.9317522744740376 -0.1512352679174418 2.5775080114160156 3.9201416968444347 6.46186767004444 0.2128373488019319
-2.928078082852829 -0.14971988872375697 2.578314040588068 3.9202259409735727 6.4619504672432875 0.21249701929395864
-2.9237462889181725 -0.1479274802015178 2.5792691401646537 3.920326930272704 6.462047079104976 0.21209658917715146
-2.918780649594124 -0.1458662049577062 2.5803694701527546 3.9204446055561224 6.46215667173856 0.2116384900972646
-2.9132041269096627 -0.14354401432728592 2.5816112746247946 3.9205788979982517 6.462278443830407 0.21112506481821375
-2.907038914878064 -0.140968653807094 2.582990879870474 3.920729729568693 6.4624116256207 0.2105585704406912
-2.9003064654540713 -0.13814766834886116 2.58450469259118 3.9208970134545718 6.462555477907912 0.20994118150433266
-2.893027513600871 -0.1350884075150478 2.5861491981359235 3.9210806544704635 6.462709291080574 0.20927499297765045
-2.8852221014977806 -0.1317980305010682 2.5879209587777967 3.9212805494561684 6.462872384175676 0.20856202313979189
-2.876909601918407 -0.12828351102738988 2.5898166120299524 3.921496587662594 6.463044103963079 0.20780421635803692
-2.868448539350184 -0.1250261477637271 2.591089345763832 3.9213707742384942 6.463517943169172 0.2070034457648065
-2.8598422355664512 -0.12201323374792117 2.5917662636498764 3.9209162423450343 6.464282569656802 0.20616151583781683
-2.8510939674543403 -0.11923257056730918 2.5918734612744165 3.920145700266066 6.465327007637562 0.20528016488688394
-2.842206966660126 -0.1166724492618767 2.591436062635511 3.919071444745664 6.466640626849483 0.2043610674507546
-2.833184419304021 -0.11432163192969336 2.590478255316019 3.91770537390542 6.468213132062967 0.20340583660721956
-2.8240294657601472 -0.11216933400899709 2.5890233243822105 3.916058999754912 6.470034552904917 0.20241602619964538
-2.8147452004976286 -0.1102052072121904 2.5870936850544215 3.914143460308338 6.472095233991318 0.20139313298294886
-2.524200473249956 -0.13343735347927654 2.6358805561822742 3.855589324764511 6.552572339512522 0.20796022618410526
-2.515266128362609 -0.13241331620260133 2.6330647824745546 3.8530602914734002 6.554700803750407 0.20676271861820916
-2.5062191518053547 -0.13160517668666727 2.629822353837959 3.850297945819223 6.557014456559985 0.20553329173666213
-2.4970622655712438 -0.1310015203261259 2.626173303305854 3.8473120106449983 6.559506085838349 0.20427336776225247
-2.487798148826953 -0.13059139498347583 2.622136906561038 3.8441118834484893 6.562168699306628 0.2029843165167292
-2.478429438030969 -0.13036429351765322 2.617731709473383 3.8407066468887745 6.564995518218218 0.20166745731982627
-2.468958727087477 -0.1303101369591857 2.612975554638445 3.8371050789520544 6.56797997124246 0.2003240608195762
-2.4593885675334333 -0.13041925830811452 2.6078856069535212 3.8333156627879226 6.571115688518995 0.19895535075639958
-2.4497214687564526 -0.13068238693177325 2.602478378266276 3.829346596226934 6.574396495878108 0.19756250566336508
-2.4399598982412405 -0.13109063354034878 2.596769751129775 3.8252058009899685 6.5778164092225095 0.19614666050492935
-2.430106281842444 -0.13163547571895973 2.5907750016965116 3.820900931599506 6.581369629066156 0.1947089082563831
-2.42016300408189 -0.1323087439957813 2.5845088217828365 3.8164393840026163 6.585050535225762 0.1932503014261474
-2.4101324084682902 -0.1331026084264797 2.577985340134014 3.811828303915122 6.588853681660853 0.1917718535229883
-2.400016797837604 -0.13400956567596212 2.5712181429190455 3.8070745948960876 6.592773791458257 0.19027454047014247
-2.389818434712347 -0.13502242657914088 2.5642202934833187 3.80218492616147 6.596805751957075 0.1887593019682734
-2.3795395416782066 -0.13613430416307692 2.557004351386112 3.79716574014549 6.600944610010262 0.1872270428091114
-2.3691823017764557 -0.13733860211352478 2.54958239074899 3.7920232598179706 6.6051855673790705 0.18567863414155927
-2.3587488589106824 -0.13862900366952746 2.5419660179401804 3.7867634957656486 6.609523976256692 0.18411491469198416
-2.3482413182665045 -0.13999946093029192 2.534166388619086 3.781392253045164 6.613955334917537 0.1825366919403535
-2.3376617467429393 -0.14144418455918406 2.5261942241642164 3.7759151378151965 6.618475283488701 0.18094474325381193
-2.3270121733942455 -0.1429576338702152 2.518059827506956 3.7703375637549694 6.623079599840237 0.17933981697923862
-2.3162945898810525 -0.14453450728294137 2.5097730983927775 3.76466475827609 6.627764195590959 0.17772263349626893
-2.305510950929736 -0.14616973313221204 2.5013435480907034 3.7589017685344706 6.632525112226601 0.1760938862322119
-2.2946631747989636 -0.14785846081970289 2.4927803135710707 3.7530534672488516 6.637358517327199 0.1744542426402399
-2.283753143752514 -0.1495960522946469 2.484092171170905 3.7471245583322332 6.6422607009007155 0.1728043451421818
-2.272782704537411 -0.15137807385164037 2.475287549765519 3.7411195823423022 6.6472280718199395 0.171144812037197
-2.2617536688665565 -0.15320028823385035 2.4663745434642554 3.7350429217567513 6.652257154359814 0.16947623837756787
-2.250667813905049 -0.15505864703036631 2.457360923847646 3.728898806079186 6.6573445848324235 0.16779919681279798
-2.2395268827594483 -0.15694928335687552 2.4482541517626255 3.722691316781131 6.662487108316913 0.1661142384031632
-2.228332584969274 -0.15886850480921022 2.4390613886918313 3.7164243920854547 6.667681575481736 0.16442189340382174
-2.217086597000084 -0.1608127866797242 2.4297895077124307 3.7101018315963685 6.672924939496648 0.16272267202054658
-2.2057905627375183 -0.1627787654268038 2.4204451040593575 3.703727300780981 6.678214253031973 0.1610170651381082
-2.1944460939817265 -0.16476323238820245 2.41103450530729 3.697304335307212 6.683546665342713 0.15930554502229688
-2.183054770941644 -0.16676312772919055 2.4015637811851955 3.6908363452427433 6.68891941943515 0.15758856599653714
-2.1716181427286108 -0.16877553461688177 2.392038753036726 3.6843266191194797 6.69432984931364 0.15586656509401497
-2.160137727848861 -0.17079767361239528 2.382465002939317 3.6777783278679097 6.699775377305389 0.15413996268620356
-2.148615014694454 -0.17282689727281553 2.372847882494315 3.671194528625541 6.705253511461022 0.1524091630886394
-2.137051462032236 -0.17486068495521923 2.3631925213000633 3.664578168423515 6.710761843028848 0.1506745551447749
-2.125448499490447 -0.1768966378153174 2.3535038351193953 3.6579320877553156 6.716298044000774 0.14893651278869746
-2.1138075280426394 -0.17893247399353007 2.343786533752604 3.6512590240313934 6.721859864727858 0.14719539558748262
-2.102129920488574 -0.180966023981582 2.33404512862652 3.644561614923384 6.727445131603579 0.14545154926391557
-2.0904170219317875 -0.18299522616296016 2.324283940109974 3.637842401601487 6.7330517448129275 0.14370530620029243
-2.0786701502535694 -0.18501812252080962 2.314507104565526 3.631103831868448 6.73867767614548 0.14195698592398553
-2.0668905965830886 -0.18703285450709362 2.3047185811469775 3.6243482631934762 6.744320966870673 0.14020689557543375
-2.055079625763433 -0.18903765906706504 2.294922158351871 3.6175779656493283 6.749979725673556 0.1384553303591899
-2.043238476813354 -0.19103086481330878 2.2851214603377974 3.6107951247556653 6.7556521266493 0.13670257397864338
-2.031368363384513 -0.1930108883438344 2.275319953011055 3.604001844231708 6.761336407354872 0.1349488990550043
-2.019470474214069 -0.19497623069889847 2.2655209498958633 3.5972001486611043 6.767030866916215 0.1331945675311207
-2.0075459735724266 -0.19692547395142834 2.2557276177920547 3.5903919860718303 6.772733864189451 0.13143983106067791
-1.9955960017060184 -0.19885727792611285 2.2459429822288675 3.583579230433855 6.778443815974532 0.1296849313833064
-1.9836216752749722 -0.2007703770423983 2.236169932722196 3.5767636840772132 6.784159195279911 0.12793010068611033
-1.9716240877855702 -0.20266357727681394 2.226411227842376 3.569947080033032 6.7898785296368045 0.12617556195210855
-1.9596043100173803 -0.204535753240213 2.2166695000993393 3.5631310842999935 6.795600399461626 0.12442152929605776
-1.9475633904449685 -0.20638584536567373 2.2069472606517087 3.556317298038614 6.801323436465282 0.12266820828811953
-1.935502355654135 -0.20821285720296934 2.197246903846185 3.5495072596956607 6.8070463221079835 0.12091579626580606
-1.9234222107525722 -0.2100158528156626 2.1875707115933234 3.5427024470609387 6.812767786098321 0.11916448263463286
-1.9113239397749249 -0.2117939542770244 2.177920857585599 3.535904279258613 6.818486604935341 0.11741444915788335
-1.8992085060821733 -0.213546339261115 2.168299411363427 3.529114118675162 6.824201600492437 0.11566587023588248
-1.8870768527553219 -0.2152722387255055 2.1587083422346205 3.522333272825988 6.829911638641862 0.1139189131751569
-1.8749299029833582 -0.21697093468224238 2.149149523052542 3.5155629961626476 6.835615627918738 0.1121737384478474
-1.8627685604454447 -0.21864175805378117 2.1396247338580405 3.5088044918225867 6.841312518223444 0.11043049994172838
-1.8505937096873604 -0.22028408661074272 2.130135665390069 3.5020589133232423 6.847001299561295 0.1086893452011719
-1.838406216492161 -0.2218973429884581 2.120683922469696 3.4953273662022504 6.852681000818494 0.10695041565938457
-1.8262069282450568 -0.22348099277936684 2.1112710272620663 3.488610909605515 6.858350688573293 0.10521384686223445
-1.8139966742925306 -0.2250345426984739 2.101898422420694 3.4819105578247713 6.864009465941411 0.10347976868397013
-1.8017762662956924 -0.22655753881912744 2.0925674741183085 3.4752272817862724 6.869656471454722 0.10174830553512648
-1.7895464985778924 -0.2280495648765284 2.083279474968335 3.4685620104921453 6.875290877972284 0.10001957656289984
-1.7773081484666156 -0.2295102406364331 2.0740356468409273 3.461915632415928 6.880911891622789 0.0982936958442644
-1.765061976629676 -0.23093922032664715 2.06483714357734 3.4552889968537435 6.88651875077757 0.09657077257209323
-1.7528087274057578 -0.23233619112895565 2.055685053606289 3.4486829152325207 6.89211072505327 0.09485091123453648
-1.7405491291293158 -0.2337008717292537 2.0465804024658136 3.442098162376631 6.897687114343367 0.09313421178790093
-1.7282838944498886 -0.23503301092370132 2.03752415523403 3.435535477734261 6.903247247877727 0.09142076982326564
-1.7160137206458677 -0.23633238627882913 2.028517218872041 3.4289955665647955 6.9087904833093825 0.08971067672706101
-1.7037392899327486 -0.23759880284356805 2.019560444482155 3.4224791010884603 6.914316205827798 0.08800401983582962
-1.691461269765937 -0.23883209191127874 2.010654629484442 3.4159867215994026 6.919823827297836 0.08630088258537816
-1.67918031313814 -0.24003210982991718 2.001800519714565 3.409519037543394 6.92531278542373 0.08460134465452518
-1.6668970588713998 -0.24119873685852977 1.9929988114456858 3.4030766285612546 6.93078254293734 0.0829054821036388
-1.6546121319038303 -0.24233187606835815 1.9842501533371917 3.3966600454990985 6.93623258681 0.08121336750815356
-1.6574687768731065 -0.17828952352616212 2.043645145427475 3.2497394377302293 7.082228621696811 0.04848305453571922
-1.6450952503238079 -0.17885597268096043 2.034623858110953 3.246000607594345 7.086785143581202 0.04658603185917154
-1.632796532898873 -0.17930486980146898 2.02567105695963 3.242259412316332 7.091380392791967 0.044696587995089465
-1.62068098007579 -0.17974267862622972 2.016764610525339 3.238512790331549 7.095976633038222 0.04281466197992956
-1.6087426286811932 -0.1801687270964678 2.007905275240269 3.23476123330771 7.100571938007153 0.04094019431175633
-1.5969757243887472 -0.18058238358181433 1.9990937647697875 3.231005234610612 7.105164473439204 0.03907312689993203
-1.585374714374867 -0.1809830552445122 1.9903307514822925 3.227245288522445 7.109752493536417 0.037213403016619795
-1.5739342402344527 -0.1813701864637698 1.9816168678728934 3.223481889509038 7.114334337502873 0.03536096725003246
-1.5626491311473472 -0.18174325731811636 1.9729527079423614 3.2197155315337174 7.1189084262124505 0.03351576545936563
-1.5515143972865943 -0.18210178212367523 1.9643388285327388 3.21594670741553 7.123473258999365 0.031677744731352875
-1.5405252234598579 -0.18244530802634684 1.955775750620944 3.2121759082296903 7.1280274105670305 0.02984685333838455
-1.5296769629757008 -0.182773413645976 1.947263960571677 3.2084036227482082 7.13256952801102 0.028023040698134882
-1.518965131726706 -0.1830857077706376 1.938803911350887 3.204630336918725 7.137098327951989 0.026206257334639882
-1.5083854024817236 -0.18338182809923764 1.9303960237010203 3.200856533379686 7.141612593774628 0.02439645484077735
-1.4979335993797744 -0.18366144003070484 1.9220406872792308 3.1970826910100625 7.146111172968794 0.022593585842095365
-1.487605692618454 -0.1839242354980979 1.913738261759704 3.1933092845118902 7.150592974569175 0.020797603961941524
-1.4773977933298945 -0.18416993184601593 1.9054890779011977 3.189536784023995 7.155056966689891 0.01900846378784571
-1.4673061486376109 -0.18439827074975956 1.897293438580875 3.1857656547653335 7.159502174150644 0.017226120839111236
-1.4573271368878014 -0.18460901717474054 1.8891516197954803 3.1819963567064433 7.163927676191094 0.015450531535571077
-1.447457263048895 -0.18480195837470048 1.8810638716308534 3.1782293442675726 7.16833260427028 0.013681653167465613
-1.4376931542733602 -0.18497690292734315 1.8730304192007687 3.174465066042114 7.172716139948006 0.011919443866402313
-1.4280315556159926 -0.1851336798060299 1.865051463556045 3.1707039645440367 7.177077512845252 0.010163862577359017
-1.4184693259031511 -0.18527213748625226 1.8571271825648417 3.166946475978057 7.181415998680718 0.008414869031690975
-1.4090034337475434 -0.18539214308562424 1.8492577317650318 3.163193030031359 7.185730917380781 0.0066724237211075454
-1.3996309537034146 -0.18549358153619333 1.8414432451895104 3.1594440496857183 7.190021631260187 0.0049364878725813854
-1.390349062557131 -0.1855763547879048 1.8336838361652794 3.1556999510489354 7.194287543270923 0.0032070234241586837
-1.3811550357483777 -0.1856403810420979 1.8259795980871112 3.151961143204539 7.198528095316798 0.0014839930016353753
-1.3720462439173056 -0.1856855940139599 1.8183306051665773 3.1482280280787616 7.202742766631346 -0.00023264010392953782
-1.3630201495731744 -0.18571194222288523 1.8107369131572009 3.144501000323843 7.206931072216774 -0.0019429119578963094
-1.3540743038801817 -0.18571938830974122 1.8031985600564715 3.1407804472167453 7.211092561341706 -0.0036468580029485054
-1.3452063435563102 -0.18570790838006856 1.7957155667854292 3.137066748572421 7.21522681609562 -0.005344513079250435
-1.3364139878811958 -0.18567749137228273 1.7882879378465182 3.133360276670805 7.219333449997898 -0.007035911443882492
-1.3276950358091462 -0.18562813844997206 1.7809156619603699 3.129661396196749 7.223412106659518 -0.00872108678958039
-1.3190473631835897 -0.1855598624174266 1.7735987126821704 3.1259704641921364 7.227462458495457 -0.010400072262805482
-1.3104689200493498 -0.1854726871575536 1.7663370489982397 3.1222878300194683 7.231484205485969 -0.012072900481168602
-1.301957728059294 -0.18536664709137862 1.759130615903434 3.118613835336241 7.235477073984966 -0.013739603550230961
-1.2935118779720036 -0.1852417866583449 1.7519793449599566 3.1149488140794537 7.239440815573765 -0.015400213079706182
-1.2851295272372498 -0.185098159816661 1.7448831548381554 3.111293092459638 7.243375205958564 -0.017054760199082364
-1.276808897666165 -0.18493582956297483 1.7378419518398638 3.1076469889638076 7.2472800439100356 -0.01870327557268836
-1.2685482731831144 -0.18475486747067005 1.7308556304048106 3.1040108143667746 7.251155150243525 -0.020345789414221493
-1.2603459976563816 -0.18455535324610994 1.7239240736006352 3.1003848717502884 7.255000366838333 -0.02198233150075779
-1.2522004728048723 -0.18433737430218344 1.7170471535970049 3.096769456529495 7.2588155556946905 -0.023612931186263286
-1.2441101561781611 -0.1841010253485178 1.7102247321243262 3.093164856486223 7.262600598027021 -0.025237617414623825
-1.236073559207282 -0.18384640799776286 1.703456660917523 3.0895713518086443 7.266355393392165 -0.026856418732211784
-1.228089245323765 -0.1835736303873492 1.6967427821453454 3.0859892151368564 7.270079858851302 -0.028469363300004935
-1.2201558281445117 -0.18328280681617426 1.690082928825651 3.082418711613985 7.2737739281643075 -0.030076478905275206
-1.2122719697201814 -0.1829740573956593 1.6834769252270956 3.0788600989423953 7.277437551015377 -0.031677792972861996
-1.2044363788448522 -0.18264750771466098 1.6769245872576457 3.0753136274446433 7.281070692268758 -0.033273332576045145
-1.196647809424788 -0.18230328851773048 1.6704257228403283 3.0717795401288055 7.284673331253476 -0.0348631244470321
-1.1889050589042358 -0.1819415353962357 1.6639801322766017 3.068258072757844 7.28824546107601 -0.03644719498707372
-1.1812069667462315 -0.18156238849187267 1.6575876085977388 3.0647494539226927 7.291787087959856 -0.03802557027622078
-1.1735524129664872 -0.1811659922121176 1.651247937904583 3.0612539051187455 7.2952982306110155 -0.03959827608273603
-1.165940316718483 -0.18075249495718126 1.644960899696045 3.0577716408254654 7.298778919608443 -0.04116533787217247
-1.1583696349279573 -0.18032204885804304 1.638726267186681 3.0543028685888345 7.302229196818517 -0.04272678081613113
-1.1508393609750684 -0.17987480952516033 1.6325438076136947 3.050847789106383 7.305649114832663 -0.044282629800709405
-1.1433485234225294 -0.17941093580746403 1.626413282533684 3.047406596314551 7.3090387364272775 -0.04583290943465135
-1.1358961847881206 -0.1789305895612554 1.6203344481094577 3.04397947747815 7.312398134045094 -0.047377644057209456
-1.1284814403600048 -0.17843393542864727 1.6143070553872216 3.040566613281695 7.315727389297237 -0.04891685774573162
-1.1211034170533432 -0.17792114062519437 1.6083308505644327 3.037168177922408 7.319026592485164 -0.050450574322978836
-1.1137612723067636 -0.17739237473637615 1.6024055752486177 3.0337843392046855 7.322295842141777 -0.05197881736418697
-1.1064541930172704 -0.1768478095226047 1.5965309667074248 3.0304152586358466 7.325535244590977 -0.053501610203879335
-1.0991813945122662 -0.1762876187324396 1.5907067581101915 3.027061091522981 7.328744913524979 -0.055018975942441206
-1.0919421195573569 -0.17571197792371307 1.5849326787612799 3.0237219870707346 7.33192496959873 -0.05653093745246296
-1.0847356373987052 -0.17512106429226626 1.5792084543254443 3.0203980884798716 7.335075540040788 -0.058037517384861625
-1.077561242838705 -0.1745150565080149 1.5735338070454743 3.0170895330464655 7.338196758280038 -0.0595387381747875
-1.0704182553438213 -0.173894134558078 1.5679084559523502 3.0137964522615754 7.341288763587671 -0.06103462204732524
-1.063306018183456 -0.17325847959669782 1.5623321170681548 3.010518971911284 7.344351700733836 -0.06252519102299514
-1.0562238975987541 -0.17260827380170407 1.5568045036019456 3.0072572121769627 7.347385719658426 -0.06401046692306356
-1.0491712820003163 -0.17194370023727834 1.5513253261388336 3.0040112877356577 7.350390975155465 -0.06549047137466701
-1.0421475811937744 -0.17126494272277903 1.5458942928224562 3.00078130786048 7.353367626570572 -0.06696522581575948
-1.0351522256322951 -0.17057218570740207 1.5405111095310628 2.997567376520898 7.356315837511037 -0.06843475149988665
-1.0281846656950235 -0.16986561415046153 1.5351754800474104 2.9943695924828453 7.359235775568001 -0.06989906950079583
-1.0212443709906043 -0.16914541340707356 1.5298871062226613 2.9911880494085348 7.362127612050307 -0.07135820071688503
-1.0143308296848645 -0.16841176911904188 1.524645688134465 2.98802283595592 7.36499152172957 -0.07281216587549932
-1.007443547851841 -0.16766486711075523 1.5194509242394187 2.984874035877702 7.367827682596036 -0.07426098553707716
-1.000582048847321 -0.16690489328989222 1.5143025115200697 2.9817417281198235 7.3706362756248405 -0.07570468009915576
-0.9937458727041144 -0.16613203355277117 1.5092001456266364 2.9786259869193774 7.373417484552245 -0.07714326980023689
-0.9869345755483008 -0.16534647369415167 1.5041435210136136 2.975526881901864 7.3761714956614925 -0.07857677472352131
-0.9801477290357137 -0.16454839932132592 1.499132331071419 2.9724444781777404 7.3788984975779055 -0.08000521480051315
-0.9733849198079603 -0.1637379957723375 1.494166268253244 2.9693788364382137 7.381598681072871 -0.0814286098145034
-0.9666457489672933 -0.16291544803817026 1.48924502419725 2.9663300130502135 7.384272238876388 -0.08284697940393149
-0.9597879819056079 -0.1622720243053426 1.484937216817627 2.9642011372978456 7.386896690713426 -0.08426034306563446
-0.9528235883713085 -0.16180103741977914 1.4811976294208935 2.962930745841893 7.389477624240726 -0.08566872015798455
-0.9457637316025651 -0.16149600659043428 1.4779838894397388 2.9624609866264837 7.392020191901527 -0.08707212990391966
-0.9386188180055632 -0.16135065117529268 1.4752562990134916 2.9627374117317604 7.394529139153793 -0.08847059139387203
-0.9313985438752908 -0.16135888466221826 1.4729776754608488 2.9637087820772 7.39700883099362 -0.08986412358859719
-0.9241119393323034 -0.16151480883806824 1.4711132010717156 2.9653268832965853 7.399463276873891 -0.09125274532190741
-0.9167674096387706 -0.16181270813970694 1.4696302816780755 2.967546352144594 7.401896154112386 -0.0926364753033132
-0.9093727740476423 -0.16224704418081148 1.4684984134950536 2.9703245128317155 7.404310829878156 -0.09401533212057611
-0.9019353023297874 -0.1628124504485855 1.4676890577526884 2.9736212227188226 7.406710381839774 -0.09538933424217522
-0.8944617491155333 -0.16350372716469663 1.4671755226666567 2.9773987268353648 7.4090976175542185 -0.09675850001969222
-0.8869583861790793 -0.16431583630498525 1.466932852322289 2.9816215207158896 7.411475092670592 -0.09812284769011603
-0.8794310327867789 -0.16524389677266504 1.466937722070805 2.986256221078614 7.41384512801857 -0.09948239537807113
-0.871885084223218 -0.16628317971995865 1.4671683400598918 2.9912714438970713 7.416209825647374 -0.1008371610979717
-0.8643255386023894 -0.1674291040132585 1.4676043545425643 2.9966376894416253 7.418571083877285 -0.10218716275610462
-0.8567570220649912 -0.1686772318371157 1.4682267666288533 3.002327233891914 7.420930611422079 -0.10353241815264369
-0.8491838124569919 -0.17002326443249927 1.469017848164242 3.008314027144165 7.423289940637382 -0.10487294498359734
-0.8416098615790446 -0.17146303796495466 1.4699610644370544 3.0145735964589004 7.425650439946713 -0.10620876084269304
-0.8340388160911107 -0.17299251951842343 1.471041001434207 3.021082955614853 7.4280133254940335 -0.10753988322319918
-0.8264740371517147 -0.17460780321066127 1.4722432973809818 3.0278205192541106 7.430379672068693 -0.10886632951968855
-0.818918618866622 -0.17630510642631125 1.4735545783157424 3.0347660221215267 7.432750423346055 -0.11018811702974385
-0.8113754056173597 -0.1780807661638486 1.4749623974649437 3.0419004429184935 7.435126401484524 -0.11150526295560814
-0.8038470083358744 -0.1799312354927316 1.4764551781973427 3.049205932507186 7.437508316117355 -0.11281778440578205
-0.796335819787751 -0.18185308011722845 1.4780221603491261 3.056665746216537 7.439896772775327 -0.11412569839656994
-0.7888440289227661 -0.18384297504351488 1.4796533497237117 3.0642641800154418 7.4422922807743355 -0.11542902185357573
-0.7813736343481037 -0.18589770134674732 1.4813394705813399 3.0719865103321253 7.444695260599885 -0.11672777161315206
-0.7739264569763189 -0.18801414303494002 1.4830719209442802 3.0798189373112894 7.447106050818679 -0.11802196442380275
-0.7665041518970956 -0.1901892840065773 1.4848427305535492 3.087748531312577 7.449524914545648 -0.11931161694754089
-0.7591082195189545 -0.19242020509900404 1.4866445213225554 3.095763182465145 7.451952045493188 -0.12059674576120416
-0.7517400160243812 -0.19470408122472693 1.4884704701420173 3.1038515531037625 7.454387573627729 -0.12187736735772947
-0.744400763179268 -0.19703817859287454 1.4903142738989588 3.1120030329218245 7.456831570457358 -0.12315349814738663
-0.7370915575351855 -0.19941985201314139 1.492170116580514 3.120207696686115 7.459284053972768 -0.12442515445897462
-0.7298133790607371 -0.20184654227964116 1.494032638340785 3.1284562643670326 7.461744993262536 -0.12569235254098066
-0.7225670992360969 -0.204315773632181 1.4958969064160281 3.1367400635463527 7.464214312822485 -0.12695510856270298
-0.7153534886428661 -0.2068251512925443 1.497758387780121 3.145050993972525 7.466691896577728 -0.12821343861533996
-0.7081732240794483 -0.20937235907346596 1.4996129234385012 3.1533814941409037 7.469177591634883 -0.1294673587130457
-0.7010268952304082 -0.21195515705804113 1.5014567042646871 3.1617245097833693 7.471671211780956 -0.13071688479395316
-0.6939150109165779 -0.2145713793474069 1.5032862482890534 3.170073464158363 7.474172540744376 -0.13196203272116747
-0.6868380049511078 -0.21721893187458696 1.5050983793547617 3.1784222300386378 7.476681335232765 -0.13320281828372849
-0.6797962416251653 -0.21989579028246964 1.5068902070606982 3.18676510329986 7.479197327761197 -0.13443925719754446
-0.6727900208456048 -0.222599997863963 1.5086591079159204 3.19509677801877 7.481720229283824 -0.1356713651062994
-0.665819582945594 -0.22532966356241846 1.5104027076344781 3.2034123229948044 7.484249731641064 -0.13689915758233206
-0.6588851131879596 -0.22808296003049144 1.5121188645036474 3.211707159614025 7.486785509833743 -0.13812265012749003
-0.6519867459798356 -0.23085812174566178 1.5138056537624545 3.2199770409788213 7.489327224134975 -0.13934185817395905
-0.6451245688161045 -0.23365344318069314 1.5154613529310752 3.228218032231239 7.491874522049898 -0.14055679708506752
-0.6382986259680945 -0.2364672770273708 1.5170844280351297 3.2364264920019115 7.494427040132749 -0.14176748215606882
-0.6315089219329972 -0.23929803247190695 1.5186735206721407 3.2445990549204424 7.49698440567028 -0.14297392861490088
-0.6245717111481999 -0.24183513639177812 1.5204450454425258 3.2525699656912193 7.499372604873813 -0.14412279709969422
-0.6174910660997868 -0.24408539032748666 1.5223954194567435 3.260346031005836 7.50159525635528 -0.1452162026634386
-0.6102709801508452 -0.24605544203799412 1.5245210698804765 3.2679337633431524 7.503655916139099 -0.14625618405164276
-0.6029153688177833 -0.2477517901953712 1.5268184374580165 3.2753393956050103 7.505558078488839 -0.14724470645143206
-0.5954280710376505 -0.24918078887187733 1.5292839797529156 3.282568894974783 7.507305176734612 -0.14818366414161754
-0.5878128504257076 -0.25034865183062105 1.5319141741236066 3.289627976041219 7.508900584100413 -0.14907488304730165
-0.5800733965225473 -0.2512614566303013 1.534705520450637 3.2965221132276796 7.51034761453065 -0.14992012320246262
-0.5722133260301439 -0.25192514855396 1.5376545436312163 3.3032565525646653 7.511649523515202 -0.1507210811238292
-0.5642361840362655 -0.25234554437108625 1.540757795855829 3.3098363228414147 7.512809508912334 -0.151479392099243
-0.5561454452267314 -0.25252833594190593 1.544011858680813 3.3162662461704002 7.513830711768895 -0.15219663239358783
-0.547944515085065 -0.2524790936721828 1.5474133449099927 3.322550947996665 7.514716217137237 -0.15287432137525703
-0.539636731079145 -0.2522032698263781 1.5509589002976614 3.3286948665821825 7.515469054888351 -0.15351392356601878
-0.5312253638344733 -0.2517062017065903 1.5546452050845083 3.3347022619937614 7.516092200520738 -0.1541168506170414
-0.5227136182937664 -0.2509931147042621 1.5584689753773793 3.3405772246214305 7.516588575964587 -0.15468446321373563
-0.5141046348625835 -0.2500691252312517 1.5624269643831319 3.346323683252775 7.516961050380842 -0.1552180729119812
-0.5054014905407489 -0.2489392435365001 1.5665159635062182 3.351945412727268 7.517212440954811 -0.1557189439082063
-0.4966072000393811 -0.2476083764141641 1.5707328033190735 3.357446041193331 7.517345513683952 -0.15618829474570572
-0.4877247168833345 -0.24608132980875985 1.5750743544138377 3.3628290569896 7.517362984159529 -0.15662729995949098
-0.47875693449893797 -0.2443628113225571 1.5795375281434252 3.3680978151706964 7.517267518341864 -0.15703709166189095
-0.4697066872869029 -0.24245743263015096 1.5841192772594863 3.3732555436966734 7.51706173332891 -0.1574187610710327
-0.46057675168031365 -0.24036971180488176 1.5888165964543473 3.3783053493042705 7.516748198117903 -0.15777335998426367
-0.45136984718764506 -0.2381040755615007 1.593626522813584 3.3832502230770993 7.516329434359905 -0.15810190219849718
0.09103311717795748 -0.14403153284809522 1.6070490209107557 3.3952192280353226 7.5421980818146785 -0.15840536487939227
0.7683659179318889 -0.025714546497607405 1.6229169195959958 3.4087773221180773 7.575037416170027 -0.1586846898812131
1.3760935259281086 0.07918981617228127 1.6372841592542948 3.4214474197458937 7.604936416084628 -0.15892570837127884
1.8607692068476054 0.15793521661678733 1.6486325591166295 3.4334238417223646 7.6293300552407874 -0.15912987928523736
2.1954424856314794 0.16109183862720777 1.5675541190735087 3.4036427818079886 7.652371735033136 -0.21024686249750835
2.4575723115456056 0.2105624687288632 1.5796836400735348 3.416862693524523 7.673848802013177 -0.21052225609249697
2.6354216069708327 0.2469535399563143 1.5900716902351992 3.4267496358569156 7.68912014838817 -0.21082711604153903
2.7516987953856424 0.27374433351760175 1.5991909607248584 3.434194810221758 7.699782935215721 -0.2111602410899328
2.8251284176709537 0.29381883762976724 1.6074375209034124 3.4399372446918823 7.707163345910144 -0.21152047388545625
2.86991976111323 0.3093732231789994 1.6151147530087484 3.4445397475956634 7.712273225621509 -0.21190669938934403
2.896253280486478 0.3219852585132368 1.6224412593834923 3.4484065577133247 7.715841349692081 -0.21231784334472537
2.91110243637089 0.33273833077608495 1.6295672209586893 3.4518150892055415 7.718369969779646 -0.2127528708004448
2.9190633723046897 0.3423482612119819 1.6365916283106374 3.4549484389817122 7.720192787935947 -0.21321078468826393
2.923058954923942 0.35127156150172345 1.6435771899561868 3.457923155269532 7.721524507686224 -0.21369062445151454
2.924882790903638 0.3597893910887022 1.650561988372154 3.4608107819465963 7.722499292414728 -0.21419146472333972
2.9255941799345453 0.368068670228076 1.657568013344609 3.4636535451677357 7.723198775228683 -0.2147124140527349
2.9257915697136463 0.37620448252356353 1.6646071097503174 3.466475239648833 7.7236715024352645 -0.21525261367665538
2.9257945044144043 0.3842483406286774 1.671684958016641 3.469288486738913 7.723945900401103 -0.215811236336528
2.9257603814059365 0.3922263563688948 1.6788036422891426 3.4720994007847663 7.724038614973096 -0.21638748513756123
2.9257108779773637 0.4001431840940062 1.6859621551096784 3.474908596524103 7.723956309049661 -0.216980592449303
2.925646240938749 0.4080000514218012 1.6931590206332827 3.4777158265712105 7.72370395945143 -0.21758981884596051
2.925566713584374 0.41579814755585853 1.700392789273243 3.480520852516668 7.7232864187668415 -0.21821445208503698
2.9254725357921 0.4235386244872643 1.7076620373789764 3.483323444564116 7.722708418470205 -0.2188538061229074
2.92536394411725 0.43122259816056707 1.7149653669137659 3.4861233811828565 7.721974571958915 -0.21950722016599167
2.925241171881309 0.43885114960499716 1.722301405132574 3.488920448775622 7.72108937751198 -0.22017405775624155
2.925104449255741 0.44642532603194796 1.7296688042601285 3.491714441360851 7.7200572211720075 -0.22085370588969944
2.9249540033411936 0.45394614189968796 1.7370662411694813 3.4945051602688473 7.71888237955268 -0.2215455741669331
2.9247900582423507 0.4614145799462459 1.7444924170612128 3.497292413851224 7.717569022573749 -0.22224909397419335
2.92461283513869 0.4688315921913866 1.7519460571434569 3.500076017203064 7.716121216125472 -0.22296371769418555
2.924422552351373 0.4761981009085656 1.759425910312908 3.502855791897236 7.7145429246644 -0.22368891794538237
2.924219425406497 0.48351499956773125 1.7669307488369599 3.505631565730349 7.7128380137423385 -0.2244241868488458
2.9240036670949228 0.4907831537498104 1.7744593680371215 3.5084031724798344 7.711010252470292 -0.22516903532156574
2.923775487528873 0.4980034020336994 1.7820105859738464 3.5111704516716706 7.709063315919103 -0.2259229923953533
2.9235350941955045 0.5051765568565505 1.7895832431329004 3.513933248358293 7.707000787458499 -0.22668560456036813
2.923282692007627 0.5123034053481306 1.797176202113385 3.516691412906236 7.70482616103617 -0.2274564351323859
2.9230184833517407 0.5193847101399975 1.804788347317536 3.519444800793088 7.702542843398488 -0.2282350636429501
2.922742668133563 0.5264212101502266 1.8124185846423946 3.522193272413344 7.700154156254419 -0.2290210852515785
2.922455443821192 0.5334136213443912 1.8200658411734527 3.524936692892778 7.69766333838412 -0.2298141101792296
2.9221570054860564 0.5403626374734924 1.827729064880364 3.5276749319109415 7.695073547693724 -0.23061376316225657
2.921847545841789 0.547268930789502 1.8354072243148072 3.5304078635314498 7.692387863217694 -0.23141968292611204
2.9215272552811586 0.5541331527391671 1.8430993083105824 3.5331353660396974 7.689609287070178 -0.2322315216780858
2.921196321911176 0.5609559346367166 1.850804325686008 3.5358573217876823 7.686740746346686 -0.2330489446183891
2.9208549315865007 0.567737888316072 1.8585213049486984 3.53857361704562 7.683785094977413 -0.2338716294689237
2.9205032679412564 0.5744796067631686 1.866249294002773 3.5412841418600474 7.68074511553348 -0.23469926601909286
2.920141512419353 0.5811816647289625 1.873987359858571 3.5439887899181284 7.677623520987336 -0.23553155568803918
2.919769844303425 0.5878446193236857 1.8817345883449104 3.5466874584178836 7.674422956428536 -0.236368211102718
2.919388440742474 0.5944690105928991 1.8894900838239503 3.5493800479440787 7.67114600073605 -0.23720895569122902
2.918997476778298 0.6010553620758734 1.8972529689087039 3.552066462349523 7.667795168208261 -0.23805352329085971
2.9185971253708045 0.607604181346816 1.9050223841832312 3.554746608641529 7.664372910151762 -0.2389016577703028
2.9181875574222698 0.6141159605394446 1.9127974879255687 3.557420396873308 7.660881616430027 -0.2397531126655411
2.91776894180063 0.6205911768553944 1.9205774558334059 3.560087740040072 7.657323616973002 -0.24060765082890134
2.9173414453618687 0.627030293056938 1.928361480752562 3.562748553979641 7.65370118324866 -0.24146504409080183
2.916905232971563 0.63343375794447 1.936148772408276 3.5654027572773366 7.650016529697478 -0.24232507293373662
2.916460467525656 0.6398020068192103 1.9439385571393357 3.5680502711749846 7.646271815130845 -0.24318752617805106
2.9160073099705097 0.6461354619315605 1.9517300776350697 3.5706910194838284 7.642469144094318 -0.24405220067908517
2.9155459193222937 0.6524345329155292 1.959522592675219 3.573324928501181 7.638610568196633 -0.24491890103527114
2.9150764526857573 0.6586996172096466 1.9673153768727045 3.575951926930645 7.634698087405388 -0.2457874393067906
2.9145990652724367 0.6649311004647562 1.9751077204192964 3.5785719458057335 7.630733651310253 -0.2466576347444095
2.9141139104183424 0.6711293569390793 1.9828989288342074 3.5811849184167466 7.626719160354536 -0.24752931352812213
2.9136211396011626 0.6772947498809236 1.990688322715605 3.583790780240745 7.622656467035952 -0.2484023085152488
2.9131209024570293 0.6834276318994028 1.9984752374950574 3.5863894688744797 7.6185473770773715 -0.2492764589976496
2.9126133467968778 0.6895283453235221 2.006259023194911 3.58898092397015 7.614393650568335 -0.25015161046771717
2.912098618622437 0.695597222549974 2.0140390441886034 3.5915650871738496 7.610197003078097 -0.2510276143928386
2.9115768621418834 0.7016345863799816 2.0218146789639087 3.594141902066586 7.605959106740911 -0.2519043279980152
2.9110482197851812 0.7076407503455073 2.029585319889118 3.596711314107745 7.601681591314303 -0.25278161405634736
2.9105128322191454 0.7136160190251566 2.0373503729821443 3.5992732705808974 7.597366045211004 -0.2536593406870994
2.9099708383622493 0.7195606883500676 2.0451092576825474 3.6018277205418316 7.593014016505235 -0.25453738116107083
2.909422375399201 0.725475045900098 2.052861406626479 3.604374614768713 7.588627013913994 -0.25541561371300936
2.908867578795305 0.7313593711905917 2.0606062654245294 3.6069139057142694 7.584206507754003 -0.2562939213608103
2.9083065823106433 0.7372139359500072 2.068343292442467 3.6094455474599103 7.579753930874919 -0.2571721917312598
2.907739518014081 0.7430390043886843 2.076071958584868 3.611969495671688 7.575270679569434 -0.25805031689208124
2.907166516297117 0.7488348334590105 2.0837917470816145 3.6144857075580146 7.570758114460851 -0.2589281931900601
2.906587705887609 0.754601673107248 2.0915021532772466 3.616994141829055 7.566217561368708 -0.25980572109502564
2.9060032138633605 0.7603397665172686 2.0992026844231657 3.619494758657716 7.5616503121530245 -0.26068280504947927
2.905413165665616 0.7660493503464421 2.106892859472656 3.6219875196421563 7.557057625537695 -0.26155935332366387
2.904817685112449 0.7717306549539127 2.114572208878721 3.6244723877697456 7.552440727913586 -0.2624352778758777
2.904216894412069 0.7773839046214939 2.122240274394711 3.626949327382409 7.547800814121835 -0.263310494217844
2.903610914176059 0.7830093177674029 2.1298966088777265 3.6294183041432873 7.543139048217867 -0.2641849212849515
2.9029998634325382 0.7886071071530529 2.137540776094772 3.6318792850046497 7.538456564216611 -0.26505848131119414
2.9023838596392806 0.7941774800831107 2.145172350531648 3.634332238177008 7.5337544668194045 -0.2659310997086334
2.901763018696774 0.7997206385990256 2.1527909172045554 3.636777133099365 7.529033832123037 -0.2668027049512257
2.901137454961245 0.8052367796662259 2.160396071474394 3.6392139404105555 7.5242957083113975 -0.2676732284628546
2.900507281257642 0.810726095355178 2.1679874188637287 3.641642631921615 7.519541116330168 -0.2685426045094147
2.8998726088925935 0.816188773016491 2.1755645748764096 3.644063180589142 7.514771050544978 -0.2694107700948024
2.8992335476673383 0.8216249954502481 2.18312716481981 3.646475560489592 7.509986479383449 -0.27027766486067184
2.898590205890632 0.8270349410697491 2.190674823629672 3.648879746794476 7.505188345961543 -0.27114323098981996
2.8979426903916408 0.8324187840598192 2.1982071956975324 3.6512757157464026 7.500377568694592 -0.2720074131130684
2.897291106532814 0.8377766945298668 2.205723934700694 3.653663444635941 7.495555041893411 -0.27287015821951777
2.8966355582227523 0.8431088386618399 2.2132247034347357 3.6560429117792523 7.490721636345864 -0.2737314155700493
2.8959761479290584 0.8484153788532405 2.2207091736485247 3.6584140964964638 7.48587819988425 -0.2745911366139605
2.8919208959176816 0.8531545713063722 2.228096108490082 3.660637395106695 7.480775726040431 -0.2754492749086176
2.884757297898175 0.8573669475586521 2.2353895581646017 3.6627230409751856 7.475433202115534 -0.27630578604201805
2.8747531471949572 0.8610905117803189 2.2425933859288776 3.664680635963833 7.469868492826962 -0.2771606275581574
2.8621578117898068 0.8643608959056368 2.249711277190019 3.666519188881652 7.4640984065507485 -0.2780137588850987
2.847203430005074 0.8672115051547507 2.2567467481169947 3.6682471515659985 7.458138757558281 -0.2788651412656463
2.8301060299823724 0.8696736545469623 2.2637031537932604 3.669872452742221 7.452004424494549 -0.27971473769053146
2.8110665777854855 0.8717766969684214 2.2705836959370087 3.6714025298001824 7.445709405329611 -0.2805625128340171
2.7902719586508216 0.8735481433218415 2.2773914302139784 3.6728443586173714 7.439266869000525 -0.28140843299183593
2.767895895622645 0.8750137752526911 2.284129273166234 3.6742044815501926 7.4326892039474535 -0.28225246602137577
2.7440998095422877 0.8761977509152463 2.290800008778924 3.6754890337074104 7.4259880637349 -0.28309458128403187
2.719033624109483 0.8771227042127792 2.2974062947056835 3.6767037676125525 7.419174409937186 -0.2839347495896486
2.6928365194987474 0.8778098379188826 2.3039506681721185 3.677854076355401 7.412258552456065 -0.2847729431429732
2.665637637793402 0.8782790110613802 2.3104355515756168 3.6789450153264127 7.4052501874279635 -0.2856091354920497
2.6375567432934193 0.8785488209263177 2.316863257798655 3.6799813226220324 7.3981584328684935 -0.2864433014784825
2.6087048405599242 0.8786366800171037 2.3232359952517303 3.680967438203361 7.390991862192717 -0.28727541718950456
2.579184752878035 0.878558888282835 2.329555872661076 3.68190752188546 7.383758535741042 -0.2881054599117788
2.549091663650054 0.8783307009101537 2.3358249036154346 3.6828054702297557 7.376466030432528 -0.2889334080868776
2.5185136230720477 0.877966391954513 2.3420450108852777 3.6836649324074555 7.369121467659845 -0.2897592412683737
2.487532022297973 0.8774793140694421 2.3482180305271063 3.6844893250976534 7.361731539533022 -0.29058294008048857
2.4562220371559724 0.876881954576189 2.354345715784677 3.6852818464798056 7.354302533572487 -0.2914044861782369
2.4246530433508298 0.8761859881009323 2.3604297407983257 3.6860454893765477 7.346840355945666 -0.2922238622090193
2.3928890049641343 0.8754023259925261 2.3664717041328807 3.6867830535992994 7.339350553335545 -0.2930410517756056
2.3609888379490442 0.8745411627204049 2.3724731321340613 3.687497157545857 7.331838333524187 -0.29385603940046134
2.3290067502091096 0.8736120194397768 2.378435482122647 3.688190249096077 7.3243085847689935 -0.29466881049136784
2.296992559749986 0.8726237848995291 2.384360145435185 3.688864615848898 7.3167658940447255 -0.2954793513082895
2.264991992298607 0.8715847538572916 2.390248450319471 3.6895223947412235 7.309214564219803 -0.296287648931442
2.233046959696078 0.8705026631558253 2.396101664692581 3.690165581086704 7.301658630231135 -0.2970936912305199
2.20119582028781 0.8693847256052611 2.4019209987687438 3.6907960370700335 7.294101874317796 -0.29789746683504126
2.1694736224569593 0.8682376618066912 2.407707607563963 3.691415499730203 7.286547840370153 -0.298698965105766
2.1379123323746083 0.8670677300441425 2.413462593283864 3.6920255884640465 7.278999847447523 -0.2994981761071548
2.1065410469721457 0.8658807543640423 2.4191870076008892 3.6926278120794698 7.271461002514246 -0.3002950905808245
2.075386193077597 0.8646821509538449 2.4248818538266 3.693223575425928 7.263934212440912 -0.30108969991996937
2.044471713597984 0.8634769529245221 2.4305480889845255 3.693814185628006 7.256422195314661 -0.30188199614470956
2.0138192415738954 0.8622698335951016 2.4361866257886753 3.694400857946342 7.248927491099796 -0.30267197187833583
1.983448262880088 0.8610651283713089 2.441798334532557 3.694984721288633 7.241452471687347 -0.3034596203244152
1.9533762682968905 0.8598668553046371 2.447384044893249 3.695566823392059 7.233999350369956 -0.3042449352447306
1.9236188956312292 0.8586787344127995 2.4529445476548366 3.696148135697123 7.22657019077615 -0.3050279109380202
1.8941900625230588 0.8575042058374749 2.458480596355267 3.6967295579316812 7.219166915296032 -0.30580854221948905
1.8651020905326605 0.8563464469105428 2.463992908860458 3.697311922422763 7.2117913130284474 -0.3065868244010662
1.8363658210665048 0.8552083881955748 2.4694821688692756 3.697895998152698 7.204445047277864 -0.3073627532723794
1.8079907236639934 0.8540927285672 2.474949027352802 3.698482494575047 7.197129662627474 -0.30813632508241906
1.7799849971342585 0.8530019493870842 2.4803941039311184 3.6990720652048674 7.189846591613412 -0.30890753652187286
1.752355664001158 0.8519383278316048 2.485817988190655 3.699665310996959 7.182597161023495 -0.3096763847060996
1.725108658685516 0.8509039494229018 2.4912212409449905 3.700262783524883 7.175382597842443 -0.3104428671587226
1.6982489098264304 0.8499007198117678 2.4966043954418273 3.700864987972772 7.168204034864219 -0.31120698179582196
1.6717804171179504 0.8489303758578595 2.501967958518719 3.7014723859511833 7.161062515990895 -0.3119687269107
1.6457063230135225 0.8479944960498733 2.5073124117099868 3.7020853981475925 7.153959001236245 -0.31272810115920147
1.6200289796282263 0.8470945103057173 2.512638212307139 3.702704406821438 7.146894371451216 -0.3134851035455689
1.5947500111478414 0.8462317091902147 2.5179457943749637 3.703329758153039 7.1398694327873375 -0.31423973340881284
1.5698703720341478 0.8454072525855783 2.5232355697253763 3.7039617644551304 7.132884920913217 -0.31499199040957715
1.5453904012974669 0.8446221778477012 2.5285079288509666 3.7046007062552215 7.12594150499833 -0.31574187451748437
1.5213098730902077 0.8438774074792887 2.5337632418201084 3.705246834256489 7.119039791477477 -0.3164893859989423
1.4976280438590484 0.8431737563489341 2.5390018591353845 3.7059003711844305 7.11218032760846 -0.31723452540539243
1.4743436962782575 0.8425119384834587 2.5442241125569898 3.7065615135260788 7.105363604834806 -0.31797729356199056
1.4514551801724935 0.8418925734591514 2.5494303158926996 3.707230433168151 7.098590061964646 -0.31871769155669727
1.4289604506241675 0.8413161924159667 2.5546207657558906 3.7079072789401204 7.091860088176201 -0.3194557207297667
1.4068571034480117 0.8407832437172744 2.559795742293044 3.708592178067837 7.0851740258597 -0.32019138266362146
1.3851424082038675 0.8402940982763565 2.564955509882071 3.709285237542974 7.078532173304979 -0.320924679173093
1.3640880342933563 0.8398929385863456 2.5701068706048704 3.7099978491170718 7.0719550189756255 -0.321655612296022
1.3436796170731018 0.8395786750187522 2.575249997201781 3.710729754994607 7.065442206605438 -0.3223841842841998
1.3239030892144799 0.8393502100135419 2.5803850481463253 3.7114806941538774 7.058993365063486 -0.32311039759464133
1.3047446745184161 0.8392064390182252 2.585512168215466 3.712250402644836 7.052608109248928 -0.3238342548811778
1.2861908818615664 0.8391462513888661 2.590631489041991 3.7130386138749847 7.0462860409514345 -0.3245557589863556
1.2682284992710084 0.8391685312542461 2.5957431296495255 3.7138450588837184 7.040026749678373 -0.3252749129336324
1.2508445881246462 0.8392721583443945 2.6008471969706655 3.7146694666054985 7.033829813449859 -0.3259917199198582
1.2877689449653875 0.9186018758746957 2.694796789023719 3.666693181386628 7.10026137879437 -0.2711682636339796
1.2718650279344084 0.9191052324597644 2.6998140115059903 3.666555645268209 7.094965672963931 -0.271851917532002
1.256490254804912 0.9196788805594094 2.704818158090193 3.666425815886614 7.089714112635158 -0.2725333284338982
1.2416330120810213 0.920321851901444 2.709809480150928 3.666303850412877 7.084506563344555 -0.27321250000751873
1.227281925813863 0.9210331743005515 2.714788214079367 3.666189891645472 7.079342876774596 -0.2738894360548614
1.2134258566545428 0.9218118723567501 2.7197545818545725 3.666084068609201 7.074222891477466 -0.27456414050630107
1.200053895011248 0.9226569681245607 2.724708791597013 3.6659864971337974 7.069146433571965 -0.2752366174150338
1.1871553563082269 0.923567481753848 2.7296510381047727 3.6658972804128718 7.064113317414422 -0.2759068709517212
1.1747197763444486 0.9245424321032705 2.7345815033729526 3.6658165095438147 7.0591233462445 -0.2765749053993347
1.1627369067497937 0.9255808373272458 2.739500357096735 3.6657442640492404 7.0541763128067005 -0.27724072514818787
1.1511967105366732 0.9266817154373201 2.744407757158588 3.66568061238055 7.049271999948362 -0.27790433469115206
1.1400893577450195 0.9278440848387896 2.7493038501000555 3.6656256124041686 7.04441018119495 -0.2785657386190481
1.129405221178645 0.9290669648434089 2.7541887715785762 3.665579311870995 7.039590621303362 -0.27922494161620715
1.119134872230994 0.930349376158989 2.759062646809759 3.6655417488695914 7.034813076793997 -0.27988194845619496
1.1092690767983768 0.9316903413566651 2.7639255909955396 3.66551295226362 7.030077296462281 -0.28053676399769656
1.0997987912787979 0.9330888853165913 2.7687777097386124 3.6654929421140183 7.0253830218703435 -0.28118939318054825
1.0907151586545452 0.9345440356527965 2.773619099443543 3.665481730086393 7.020729987819497 -0.2818398410219196
1.0820095046567424 0.9360548231179122 2.778449847704938 3.6654793198440987 7.0161179228041695 -0.2824881126126364
1.0736733340101063 0.9376202819884616 2.7832700336830527 3.6654857074274507 7.011546549447909 -0.28313421311363673
1.06569832675619 0.9392394504313802 2.788079728467194 3.665500881619508 7.007015584922058 -0.2837781477525614
1.0580763346534319 0.9409113708524159 2.792878995427271 3.66552482429885 7.002524741347702 -0.28441992182046993
1.0507993776523668 0.942635090227036 2.7976678905538463 3.665557510779765 6.998073726181419 -0.28505954066867645
1.0438596404443885 0.9444096604144518 2.8024464627870125 3.6655989101402398 6.993662242585429 -0.285697009705705
1.037249469082497 0.9462341384553512 2.807214754334422 3.6656489855381476 6.989289989782627 -0.2863323343943578
1.0309613676724856 0.9481075868539104 2.81197280097879 3.6657076945160005 6.98495666339705 -0.28696552024889077
1.02498799513307 0.9500290738446425 2.8167206323751692 3.66577498929464 6.980661955780249 -0.2875965728322969
1.0193221620234838 0.9519976736446167 2.8214582723383064 3.665850817056211 6.976405556324075 -0.28822549775368733
1.0139568274371042 0.954012466691573 2.8261857391203655 3.665935120216771 6.972187151760323 -0.2888523006657737
1.0088850959596996 0.9560725398684347 2.830903045679297 3.666027836688855 6.9680064264476975 -0.28947698726244186
1.0041002146909213 0.958176986714709 2.8356101999381336 3.6661289001343333 6.963863062646546 -0.29009956327641717
0.9995955703276964 0.9603249076252505 2.840307205035482 3.6662382402078637 6.959756740781767 -0.2907200344770171
0.9953646863082035 0.9625154100368447 2.844994059567461 3.666355782791245 6.955687139694323 -0.29133840666798827
0.991401220015137 0.9647476086030592 2.8496707578213485 3.6664814502189684 6.951653936881738 -0.29195468568542404
0.9876989600370119 0.9670206253577907 2.8543372900011756 3.6666151614952507 6.947656808727985 -0.2925688773957602
0.984113020071971 0.9686332431413428 2.8587700933252354 3.6668035216988795 6.943720153258351 -0.2931809876938474
0.9806434314709065 0.9696219164728166 2.8629803853019125 3.66704482893507 6.939843175399416 -0.29379102250109357
0.9772901168862409 0.9700213642556259 2.8669788791659694 3.667337417564623 6.936025074756709 -0.294398987763679
0.9740528971468154 0.9698646499592574 2.870775806369893 3.6676796578341038 6.932265046631095 -0.29500488945083747
0.9709314977839847 0.9691832581176953 2.8743809380651104 3.668069955485742 6.928562282978574 -0.2956087335532025
0.9679255552255461 0.9680071673136712 2.877803605618789 3.668506751349067 6.924915973316059 -0.2962105260812158
0.9650346226733477 0.9663649198101261 2.8810527202098495 3.66898852091615 6.921325305575561 -0.29681027306359753
0.9622581756796875 0.9642836879828535 2.884136791545844 3.6695137739022345 6.917789466909145 -0.2974079805458725
0.9595956174368998 0.9617893377012192 2.8870639457404454 3.670081053793396 6.914307644446896 -0.2980036545889553
0.9570462837938691 0.9589064887970988 2.8898419423895065 3.6706889373827907 6.910879026010046 -0.29859730126778605
0.9546094480125484 0.9556585727557375 2.892478190881885 3.671336034296937 6.907502800781328 -0.29918892667002117
0.9522843252769695 0.9520678877560924 2.8949797659796337 3.6720209865133984 6.904178159934528 -0.2997785368947721
0.950070076966631 0.9481556511823535 2.897353422700534 3.6727424678711174 6.900904297225118 -0.3003661380513942
0.9479658147056045 0.9439420497227513 2.899605610534488 3.6734991835746054 6.897680409543802 -0.30095173625832095
0.9459706041981639 0.9394462871664231 2.9017424870238324 3.6742898696930753 6.894505697434679 -0.3015353376419432
0.9440834688612396 0.9346866300040182 2.903769930736283 3.675113292655563 6.891379365579704 -0.3021169483355317
0.9423033932635101 0.92968045093287 2.9056935536578994 3.67596824874298 6.888300623251037 -0.30269657447820286
0.9406293263804959 0.9244442703629323 2.907518713032236 3.6768535635780095 6.885268684732773 -0.3032742222139211
0.9390601846745676 0.9189937960152519 2.9092505226706473 3.677768091613655 6.882282769713549 -0.3038498976905437
0.9375948550083693 0.9133439607005382 2.91089386375757 3.6787107156212278 6.879342103651396 -0.3044236070589015
0.9362321973997596 0.9075089583613709 2.912453395173551 3.679680346178481 6.876445918112168 -0.30499535647191345
0.9349710476259909 0.9015022784577404 2.913933563357732 3.6806759211585485 6.873593451082849 -0.3055651520837397
0.9338102196844793 0.8953367387719662 2.915338611730526 3.6816964052203045 6.870783947260928 -0.30613300004896504
0.9327485081171814 0.8890245167055371 2.916672589696289 3.6827407893007087 6.86801665832104 -0.3066989065218153
0.9317846902052558 0.8825771791370902 2.9179393612448736 3.6838080901096504 6.865290843159974 -0.30726287765540605
0.9309175280403772 0.8760057109075634 2.9191426131701186 3.68489734962778 6.8626057681211226 -0.3078249196010183
0.9301457704787666 0.8693205419955277 2.9202858629224795 3.6860076346077584 6.8599607071994 -0.3083850385074063
0.9294681549837218 0.862531573442807 2.921372466112265 3.6871380360793307 6.857354942227613 -0.30894324052013
0.928883409362153 0.8556482020877381 2.922405623679163 3.6882876688585915 6.854787763045206 -0.30949953178091616
0.9283902534003685 0.8486793441607852 2.9233883887430414 3.6894556710617747 6.852258467650287 -0.31005391842704544
0.9279874004041131 0.8416334577947155 2.92432367315035 3.690641203623876 6.849766362335805 -0.31060640659076166
0.9276735586476215 0.8345185644991444 2.9252142537297665 3.6918434498223784 6.84731076181066 -0.3111570023987087
0.9274474327362174 0.8273422696469634 2.9260627782701345 3.693061614806334 6.844890989306578 -0.31170571197138663
0.9273077248867942 0.8201117820180015 2.9268717712331567 3.694294925131022 6.8425063766714596 -0.31225254142263337
0.9272531361302749 0.8128339324431695 2.9276436392127176 3.6955426282983823 6.840156264449934 -0.3127974968591247
0.9272823674399902 0.8055151915903582 2.928380676152202 3.696803992303405 6.837840001951815 -0.31334058437989776
0.9273941207896996 0.7981616869314749 2.9290850683306395 3.6980783051866246 6.835556947309082 -0.31388181007589155
0.927587100144817 0.7907792189281804 2.929758899128027 3.6993648745928676 6.8333064675220525 -0.3144211800295087
0.9278600123902299 0.7833732764721772 2.930404153579714 3.7006630273363563 6.831087938495296 -0.31495870031419426
0.9282115681979315 0.7759490516142449 2.931022722729285 3.7019721089722832 6.828900745063899 -0.3154943769940337
0.9286404828375525 0.7685114536146569 2.9316164077889413 3.703291483374934 6.826744281010608 -0.31602821612336607
0.9291454769326981 0.761065122346108 2.932186924116004 3.7046205323224326 6.824617949074367 -0.3165602237464147
0.9297252771658997 0.7536144410788606 2.9327359050137276 3.7059586550881614 6.822521160950755 -0.31709040589693416
0.9303786169348154 0.7461635486764484 2.933264905364295 3.7073052680389056 6.8204533372848 -0.31761876859787197
0.9311042369622111 0.7387163512289774 2.933775405101461 3.708659804239747 6.818413907656607 -0.31814531786104405
0.9319008858621305 0.7312765331498265 2.9342688125300196 3.7100217130657325 6.816402310560245 -0.31867005968682616
0.9327673206645353 0.7238475677603642 2.934746467498902 3.7113904598203216 6.814417993376304 -0.3191930000638581
0.9337023073006008 0.7164327273861641 2.9352096444344546 3.7127655253606227 6.812460412338504 -0.3197141449687604
0.9347046210507357 0.7090350929871343 2.935659555240103 3.7141464057293967 6.8105290324947525 -0.32023350036586495
0.9357730469573013 0.7016575633429352 2.936097352068365 3.715532611793825 6.808623327662977 -0.32075107220695664
0.9369063802039106 0.6943028638140938 2.9365241299708886 3.7169236688910026 6.806742780382102 -0.3212668664310283
0.938103426463091 0.6869735546982729 2.9369409294319464 3.718319116480138 6.804886881858483 -0.3217808889640441
0.9393630022140131 0.6796720392002695 2.9373487387905555 3.719718507801415 6.8030551319081 -0.3222931457187175
0.9406839350319032 0.6724005710334635 2.937748496556189 3.7211214095414733 6.801247038894822 -0.32280364259429706
0.9420650638506802 0.6651612616696203 2.9381410936227903 3.7225274015054577 6.799462119665004 -0.3233123854763631
0.9435052392002787 0.657956087253184 2.9385273753856116 3.723936076295586 6.7976998994787055 -0.32381938023663426
0.9450033234200537 0.650786895195451 2.938908143765193 3.7253470389961714 6.795959911937762 -0.32432463273278334
0.9465581908495917 0.6436554104633097 2.939284159142585 3.726759906865038 6.794241698910966 -0.32482814880826205
0.9481687279981856 0.6365632415765583 2.939656142209765 3.728174309031268 6.792544810456593 -0.32532993429213497
0.9498338336941741 0.6295118863271745 2.940024775738994 3.729589886199198 6.790868804742469 -0.3258299949989203
0.9515524192152838 0.6225027372332943 2.9403907062747017 3.731006290358607 6.789213247963813 -0.3263283367284415
0.9533234084010571 0.615537086740064 2.9407545457513367 3.73242318450101 6.787577714259036 -0.32682496526568316
0.9551457377483976 0.6086161321789954 2.9411168730404462 3.733840242341976 6.785961785623692 -0.3273198863806577
0.9570183564912038 0.6017409804968883 2.9414782354301146 3.735257148049407 6.784365051822757 -0.3278131058282765
0.9589402266650331 0.5949126527649098 2.9418391500397556 3.736673595977671 6.782787110301408 -0.3283046293482299
0.960910323157671 0.588132088477908 2.942200105173103 3.73808929040753 6.781227566094454 -0.3287944626648731
0.9629276337464456 0.5814001496535952 2.9425615616121297 3.739503945291761 6.779686031734591 -0.3291576694991192
0.9649911591230917 0.574717624740781 2.942923953854503 3.740917284006387 6.778162127159597 -0.3293986200891059
0.9670999129069138 0.5680852323454224 2.9432876912970576 3.7423290391074384 6.776655479618637 -0.32952154443406934
0.969252921646973 0.5615036247828529 2.9436531593676687 3.743738952093147 6.775165723577783 -0.3295305367649255
0.971449224813981 0.554973391464171 2.9440207206077966 3.7451467731714883 6.7736925006248745 -0.3294295598724286
0.9736878747825455 0.5484950621244002 2.944390715707863 3.746552261032984 6.7722354593738565 -0.32922244929744027
0.9759679368043908 0.5420691098996888 2.9447634644975493 3.747955182628671 6.770794255368674 -0.3289129173877021
0.978288488973126 0.5356959542604784 2.945139266892977 3.7493553129531545 6.769368550986857 -0.32850455722536553
0.9806486221811328 0.5293759638072595 2.94551840380268 3.7507524348326444 6.76795801534287 -0.3280008464293971
0.9830474400690798 0.5231094589352214 2.9459011379941673 3.7521463387179 6.766562324191334 -0.32740515083684074
0.9854840589685776 0.5168967143738217 2.9462877149228053 3.7535368224819794 6.765181159830202 -0.32672072806680386
0.9879576078384409 0.5107379616070202 2.946678363524672 3.754923691222712 6.763814211003972 -0.3259507309708942
0.9904672281950075 0.5046333911796663 2.947073296974958 3.756306757069808 6.762461172807017 -0.3250982109737328
0.9930120740369421 0.49858315489525773 2.9474727134134273 3.7576858389965087 6.761121746587096 -0.3241661213070395
0.9955913117649229 0.49258736791008384 2.947876796638371 3.7590607626356958 6.759795639849132 -0.32315732014068455
0.998204120096601 0.4866461107284954 2.948285716770432 3.7604313601003723 6.758482566159298 -0.3220745736139854
1.0008496899771884 0.4807594311038643 2.9486996308876243 3.7617974698084264 6.7571822450494965 -0.3209205587704318
1.0035272244860192 0.4749273458495593 2.9491186836327907 3.7631589363115956 6.755894401922266 -0.31969786639890874
1.0062359387394073 0.46914984256408165 2.9495430077947082 3.7645156101285426 6.75461876795619 -0.3184090037844025
1.008975059790115 0.46342688127430787 2.9499727248639953 3.7658673475819646 6.7533550800118345 -0.31705639737106783
1.0117438265237095 0.45775839600060997 2.9504079455648995 3.767214010639648 6.75210308053828 -0.31564239534045324
1.0145414895520979 0.45214429624744557 2.950848770364036 3.7685554667593877 6.75086251748028 -0.31416927010758244
1.017367311104488 0.4465844684228526 2.9512952899570655 3.769891588737697 6.749633144186089 -0.3126392207375126
1.0202205649160305 0.441078777190121 2.951747585734274 3.7712222545622134 6.748414719316002 -0.3110543752849002
1.0231005361143661 0.43562706675476437 2.9522057302259723 3.772547347267738 6.747207006751624 -0.30941679305902836
1.0260065211043048 0.430229162089774 2.952669787528584 3.7738667547958205 6.74600977550593 -0.30772846681666977
1.028937827450838 0.4248848701020018 2.953139813712271 3.775180369857813 6.744822799634112 -0.3059913248850843
1.0318937737606864 0.4195939807423794 2.953615857210881 3.7764880898013256 6.743645858145263 -0.30420723321737797
1.0348736895625588 0.4143562680625743 2.954097959194999 3.7777898164799995 6.742478734914919 -0.30237799738237636
1.0378769151863056 0.4091714912205431 2.954586153928814 3.7790854561265306 6.741321218598471 -0.300505364491098
1.040902801641124 0.4040393954373489 2.9550804691115236 3.7803749192288674 6.7401731025454765 -0.29859102506185153
1.0439507104929706 0.39895971290748844 2.95558092620392 3.7816581204095185 6.739034184714898 -0.2966366148259061
1.047020013741331 0.39393216366487716 2.9560875407408194 3.7829349783078925 6.737904267591259 -0.29464371647563414
1.0501100936954788 0.38895645640654286 2.956600322629923 3.7842054154656064 6.736783158101767 -0.29261386135695355
1.0532203428503522 0.3840322892759802 2.957119276437719 3.7854693582146948 6.735670667534382 -0.29054853110784773
1.0563501637621755 0.3791593506080344 2.957644401662958 3.786726736568653 6.734566611456876 -0.2884491592446805
1.0594989689239305 0.3743373196370945 2.9581756929982586 3.7879774841162472 6.733470809636865 -0.2863171326979663
1.062666180640793 0.36956586717029083 2.958713140580336 3.7892215379180336 6.732383085962842 -0.2841537932992104
1.0658512309056258 0.36484465622732287 2.959256730229357 3.790458838405516 6.731303268366215 -0.28196043922037317
1.0690535612746292 0.36017334264846146 2.9598064436778735 3.791689329282888 6.730231188744351 -0.2797383263674713
1.072272622743233 0.3555515756722014 2.960362258789797 3.7929129574312945 6.7291666828846255 -0.2774886697297754
1.0755078756223126 0.3509789984839735 2.960924149769829 3.7941296728155547 6.728109590389513 -0.27521264468601836
1.0787587894148063 0.3464552487372592 2.9614920873637582 3.79533942839329 6.727059754602676 -0.2729113882689851
1.082024842692805 0.3419799590483914 2.962066039050023 3.7965421800264005 6.726017022536091 -0.2705860003898075
1.0853055229751805 0.33755275746626334 2.9626459692229012 3.7977378863948283 6.724981244798199 -0.2682375450232517
1.088600326605818 0.3331732679181145 2.9632318393676944 3.798926508912563 6.72395227552308 -0.2658670513552359
1.0919087586325031 0.3288411106325071 2.9638236082282448 3.800108011645827 6.722929972300648 -0.2634755148937855
1.0952303326865263 0.3245559025405558 2.9644212319671093 3.801282361233393 6.721914196107882 -0.261063898544589
1.098564570863045 0.32031725765642616 2.965024664318711 3.8024495268089837 6.720904811241066 -0.25863313365228224
1.1019110036022588 0.3161247874380697 2.9656338567357574 3.8036094799256968 6.719901685249058 -0.2561841210085538
1.105269169571433 0.3119781011291167 2.966248758529222 3.804762194482414 6.718904688867566 -0.2537177318281256
1.108638615547811 0.30787680608281076 2.966869317002155 3.80590764665214 6.717913695954445 -0.2512348086936369
1.1120188963024562 0.3038205080688263 2.967495477577594 3.8070458148122315 6.716928583425997 -0.24873616647041752
1.1154095744850503 0.29980881156377004 2.9681271839208136 3.808176679476458 6.715949231194267 -0.2462225931921136
1.118810220509681 0.29584132002612895 2.968764378056165 3.8093002232288646 6.71497552210535 -0.2436948509180905
1.1222660232677948 0.2921477702129034 2.969480458758646 3.8104010885814126 6.713999218049285 -0.24115367656351605
1.1257757806460442 0.2887214559217923 2.9702735738621415 3.811479395776259 6.713020151780239 -0.23859978270299065
1.1293383021006815 0.2855558193817471 2.9711419048066414 3.8125352749847687 6.712038168165815 -0.23603385834856971
1.1329524087969027 0.282644447950982 2.9720836661057963 3.813568865701575 6.7110531237474245 -0.23345656970299355
1.1366169337361187 0.27998107089069646 2.9730971048208854 3.814580316163869 6.710064886312893 -0.2308685608889125
1.1403307218716172 0.27755955621269957 2.9741805000411867 3.815569782794992 6.709073334481033 -0.22827045465487594
1.144092630213076 0.27537390759919034 2.9753321623707594 3.8165374296714423 6.7080783572978975 -0.22566285305882205
1.1479015279203704 0.2734182613929763 2.976550433421645 3.817483428012436 6.707079853844466 -0.22304633812978514
1.1517562963870958 0.271686883656461 2.9778336853134664 3.8184079556911903 6.706077732855483 -0.2204214725085183
1.1556558293142274 0.2701741672977753 2.9791803201794362 3.8193111967671283 6.705071912349208 -0.21778880006769885
1.1595990327743113 0.26887462926245864 2.980588769678744 3.8201933410382303 6.704062319267814 -0.2151488465123672
1.1635848252665748 0.26778290778914404 2.9820574945153133 3.8210545836127867 6.703048889128183 -0.21250211996123336
1.1676121377633324 0.2668937597277321 2.9835849839629143 3.8218951244998274 6.702031565682866 -0.20984911150945385
1.1716799137480471 0.26620205791858287 2.985169755396595 3.8227151682175373 6.701010300590947 -0.20719029577347658
1.1757871092453986 0.26570278863128327 2.986810353830419 3.823514923418977 6.699985053098604 -0.20452613141851828
1.1799326928436933 0.2653910490615867 2.9885053514614697 3.82429460253447 6.6989557897291 -0.20185706166923212
1.1841156457099502 0.2652620448851588 2.990253347220096 3.825054421430021 6.6979224839820075 -0.19918351480409924
1.1883349615979717 0.26531108786679014 2.9920529663263595 3.82579459908117 6.696885116041418 -0.1965059046340647
1.1925896468497081 0.2655335935237728 2.9939028598526565 3.826515357261693 6.695843672492938 -0.1938246309659153
1.1968787203902123 0.2659250788421723 2.9958017042924574 3.8272169202465838 6.694798146049238 -0.19114008005089167
1.2012012137164674 0.2664811600447503 2.9977482011351455 3.827899514528787 6.693748535283959 -0.18845262501899873
1.2055561708803673 0.2671975504093307 2.9997410764468926 3.8285633685491414 6.6926948443737535 -0.18576262629947515
1.20994264846611 0.2680700581364259 3.0017790804575366 3.8292087124390406 6.691637082848274 -0.18307043202786022
1.214359715562271 0.2690945842649748 3.003860987153413 3.829835777775318 6.690575265347897 -0.18037637844008458
1.218806453728793 0.27026712063506064 3.005985593876092 3.830444797346886 6.689509411388994 -0.1776807902540002
1.2232819569591438 0.27158374789651885 3.0081517209269704 3.831036004932675 6.688439545136555 -0.17498398103874924
1.2277853316378677 0.27304063356236496 3.0103582111776657 3.831609635090438 6.68736569518398 -0.17228625357235727
1.2323156964937552 0.2746340301059875 3.012603929686172 3.8321659229559932 6.686287894339852 -0.16958790018792935
1.2368721825488471 0.2763602731011019 3.0148877633187054 3.832705104052498 6.685206179421512 -0.16688920310880817
1.2414539330634855 0.27821577940345477 3.017208620377203 3.8332274141093667 6.684120591055267 -0.1641904347730493
1.2460601034776055 0.28019704537332113 3.019565430232408 3.8337330888904457 6.683031173483041 -0.16149185814755274
1.2506898613484687 0.2823006451378396 3.0219571429624947 3.834222364031085 6.6819379743753196 -0.1587937270321792
1.2553423862850228 0.2845232288922628 3.0243827289971668 3.8346954748837527 6.680841044650218 -0.15609628635417117
1.26001686987907 0.28686152123922115 3.0268411787671816 3.8351526563718537 6.679740438298493 -0.15339977245318825
1.2647125156334127 0.2893123195651188 3.029331502359236 3.835594142851419 6.678636212214378 -0.15070441335725482
1.269428538887154 0.2918724924528042 3.031852729176157 3.8360201679803625 6.677528426032037 -0.14801042904990946
1.2741641667383083 0.2945389781296719 3.034403907602342 3.8364309645949817 6.676417141967536 -0.14531803172883695
1.2789186379638782 0.29730878295038465 3.03698410467438 3.8368267645934306 6.6753024246661505 -0.14262742605625434
1.283691202937554 0.3001789799134069 3.039592405756812 3.837207798825862 6.674184341054871 -0.1399388094013132
1.2884811235451732 0.3031467072105787 3.042227914222946 3.8375742969909803 6.673062960199975 -0.1372523720747726
1.2932876730980856 0.30620916680896415 3.0448897511406923 3.8379264875387324 6.671938353169521 -0.13456829755618982
