-2.9393684712708614 -0.15435552815880116 2.5758544481268304 3.9199729928843614 6.461692505650484 0.21354572641017672
-2.9393684712708614 -0.15435552815880116 2.5758544481268304 3.9199729928843614 6.461692505650484 0.21354572641017672
-2.9386142123682566 -0.15405202719897426 2.576018461102165 3.9199911039046613 6.461703946962073 0.21347450374921328
-2.9371326523378576 -0.1534537930994746 2.5763423528249514 3.9200272619101417 6.461726027218124 0.2133348865546823
-2.934949843681017 -0.15256936759482853 2.5768220791579823 3.920081393089311 6.4617579767280455 0.21312959979559298
-2.9320909643633675 -0.15140707213945026 2.5774536840773457 3.9201534142849175 6.461799057438034 0.21286126901580998
-2.9285803474944094 -0.14997501356284948 2.578233297740546 3.9202432334125836 6.461848561919771 0.21253242393229504
-2.924441509985779 -0.14828108957844877 2.57915713459902 3.920350749867697 6.461905812386864 0.212145501903231
-2.919697180223701 -0.14633299414981926 2.580221491553952 3.920475854920772 6.461970159738398 0.21170285127073157
-2.914369324789959 -0.1441382227180532 2.581422746154353 3.920618432101525 6.462040982628919 0.21120673458267303
-2.9087780675207755 -0.14212146004953574 2.5821033409453404 3.9204635640188306 6.462376397601829 0.21065933169801748
-2.9029311414397956 -0.1402731188523103 2.582286015920453 3.920022558560321 6.4629665795031315 0.21006274277984172
-2.896836071057539 -0.13858400879689659 2.581992665482157 3.9193063613844754 6.463802009531027 0.20941899118013063
-2.8905001780168282 -0.1370453213248648 2.581244369032877 3.918325567185912 6.464873466012428 0.2087300262202505
-2.8839305865881224 -0.13564861502307535 2.580061420458036 3.917090430608843 6.466172015456635 0.20799772587087306
-2.8771342290185276 -0.13438580154272928 2.5784633565415325 3.9156108768198585 6.467689003877803 0.20722389933498647
-2.870117850738164 -0.13324913204316413 2.5764689843526023 3.9138965117508064 6.469416048378021 0.20641028953749752
-2.8628880154274947 -0.13223118414103796 2.574096407641573 3.911956632022235 6.47134502898313 0.2055585755248026
-2.8554511099491284 -0.13132484934628064 2.5713630522806543 3.909800234557478 6.473468080723617 0.20467037477758304
-2.8478133491475637 -0.13052332096686037 2.5682856907845553 3.9074360258971828 6.475777585953162 0.20374724543996192
-2.8399807805201966 -0.1298200824650797 2.5648804659444666 3.9048724312237364 6.478266166897662 0.2027906884680475
-2.831959288762941 -0.12920889624874388 2.561162913607693 3.902117603104746 6.480926678427743 0.20180214970077748
-2.8237546001936176 -0.12868379288116483 2.557147984634053 3.8991794299644513 6.483752201048009 0.2007830218558742
-2.8153722870563076 -0.12823906069454405 2.552850066059004 3.896065544291641 6.4867360340964915 0.19973464645361788
-2.806817771709687 -0.12786923579185316 2.5482830014923596 3.8927833305923834 6.489871689147927 0.19865831567104886
-2.798096330702389 -0.1275690924228663 2.5434601107804196 3.889339933095608 6.493152883614721 0.19755527412911383
-2.7892130987382897 -0.12733363372054485 2.5383942089582767 3.8857422632193206 6.4965735345396345 0.19642672061518113
-2.7801730725345886 -0.12715808278445717 2.5330976245181263 3.881997006804985 6.500127752574394 0.19527380974326158
-2.7709811145754726 -0.12703787409842948 2.5275822170184234 3.878110631127363 6.503809836138629 0.1940976535541879
-2.7616419567640973 -0.12696864527007 2.521859394057845 3.874089391686866 6.507614265753702 0.1928993230579239
-2.7521602039755306 -0.12694622908028674 2.5159401276371183 3.8699393387912577 6.511535698546144 0.19167984972009483
-2.7425403375132698 -0.12696664583133965 2.509834969930947 3.8656663239333113 6.515568962915606 0.19044022689475748
-2.456240673121128 -0.16414721733711457 2.552465233737829 3.8050417508640906 6.591728082877302 0.19564368786662378
-2.446980460039632 -0.16530008398619223 2.545892153658878 3.8005013444840468 6.595385378389194 0.19423389753647147
-2.437602790759912 -0.16650750137517556 2.5391588519511394 3.7958567324008348 6.599128728686105 0.19280491623469143
-2.428111429569621 -0.16776490163892332 2.532274665183894 3.791112990348151 6.602954219303875 0.19135768695140398
-2.418510039986457 -0.16906792009157434 2.5252485658695143 3.7862750217982497 6.606858057909342 0.1898931176954497
-2.4088021874990915 -0.17041238728680885 2.5180891757370834 3.781347563478919 6.610836570798857 0.18841208276240018
-2.398991342233308 -0.17179432137670037 2.510804778526155 3.776335190713968 6.6148861994940145 0.1869154239567069
-2.3890808815453584 -0.17320992075808017 2.5034033323180878 3.7712423225929594 6.619003497431937 0.18540395176964974
-2.379074092544461 -0.17465555699572977 2.495892481421752 3.7660732269757125 6.623185126747558 0.18387844651467988
-2.368974174546346 -0.17612776801213292 2.488279567829792 3.7608320253369474 6.627427855145392 0.18233965942170027
-2.358784241459694 -0.17762325153388292 2.4805716422610353 3.7555226974562306 6.6317285528583625 0.1807883136917674
-2.34850732410725 -0.1791388587852054 2.472775474804066 3.7501490859582476 6.636084189691308 0.179225105513645
-2.3381463724833846 -0.1806715884194292 2.4648975651764338 3.7447149007082228 6.640491832146869 0.17765070504359126
-2.3277042579498124 -0.18221858067955243 2.456944152613446 3.739223723067192 6.644948640631497 0.17606575734970542
-2.317183775371107 -0.1837771117793945 2.448921225399964 3.733679010011637 6.649451866739412 0.17447088332211935
-2.3065876451916614 -0.1853445884971292 2.440834530058154 3.728084098121871 6.6539988506123695 0.17286668055026588
-2.2959185154556714 -0.1869185429733109 2.4326895802036588 3.7224422074434114 6.65858701837317 0.17125372416841567
-2.2851789637716697 -0.18849662770577758 2.424491665082197 3.716756445225427 6.6632138796308915 0.16963256767063106
-2.274371499223121 -0.19007661073411852 2.416245857798175 3.7110298095402303 6.66787702505589 0.16800374369624016
-2.263498564226537 -0.19165637100664257 2.407957023246455 3.7052651927876434 6.672574124022646 0.1663677647869004
-2.252562536338538 -0.19323389392306578 2.3996298257580273 3.699465385087941 6.677302922318615 0.1647251241162757
-2.2415657300132468 -0.19480726704637052 2.3912687364699377 3.69363307756696 6.682061239917253 0.16307629619331954
-2.2305103983113623 -0.19637467597753733 2.3828780404294534 3.687770865536836 6.686846968813476 0.16142173754011857
-2.2193987345622306 -0.19793440038708776 2.374461843442065 3.681881251575727 6.691658070919825 0.15976188734521446
-2.208232873980201 -0.19948481019759234 2.3660240786726003 3.6759666485097653 6.696492576021684 0.15809716809329344
-2.197014895236504 -0.2010243619115213 2.357568513008367 3.6700293823003745 6.701348579789911 0.15642798617209586
-2.185746821987867 -0.202551595079018 2.3490987531929215 3.6640716948399876 6.7062242418493225 0.15475473245737126
-2.1744306243630698 -0.2040651289003781 2.3406182517387575 3.6580957466591064 6.711117783901486 0.15307778287667073
-2.1630682204085545 -0.2055636589582146 2.3321303126268886 3.652103619547534 6.7160274879003135 0.1513974989527448
-2.151661477494243 -0.2070459540744618 2.3236380968010284 3.646097319092538 6.720951694279039 0.14971422832728098
-2.140212213680649 -0.20851085328757146 2.315144627463775 3.6400787771365968 6.725888800227114 0.14802830526569455
-2.1287221990483234 -0.20995726294540007 2.306652795181949 3.634049854157303 6.730837258015696 0.1463400511436559
-2.1171931569906945 -0.21138415390948384 2.298165362807964 3.6280123415719108 6.735795573370341 0.14464977491601594
-2.1056267654712997 -0.2127905588665191 2.289684970223875 3.6219679639689346 6.740762303889644 0.14295777356876638
-2.094024658246375 -0.21417556974306096 2.2812141389144767 3.615918381269133 6.745736057508524 0.1412643325546462
-2.0823884260537797 -0.21553833521957322 2.272755276375643 3.6098651908181214 6.750715491004932 0.1395697262129887
-2.070719617769165 -0.21687805834011287 2.2643106803638164 3.603809929412804 6.755699308548791 0.1378742181743765
-2.0590197415302933 -0.21819399421407337 2.2558825429923877 3.5977540752637283 6.760686260291981 0.1361780617506554
-2.0472902658303935 -0.2194854478065411 2.2474729546804695 3.5916990498954027 6.765675140998255 0.13448150031083528
-2.0355326205814004 -0.220751771813948 2.2390839079593885 3.585646219986562 6.7706647887119615 0.1327847676433903
-2.0237481981479055 -0.22199236462182292 2.2307173011420036 3.5795968991522753 6.77565408346451 0.1310880883054476
-2.0119383543526466 -0.22320666834156877 2.2223749418598024 3.5735523496697637 6.780641946017534 0.12939167795934037
-2.000104409454301 -0.22439416692329694 2.214058550472519 3.5675137841497024 6.785627336641719 0.127695743696983
-1.9882476490983567 -0.22555438434187525 2.205769763354864 3.561482367154748 6.7906092539303335 0.12600048435250566
-1.9763693252418184 -0.22668688285343186 2.1975101360647846 3.555459216766965 6.795586733646474 0.12430609080357635
-1.964470657052452 -0.2277912613196802 2.1892811463975175 3.5494454061057694 6.800558847603102 0.12261274626181717
-1.9525528317832874 -0.22886715359750798 2.1810841973295285 3.5434419647979656 6.805524702574951 0.12092062655270941
-1.9406170056230687 -0.22991422699138542 2.1729206198563036 3.537449880401388 6.810483439241439 0.1192299003853694
-1.9286643045232923 -0.23093218076622768 2.164791675727806 3.5314700997836237 6.815434231159697 0.11754072961255879
-1.916695825002523 -0.23192074471843482 2.156698560085263 3.525503530457234 6.820376283766896 0.11585326948128438
-1.9047126349285808 -0.23287967780292695 2.148642404002837 3.5195510418728593 6.825308833411045 0.11416766887432661
-1.892715774279238 -0.23380876681405716 2.140624276937591 3.513613466671524 6.830231146409478 0.1124840705430259
-1.8807062558820062 -0.2347078251183785 2.1326451890910283 3.507691601897455 6.835142518134249 0.1108026113316416
-1.8686850661336143 -0.23557669143730897 2.1247060936854023 3.5017862101726394 6.840042272123685 0.10912342239358963
-1.8566531656997114 -0.23641522867780584 2.1168078891578297 3.4958980208343426 6.844929759219379 0.1074466293998515
-1.844611490195378 -0.2372233228092504 2.1089514212751665 3.490027731036757 6.8498043567279 0.1057723527398381
-1.832560950846954 -0.23800088178478362 2.1011374851724876 3.4841760068179024 6.854665467606535 0.10410070771498181
-1.8205024351357135 -0.23874783450542014 2.093366827317904 3.47834348413289 6.859512519672393 0.10243180472531888
-1.8084368074238917 -0.2394641298253235 2.0856401474063593 3.472530769854596 6.864344964834219 0.10076574944931582
-1.7963649095635512 -0.24014973559668307 2.0779581001849508 3.4667384427427805 6.8691622783462805 0.09910264301718474
-1.7842875614887683 -0.24080463775269023 2.0703212972122267 3.4609670543826447 6.873963958083705 0.09744258217792257
-1.7722055617915968 -0.24142883942717375 2.0627303085538253 3.455217130093785 6.8787495238386835 0.09578565946030115
-1.760119688282276 -0.24202236010950595 2.0551856644167326 3.4494891698104797 6.883518516636937 0.09413196332802665
-1.748030698534098 -0.24258523483343342 2.047687856724357 3.4437836489342084 6.88827049807389 0.09248157832928017
-1.7359393304133892 -0.24311751339855348 2.0402373406345444 3.438101019159277 6.893005049669997 0.09083458524084209
-1.7238463025949917 -0.24361925962318565 2.032834536002563 3.432441709272394 6.897721772244683 0.08919106120699538
-1.7117523150636718 -0.24409055062745266 2.025479828791043 3.426806125927018 6.902420285308378 0.08755107987339827
-1.6996580496018376 -0.2445314761454156 2.0181735724287546 3.4211946543932665 6.907100226472135 0.08591471151610652
-1.6875641702639426 -0.24494213786515817 2.0109160891200593 3.415607659284152 6.911761250874339 0.0842820231659216
-1.675471323837952 -0.24532264879575316 2.0037076711068043 3.410045485258894 6.916403030624034 0.08265307872823491
-1.6633801402942376 -0.24567313266008362 1.9965485818843494 3.404508457704019 6.921025254260383 0.08102793909852768
-1.651291233222235 -0.245993723312538 1.9894390573733713 3.398996883392951 6.925627626227829 0.07940666227368776
-1.6393645674981183 -0.24629646399392668 1.9823586150213153 3.3934731524782054 6.9302024099722574 0.07779224077646896
-1.627594916419456 -0.2465809621638655 1.9753084599438102 3.387938561474745 6.934748916271109 0.07618460722915943
-1.6159772385931577 -0.246846857281261 1.9682897338428842 3.3823943717508493 6.939266502766039 0.07458369606204573
-1.6045066713520981 -0.24709381941081765 1.9613035174079694 3.3768418102439948 6.9437545719692615 0.07298944345018632
-1.5931785244063201 -0.24732154788256477 1.9543508326316834 3.3712820701671724 6.948212569345724 0.07140178725246493
-1.5819882737204152 -0.24752977000248033 1.947432645043385 3.365716311705544 6.952639981468369 0.06982066695284195
-1.585009370049932 -0.18079707476838114 2.008176645018352 3.2316775032070537 7.096346233932335 0.035732475606474856
-1.5738646457137766 -0.18064957722321062 2.0010067688100595 3.228466018580323 7.10009210295358 0.03396012335399112
-1.5628486609644425 -0.18047908165799398 1.9938845571795223 3.2252522226378226 7.103831916418467 0.032194962958808415
-1.551957380963819 -0.18028558225005198 1.9868101967029617 3.222036510271885 7.107564452447724 0.03043693275685766
-1.5411869138389283 -0.18006908942414612 1.9797838538612609 3.218819275537072 7.111288550361225 0.028685972622920275
-1.5305335056090308 -0.17982962903892408 1.9728056757497725 3.2156009111745014 7.115003108261814 0.026942023917358338
-1.5199935352931822 -0.17956724160554205 1.9658757907667326 3.212381808167697 7.118707080708392 0.025205029434764437
-1.50956351019178 -0.17928198153726238 1.9589943092809063 3.209162355328442 7.122399476475068 0.02347493335446027
-1.4992400613358865 -0.17897391642889082 1.9521613242790605 3.205942938911164 7.1260793563932605 0.021751681192778705
-1.4890199390983274 -0.17864312636494684 1.9453769119938502 3.2027239422544658 7.129745831273764 0.02003521975706468
-1.478900008960791 -0.1782897032554993 1.938641132512679 3.1995057454484503 7.133398059905886 0.01832549710133169
-1.4688772474313683 -0.17791375019865163 1.9319540303680913 3.196288725026572 7.137035247130893 0.0166224624835144
-1.4589487381071327 -0.1775153808686729 1.9253156351102225 3.193073253680782 7.140656641987055 0.014926066324260856
-1.4491116678766152 -0.17709471892884276 1.9187259618618335 3.1898596999988027 7.144261535923727 0.013236260167206915
-1.4393633232571479 -0.1766518974680722 1.912185011856426 3.186648428222403 7.147849261081955 0.011552996640679769
-1.429701086862297 -0.1761870584604306 1.905692772959934 3.1834397980256175 7.15141918863921 0.009876229420779814
-1.42012243399471 -0.17570035224671599 1.899249220176464 3.1802341643118743 7.154970727215931 0.00820591319578956
-1.4106249293599267 -0.17519193703725233 1.892854316138545 3.177031877029057 7.1585033213416285 0.006542003631863302
-1.4012062238968235 -0.17466197843512377 1.8865080115823396 3.1738332810015693 7.162016449978415 0.004884457339949133
-1.3918640517205483 -0.1741106489790718 1.8802102458082524 3.170638715778505 7.165509625099845 0.0032332318439010077
-1.3825962271739098 -0.17353812770533517 1.8739609471273515 3.1674485154970746 7.168982390323109 0.0015882855497352244
-1.3734006419833853 -0.1729445997277106 1.8677600332940236 3.1642630087604626 7.172434319592594 -5.042228400686799e-05
-1.3642752625159917 -0.1723302558351565 1.861607411925259 3.161082518529356 7.1758650159129935 -0.0016829315748329021
-1.3552181271334405 -0.1716952921062822 1.8555029809069508 3.1579073620263767 7.179274110130131 -0.003309281443847123
-1.3462273436401015 -0.17103990954008608 1.849446628787589 3.154737850652731 7.182661259757787 -0.004929510242308921
-1.3373010868214448 -0.17036431370232985 1.8434382351597165 3.15157428991638 7.186026147848851 -0.006543655577238239
-1.328437596069724 -0.1696687143869633 1.8374776710294976 3.1484169793710937 7.189368481909182 -0.008151754336102934
-1.319635173093809 -0.16895332529202878 1.8315647991747506 3.1452662125657724 7.19268799285263 -0.009753842710619298
-1.3108921797101574 -0.1682183637095005 1.825699474491775 3.1421222770034407 7.19598443399571 -0.011349956219700474
-1.302207035712049 -0.1674640502285254 1.8198815443313028 3.138985454109354 7.199257580090505 -0.012940129731581651
-1.2935782168142924 -0.16669060845156713 1.8141108488238893 3.1358560192076865 7.2025072263943715 -0.014524397485151774
-1.285004252670717 -0.16589826472295433 1.8083872211950482 3.1327342415062853 7.205733187775137 -0.01610279311052254
-1.2764837249618664 -0.1650872478693659 1.8027104880704394 3.1296203840890002 7.208935297850473 -0.017675349648859195
-1.2680152655503871 -0.164257788951798 1.7970804697713834 3.1265147039151384 7.212113408160205 -0.01924209957150269
-1.2595975547017182 -0.163410121028573 1.7914969806010048 3.123417451825583 7.215267387370349 -0.020803074798406596
-1.251229319367749 -0.16254447892897184 1.7859598291212615 3.120328872555172 7.218397120507726 -0.022358306715914766
-1.2429093315312119 -0.16166109903707748 1.7804688184211326 3.117249204750922 7.221502508224014 -0.023907826193903636
-1.2346364066086504 -0.1607602190854427 1.7750237463762284 3.1141786809957273 7.2245834660881805 -0.025451663602311214
-1.226409401909884 -0.15984207795820127 1.7696244059000654 3.111117527837158 7.227639923906243 -0.02698984882707578
-1.218227215151955 -0.15890691550326053 1.7642705851872522 3.1080659658210252 7.2306718250673585 -0.02852241128550559
-1.2100887830256348 -0.1579549723532241 1.7589620679488318 3.105024209529367 7.233679125915272 -0.03004937994109913
-1.201993079812612 -0.1569864897547062 1.753698633639996 3.10199246762256 7.236661795144203 -0.03157078331783725
-1.1939391160515664 -0.15600170940571423 1.7484800576804091 3.098970942885246 7.239619813218244 -0.03308664951396523
-1.1859259372514006 -0.15500087330078371 1.7433061116673536 3.095959832275794 7.242553171813449 -0.03459700621528383
-1.1779526226499422 -0.15398422358356556 1.7381765635819022 3.0929593269790354 7.245461873281729 -0.03610188070796583
-1.1700182840165154 -0.1529520024065738 1.7330911779883325 3.0899696124620037 7.2483459301357875 -0.03760129989091787
-1.1621220644968222 -0.1519044517978141 1.72804971622698 3.0869908685324474 7.251205364554292 -0.039095290287700424
-1.154263137498631 -0.15084181353402104 1.7230519366007142 3.0840232693998866 7.254040207906561 -0.04058387805802499
-1.1464407056168247 -0.14976432902025016 1.718097594555243 3.0810669837389817 7.256850500296014 -0.04206708900884193
-1.1386539995964169 -0.14867223917556083 1.7131864428534103 3.078122174755025 7.259636290121718 -0.04354494860503433
-1.1309022773321904 -0.14756578432457146 1.7083182317436774 3.075189000251343 7.262397633657343 -0.045017481979732654
-1.1231848229036552 -0.14644520409462802 1.703492709122953 3.0722676126984356 7.2651345946468835 -0.04648471394426279
-1.1155009456440816 -0.1453107373183824 1.698709620693943 3.0693581593046675 7.267847243916536 -0.04794666899774136
-1.1078499792423968 -0.14416262194155505 1.6939687101171823 3.06646078208835 7.270535659002109 -0.04940337133633155
-1.100231280876781 -0.1430010949356777 1.6892697191579056 3.063575617951052 7.273199923791407 -0.05085484486216996
-1.0926442303788462 -0.14182639221561666 1.6846123878279093 3.0607027987519952 7.27584012818103 -0.05230111319197861
-1.0850882294273076 -0.1406387485616809 1.6799964545225596 3.0578424513833875 7.278456367747031 -0.05374219966537219
-1.0775627007701112 -0.13943839754613152 1.6754216561530844 3.054994697846564 7.2810487434289435 -0.055178127352870865
-1.0700670874740061 -0.13822557146391712 1.670887728274296 3.05215965532881 7.2836173612266535 -0.056608919063631746
-1.0626008522005903 -0.13700050126745755 1.6663944052078743 3.049337436280748 7.286162331909653 -0.05803459735290584
-1.055163476507897 -0.13576341650531254 1.661941420161353 3.0465281484941724 7.288683770738199 -0.059455184529233596
-1.0477544601766189 -0.13451454526458062 1.6575285053429245 3.043731895180233 7.291181797195944 -0.06087070266138628
-1.0403733205600942 -0.13325411411686683 1.6531553920722075 3.040948775047863 7.293656534733586 -0.0622811735850628
-1.0330195919572196 -0.13198234806767384 1.6488218108870747 3.0381788823823594 7.296108110523156 -0.06368661890935201
-1.0256928250074782 -0.13069947050908604 1.644527491646686 3.03542230712403 7.298536655222508 -0.06508706002296705
-1.0183925861073027 -0.12940570317558353 1.640272163630816 3.0326791349468216 7.3009423027496485 -0.06648251810026218
-1.0111184568470182 -0.12810126610288752 1.6360555556356058 3.029949447336857 7.303325190066531 -0.06787301410703761
-1.0038700334676345 -0.12678637758967803 1.631877396065844 3.0272333216707996 7.305685456971945 -0.0692585688061409
-0.9965352373498777 -0.12561167122452566 1.628185353579743 3.025241819988607 7.308005379133768 -0.07063920276287416
-0.9891230824744821 -0.12457235739694705 1.6249450924156639 3.0239285954380315 7.310289281987002 -0.07201493635021039
-0.9816419899124624 -0.12366377979849497 1.6221243711940478 3.0232499388613157 7.312541164403006 -0.07338578975382881
-0.9740998235066871 -0.12288141206719572 1.6196929213785847 3.0231646315267007 7.3147647193241285 -0.07475178297697449
-0.9665039234762829 -0.12222085450450426 1.6176223326629655 3.0236338060762162 7.316963353182055 -0.07611293584514855
-0.9588611380629968 -0.12167783086396455 1.6158859448913505 3.0246208152303127 7.319140204169569 -0.07746926801063625
-0.9511778533318549 -0.12124818521069947 1.6144587461428208 3.0260911078156347 7.321298159431514 -0.07882079895687644
-0.9434600212320583 -0.12092787885081502 1.6133172766309136 3.028012111706544 7.323439871236949 -0.08016754800268067
-0.9357131860180457 -0.12071298732977787 1.612439538089053 3.0303531232939247 7.325567772191068 -0.0815095343063057
-0.9279425091249274 -0.12059969749877175 1.611804908331238 3.0330852031164715 7.327684089542027 -0.08284677686938535
-0.9201527925871624 -0.12058430464803016 1.6113940606949049 3.036181077310074 7.329790858634793 -0.08417929454072659
-0.9123485010842614 -0.12066320970610644 1.6111888880894063 3.0396150445502172 7.331889935561093 -0.08550710601997491
-0.9045337826925253 -0.12083291650402495 1.611172431389162 3.043362888180515 7.333983009051808 -0.08683022986115307
-0.8967124884173487 -0.12109002910324462 1.6113288119252704 3.0474017932376807 7.336071611655496 -0.08814868447607904
-0.8888881905763211 -0.12143124918634451 1.611643167843269 3.0517102680994617 7.338157130244253 -0.08946248813766622
-0.8810642000993947 -0.12185337350934167 1.612101594107846 3.056268070497369 7.340240815885802 -0.0907716589831109
-0.8732435828085867 -0.12235329141452556 1.6126910859476804 3.0610561376505045 7.342323793118435 -0.09207621501697039
-0.8654291747361076 -0.12292798240271297 1.613399485545275 3.066056520290396 7.344407068663417 -0.09337617411413646
-0.8576235965364636 -0.12357451376380335 1.6142154317876627 3.0712523203596698 7.346491539607437 -0.09467155402270833
-0.849829267044897 -0.12429003826452223 1.6151283129042628 3.0766276321795067 7.348578001085878 -0.09596237236676586
-0.8420484160315302 -0.1250717918922366 1.616128221827989 3.0821674868923306 7.35066715349588 -0.0972486466490512
-0.8342830961977721 -0.1259170916537451 1.6172059141249555 3.0878577999969834 7.352759609266567 -0.09853039425355836
-0.8265351944588679 -0.12682333342792718 1.6183527683468828 3.09368532180389 7.354855899212229 -0.09980763244803537
-0.8188064425539694 -0.12778798987114892 1.6195607486685342 3.0996375906473386 7.356956478492748 -0.10108037838640216
-0.8110984270227286 -0.1288086083743487 1.62082236968031 3.1057028887011344 7.359061732204244 -0.10234864911108854
-0.8034125985852016 -0.12988280907070826 1.622130663213452 3.1118702002524703 7.361171980621528 -0.10361246155529125
-0.7957502809597128 -0.1310082828928334 1.6234791470822545 3.1181291722969737 7.3632874841127585 -0.10487183254515775
-0.7881126791513702 -0.13218278967839248 1.6248617956341986 3.1244700773255634 7.36540844774554 -0.10612677880189647
-0.7805008872420376 -0.13340415632314762 1.6262730120051212 3.1308837781809666 7.36753502560256 -0.10737731694381614
-0.772915895710796 -0.13467027498035322 1.6277076019823062 3.1373616948685807 7.369667324823881 -0.10862346348829832
-0.7653585983122784 -0.1359791013054774 1.6291607493839364 3.1438957732128143 7.371805409391958 -0.10986523485370447
-0.757829798538662 -0.13732865274525508 1.630627992868464 3.150478455256115 7.373949303674609 -0.11110264736122
-0.7503302156896585 -0.13871700687004895 1.6321052040924058 3.1571026513036418 7.376098995740216 -0.11233571723663782
-0.7428604905734022 -0.14014229974855774 1.6335885671396357 3.1637617135219616 7.378254440458683 -0.11356446061208281
-0.7354211908598569 -0.14160272436388222 1.6350745591496354 3.1704494110052606 7.380415562400827 -0.11478889352768051
-0.7280128161070865 -0.14309652907000747 1.6365599320762412 3.177159906227393 7.3825822585482435 -0.11600903193317136
-0.7206358024795927 -0.14462201608775538 1.6380416955123431 3.183887732802667 7.384754400824898 -0.11722489168947248
-0.7132905271767904 -0.1461775400392853 1.6395171005195928 3.190627774482542 7.386931838461118 -0.11843648857018874
-0.7059773125886664 -0.14776150652024023 1.6409836244056875 3.197375245319507 7.389114400200015 -0.1196438382630749
-0.6986964301946887 -0.1493723707086383 1.6424389563950053 3.2041256709332213 7.391301896355783 -0.1208469563714516
-0.6914481042210792 -0.1510086360096452 1.643880984141468 3.2108748708176402 7.393494120732807 -0.12204585841557469
-0.6842325150707271 -0.15266885273535524 1.645307781035401 3.217618941631258 7.395690852413952 -0.12324055983396265
-0.6770498025391674 -0.15435161681875553 1.6467175942588756 3.2243542414158246 7.397891857425953 -0.12443107598467984
-0.669900068829286 -0.1560555685610312 1.6481088335466367 3.2310773746919486 7.400096890289375 -0.12561742214658045
-0.6627833813766766 -0.15777939141140673 1.6494800606121167 3.2377851783828766 7.4023056954601385 -0.12679961352051317
-0.6556997754968874 -0.15952181077873973 1.650829979200354 3.244474708520442 7.404518008669237 -0.1279776652304877
-0.6486492568651347 -0.16128159287407384 1.6521574257318021 3.251143227689757 7.406733558166885 -0.1291515923248049
-0.6416318038384676 -0.16305754358339253 1.653461360503047 3.2577881931716273 7.408952065876939 -0.13032140977715156
-0.6346473696297639 -0.1648485073698438 1.6547408594123993 3.26440724574397 7.4111732484671515 -0.1314871324876622
-0.627695884342415 -0.16665336620468252 1.6559951061801303 3.2709981991056565 7.413396818340436 -0.13264877528394703
-0.620777256874026 -0.16847103852623202 1.65722338503485 3.277559029888251 7.415622484552049 -0.1338063529220893
-0.6138913766969814 -0.17030047822616257 1.6584250738391377 3.284087868223035 7.417849953657316 -0.1349598800876115
-0.6070381155232751 -0.1721406736624005 1.6595996376290763 3.290582988832514 7.420078930494227 -0.136109371396413
-0.600040660329558 -0.17372196900295944 1.6609606683218576 3.2969302953805664 7.422153889496719 -0.137202492882748
-0.5929030458801523 -0.17505024116983914 1.6625041697544165 3.3031346205334873 7.4240781427252 -0.1382413182734683
-0.5856292266334653 -0.17613124362189958 1.6642261855931517 3.3092005911275733 7.425854944219221 -0.13922784647857878
-0.578223078151709 -0.17697060969461842 1.666122800977595 3.3151326382007373 7.427487490812373 -0.14016400428633513
-0.5706883984924662 -0.1775738558055544 1.668190143995484 3.3209350065058048 7.428978922944119 -0.14105164896126976
-0.5630289095818886 -0.17794638453243095 1.670424387000125 3.326611763532957 7.430332325468066 -0.1418925707486407
-0.5552482585693901 -0.17809348757033638 1.672821747780267 3.3321668080673086 7.431550728456216 -0.1426884952886761
-0.5473500191637046 -0.1780203485742129 1.6753784905921543 3.337603878306229 7.432637107998756 -0.14344108594386118
-0.5393376929502209 -0.17773204589243563 1.6780909270628235 3.34292655955968 7.433594386998994 -0.14415194604240067
-0.5312147106895249 -0.17723355519698836 1.680955416973215 3.348138291555613 7.4344254359630675 -0.1448226210408764
-0.5229844335971308 -0.17652975201542076 1.6839683689291371 3.353242375371268 7.435133073784105 -0.14545460060900905
-0.47001670508797444 -0.1679546817412556 1.687839497782929 3.3588413603656786 7.437929461032763 -0.14604932063933085
-0.3798567448990915 -0.15273504693356643 1.6924617879106245 3.3648300023136497 7.442477067098851 -0.14660816518447373
-0.2591077715563199 -0.13195039830997168 1.6977403203324508 3.3711175458243554 7.448478219680202 -0.14713246832467908
-0.1135345256513669 -0.10654890627678948 1.7035909829874667 3.3776260025956923 7.4556709044621385 -0.14762351596804346
0.051843772477248695 -0.07736155112402066 1.709939311885643 3.3842886173623734 7.4638249803857075 -0.14808254758592243
0.2326700054483246 -0.04511488323979029 1.716719450390105 3.3910485022741974 7.4727387711388005 -0.14851075788582802
0.42517435245077184 -0.010442490724372533 1.7238732150816856 3.3978574223294187 7.482235997107989 -0.14890929842407108
0.626107251361252 0.026104700938696768 1.7313492577478238 3.404674716198188 7.492163015312193 -0.14927927916031924
0.8326793661356753 0.06404918407671012 1.739102314027953 3.4114663383189994 7.502386337829799 -0.14962176995616217
1.0404078060150852 0.10316514071237504 1.7471054653855553 3.417935893946316 7.512667185311736 -0.1499230278633985
1.2346944254071055 0.1400078672463414 1.7549540967557644 3.4241346765903438 7.522320798917173 -0.15018461888125656
1.4162658679166809 0.17469375803929665 1.7626581175268154 3.430079082416217 7.531370450905515 -0.15040805239836208
1.5858108507308522 0.2073334950064185 1.7702268084436081 3.4357843615507697 7.53983853810179 -0.1505947832315444
1.7441441220652514 0.2385315356984521 1.77788956526335 3.441401165109566 7.547775241712001 -0.15081112058062662
1.8918680602031386 0.26835156313278286 1.7856401497906895 3.4469323277419326 7.555198185217207 -0.15105586932443238
2.029553907299131 0.2968544138741023 1.7934725353524104 3.4523803699220057 7.562124431517679 -0.15132787796692682
2.127952069042386 0.2658064895317731 1.7141925774040376 3.4430422395495217 7.564566019067764 -0.20218585716974546
2.2497878705048224 0.2934605824650516 1.7234735884238996 3.4509162319791167 7.573975175688101 -0.2025225585042275
2.3629288674340803 0.3198481244774083 1.7327143311726112 3.4585193599612647 7.582683304939089 -0.20288431308510568
2.467848064341773 0.34502618063923607 1.741916035750804 3.4658663468186766 7.590718808439575 -0.20327008737609287
2.564992172744589 0.36905916326022625 1.7510561587594071 3.472929844284677 7.598107172923976 -0.2036788856361852
2.654786465496281 0.3919991535180747 1.7601354383887289 3.4797225263189415 7.604874522281106 -0.2041097485521225
2.737634162659607 0.41389582576837025 1.7691546236177476 3.486256488359274 7.61104592691356 -0.20456175192027992
2.813917562646664 0.4347965628615571 1.7781144722707478 3.4925432747056737 7.616645449372838 -0.2050340053762062
2.8839991154562146 0.45474656577122885 1.7870157492096639 3.498593904565275 7.621696187882337 -0.20552565117008237
2.9482224409715037 0.47378895781941543 1.7958592246543281 3.5044188968250736 7.626220317850478 -0.20603586298644727
3.006913295130355 0.49196488377002856 1.804645672623217 3.5100282936159415 7.630239131471136 -0.20656384480658374
3.0603804866354487 0.509313604047896 1.8133758694877176 3.5154316827282504 7.6337730755037185 -0.20710882981202838
3.1089167467360834 0.5258725843277647 1.8220505926332735 3.5206382189363525 7.636841787320672 -0.20767007932771475
3.1527995544832077 0.541677580725278 1.8306706192211677 3.5256566442862836 7.639464129305805 -0.20824688180332063
3.1922919197365305 0.5567627208101789 1.839236725045002 3.5304953073983176 7.641658221682717 -0.20883855183143762
3.227643126085918 0.5711605806508417 1.8477496834762879 3.535162181833381 7.643441473848684 -0.20944442920122996
3.2590894357385847 0.5849022580886538 1.8562102644938316 3.539664883569867 7.644830614285619 -0.21006387798630344
3.286854758318606 0.5980174424307176 1.864619233791919 3.5440106876350574 7.645841719116191 -0.210696285665546
3.311151285425639 0.6105344807398174 1.8729773519625468 3.5482065439330936 7.646490239369834 -0.21134106227574734
3.332180092705212 0.6224804408915448 1.8812853737472364 3.5522590923093795 7.646791027020148 -0.21199763959485185
3.350131711093253 0.6338811715598831 1.8895440473541836 3.5561746768892313 7.646758359852215 -0.2126654703547347
3.365186668812428 0.6447613592844101 1.8977541138367466 3.5599593597267325 7.646405965215416 -0.21334402748243553
3.3775160056171245 0.6551445827645355 1.905916306529492 3.5636189337979145 7.64574704271465 -0.21403280336882224
3.387281760707287 0.6650533645188457 1.914031350538223 3.567158935370678 7.644794285890218 -0.21473130916368965
3.3946374356586526 0.674509220040665 1.9220999622806103 3.5705846557822385 7.6435599029341805 -0.21543907409634266
3.399728433647929 0.68353270457432 1.9301228490742397 3.573901152653333 7.642055636488665 -0.2161556448207388
3.402692476186062 0.6921434576303209 1.9381007087690614 3.57711326056695 7.640292782569348 -0.21688058478430416
3.403659998510613 0.7003602453517088 1.9460342294214024 3.580225601237966 7.638282208655238 -0.2176134736195673
3.402754524729387 0.7082010008381632 1.9539240890068412 3.583242593198727 7.636034370983876 -0.21835390655778608
3.400093023751538 0.7156828625290961 1.961770955169425 3.5861684610243776 7.6335593310891365 -0.21910149386377198
3.3957862469893567 0.7228222107418565 1.9695754850048288 3.5890072441205376 7.630866771617039 -0.21985586029114568
3.389939048763617 0.7296347024563348 1.9773383248751943 3.591762805094786 7.627966011453211 -0.22061664455728758
3.3826506902976288 0.7361353044326651 1.9850601102535244 3.5944388377323593 7.624866020194045 -0.22138349883726882
3.3740151281398263 0.7423383247443598 1.9927414655956206 3.5970388745954267 7.621575431992014 -0.2221560882760768
3.364121287811759 0.7482574428050726 2.000383004237664 3.599566294264355 7.61810255880412 -0.22293409051847723
3.353053323437556 0.7539057379632648 2.0079853283176616 3.602024328238442 7.614455403071089 -0.2237171952558713
3.3408908640722554 0.7592957167353098 2.0155490287190605 3.604416067512733 7.610641669853538 -0.22450510378953503
3.327709247409665 0.7644393387440376 2.0230746850349557 3.6067444688467 7.606668778450114 -0.2252975286096509
3.3135797415155888 0.7693480414263578 2.030562865551384 3.609012360739786 7.602543873521364 -0.22609419298955713
3.2985697551992197 0.7740327635704123 2.0380141272483026 3.61122244912805 7.598273835741986 -0.22689483059466753
3.2827430376041082 0.7785039677396739 2.0454290158169197 3.6133773228154658 7.593865292002981 -0.2276991851055309
3.2661598675703924 0.7827716616385367 2.0528080656921364 3.6154794586527226 7.589324625184229 -0.22850700985451777
3.2488772332917297 0.7868454184712148 2.0601518000989123 3.617531226475772 7.584657983517005 -0.22931806747564376
3.2309490027635817 0.7907343963431688 2.067460731111461 3.619534893815713 7.579871289555014 -0.2301321295670541
3.212426085494095 0.7944473567518247 2.074735359724225 3.62149263039108 7.574970248771669 -0.2309489763657092
3.193356585924707 0.7979926822110104 2.0819761759336597 3.623406512393012 7.569960357800422 -0.2317683964338365
3.1737859489847167 0.801378393051319 2.0891836588299078 3.625278526573275 7.564846912334255 -0.23259018635671536
3.1537570981823597 0.8046121634365009 2.0963582766974893 3.6271105741446243 7.559635014699558 -0.2334141504513917
3.133310566614327 0.8077013366339871 2.1035004871242124 3.6289044745025056 7.554329581118996 -0.23424010048592414
3.1124846212561166 0.8106529395757498 2.1106107371175327 3.6306619687766672 7.548935348677223 -0.23506785540878228
3.091315380877077 0.8134736967438996 2.1176894632276513 3.632384723220815 7.54345688200265 -0.23589724108803034
3.0698369279063864 0.8161700434137147 2.1247370916766797 3.6340743324480584 7.537898579677863 -0.236728090059939
3.0480814145595416 0.8187481382851622 2.1317540384932503 3.6357323225194937 7.532264680390675 -0.2375602412866914
3.0260791635190687 0.8212138755324365 2.138740709651972 3.6373601538929323 7.5265592688372704 -0.23839353992284862
3.0038587634481546 0.8235728962995703 2.145697501217196 3.6389592242384046 7.5207862813883 -0.23922783709025996
2.9814471596016294 0.8258305996687851 2.1526247994905603 3.6405308711267867 7.514949511528336 -0.24006298966111406
2.9588697397852 0.827992153126923 2.1595229811618473 3.6420763745975417 7.509052615078572 -0.24089886004883387
2.9361504159010066 0.8300625025540491 2.1663924134626873 3.6435969596113056 7.503099115212215 -0.24173531600653686
2.913311701305376 0.8320463817571209 2.1732334543227045 3.645093798392746 7.497092407271547 -0.24257223043277942
2.8903747841931113 0.833948321570493 2.180046452527698 3.6465680126688786 7.491035763395253 -0.2434094811843298
2.867359597211663 0.8357726585439429 2.186831747879501 3.6480206758077385 7.484932336964185 -0.24424695089571158
2.844284883498151 0.8375235432378911 2.1935896713571768 3.6494528148621077 7.478785166873366 -0.24508452680527248
2.8211682593223175 0.8392049481445141 2.200320545279224 3.6508654125227284 7.47259718163767 -0.24592210058754504
2.798026273509118 0.8408206752525287 2.2070246834665124 3.6522594089852465 7.46637120333829 -0.24675956819167
2.774874463805796 0.8423743632725536 2.2137023914056613 3.653635703734909 7.4601099514167535 -0.2475968296856642
2.7517274103498206 0.843869494539121 2.2203539664126106 3.6549951572528467 7.453816046322947 -0.2484337891063203
2.728598786386093 0.8453094016046239 2.2269796977961516 3.6563385926475815 7.447492013023329 -0.24927035431453726
2.7055014063742195 0.8466972735397322 2.2335798670211915 3.6576667972152395 7.441140284375192 -0.2501064368558824
2.6824472716194503 0.8480361619541024 2.2401547478715615 3.6589805239317523 7.434763204372628 -0.2509419518261985
2.6594476135540472 0.8493289867505258 2.2467046066121656 3.660280492880206 7.428363031269517 -0.2517768177420713
2.636512934789363 0.8505785416250224 2.2532297021503185 3.6615673926163113 7.421941940584687 -0.25261095641598386
2.613653048052754 0.8517874993247685 2.259730286196093 3.662841881474848 7.415502027994127 -0.25344429283598624
2.590877113117618 0.8529584166751782 2.266206603421553 3.66410458881979 7.409045312114916 -0.2542767550497199
2.568193671829296 0.8540937393868953 2.2726588916187187 3.6653561162406882 7.402573737185328 -0.25510827405263636
2.5456106813243435 0.8551958066529386 2.2790873818561623 3.6665970386977627 7.39608917564538 -0.25593878368026146
2.523135545535659 0.8562668555457433 2.2854922986341073 3.6678279056180463 7.3895934306218765 -0.2567682205043561
2.500775145071257 0.8573090252233593 2.291873860037938 3.669049241944798 7.383088238321857 -0.25759652373283537
2.478535865549955 0.85832436095364 2.298232277890031 3.670261549142309 7.3765752703381455 -0.25842363511330835
2.456423624473005 0.8593148179648018 2.3045677578998185 3.6714653061581117 7.370056135870555 -0.25924949884010895
2.434443896706644 0.8602822651303497 2.3108804998120167 3.6726609703445243 7.363532383866152 -0.26007406146468914
2.4126017386467105 0.8612284884959678 2.317170697552947 3.67384897834135 7.357005505081818 -0.26089727180925826
2.3909018111328293 0.862155194655615 2.3234385393748984 3.6750297469214757 7.3504769340722 -0.2617190808835429
2.369348401176218 0.8630640139837051 2.32968420799847 3.676203673801035 7.3439480511060395 -0.2625394418045649
2.3479454425618904 0.863956503729941 2.335907880752858 3.6773711384157166 7.337420184013695 -0.2633583097193176
2.326696535382921 0.8648341509830342 2.3421097297140383 3.6785325026647184 7.3308946099685866 -0.26417564173024444
2.3056049645614944 0.8656983755092573 2.348289921840819 3.6796881116237916 7.324372557205156 -0.26499139682341266
2.2846737174086456 0.8665505324714944 2.354448619108726 3.6808382942287396 7.317855206675818 -0.26580553579928845
2.2639055002719672 0.8673919150341709 2.3605859786417067 3.681983363930676 7.311343693649291 -0.26661802120601685
2.2433027543180173 0.8682237568591975 2.3667021528416203 3.6831236193242862 7.304839109252587 -0.26742881727511836
2.222867670493782 0.8690472344978233 2.37279728951552 3.6842593447502767 7.298342501958815 -0.26823788985951225
2.2026022037092763 0.8698634696830438 2.3788715320006872 3.6853908108731437 7.2918548790229165 -0.26904520637378415
2.182508086281215 0.8706735315270111 2.384925019287439 3.686518275235335 7.285377207867303 -0.2698507357366172
2.1625868406756394 0.871478438627662 2.390957886139688 3.687641982788836 7.2789104174193255 -0.2706544483153067
2.142839791585452 0.8722791610885983 2.3969702632132526 3.6887621664051573 7.272455399402394 -0.27145631587228414
2.123268077376972 0.8730766224560524 2.4029622771719357 3.6898790473646597 7.266013009582522 -0.27225631151357954
2.1038726609378724 0.8738717015765942 2.4089340508013573 3.6909928358261057 7.259584068971957 -0.27305440963914773
2.0846543399572206 0.8746652343790662 2.414885703120559 3.6921037312772915 7.253169364991519 -0.273850585894995
2.065613756666751 0.8754580155840661 2.420817349491392 3.693211922967562 7.246769652593196 -0.2746448171270409
2.0467514070710284 0.8762508003441447 2.4267291017256927 3.6943175903229992 7.240385655344461 -0.27543708133664946
2.0280676496927326 0.8770443058177363 2.4326210681902625 3.695420903345002 7.234018066475761 -0.2762273576377726
2.009562713857965 0.8778392126797017 2.438493353909674 3.6965220229929763 7.227667549892496 -0.2770156262156459
1.9912367075451858 0.8786361665712248 2.4443460606669083 3.6976211015518103 7.221334741152845 -0.27780186828698217
1.9730896248202077 0.8794357794916823 2.450179287101854 3.6987182829847605 7.215020248412639 -0.27858606606160385
1.955121352878502 0.8802386311349828 2.455993128807681 3.6998137032723832 7.208724653338533 -0.27936820270547125
1.9373316787150023 0.8810452701727568 2.461787678425113 3.7009074907380795 7.20244851199059 -0.28014826230504564
1.9197202954405443 0.8818562154866646 2.4675630257346213 3.7019997663608235 7.196192355675412 -0.2809262298329481
1.9022868082631181 0.8826719573519956 2.4733192577465593 3.703090644075605 7.1899566917708615 -0.28170209111486033
1.8850307401511615 0.8834929585746226 2.4790564587892714 3.704180231062092 7.183742004523408 -0.28247583279762634
1.8679515371952558 0.884319655583286 2.4847747105951923 3.7052686280220115 7.177548755819069 -0.28324744231851195
1.8510485736837419 0.8851524594790917 2.4904740923849653 3.7063559294457002 7.171377385928897 -0.28401690787557754
1.8343211569069802 0.8859917570440188 2.49615468094961 3.707442223868282 7.165228314229896 -0.2847842183991257
1.8177685317042296 0.8868379117101559 2.5018165507307595 3.7085275941158926 7.159101939902267 -0.2855493635241836
1.8013898847663994 0.8876912644913035 2.5074597738990074 3.709612117542357 7.152998642603787 -0.2863123335639858
1.7851843487072558 0.8885521348785079 2.5130844204303733 3.710695866256709 7.146918783122139 -0.28707311948441705
1.7691510059150182 0.8894208217010189 2.518690558180934 3.7117789073419276 7.1408627040059605 -0.2878317128793825
1.753288892195667 0.8902976039541033 2.524278252959639 3.7128613030652398 7.134830730175353 -0.2885881059470733
1.7375970002187164 0.8911827415950727 2.529847568599342 3.7139431110803347 7.128823169512559 -0.28934229146709123
1.722074282775636 0.8920764763088338 2.535398567026078 3.715024384621812 7.122840313433501 -0.29009426277840544
1.7067196558606068 0.8929790322441999 2.5409313083266105 3.7161051726921737 7.116882437440831 -0.29084401375810953
1.6915320015827846 0.8938906167221603 2.5464458508142913 3.7171855202416633 7.110949801659128 -0.2915915388009477
1.6765101709187806 0.8948114209172382 2.5519422510932435 3.7182654683412255 7.105042651352869 -0.292336832799588
1.6616529863136245 0.89574162051303 2.5574205641209113 3.7193450543488735 7.099161217427728 -0.2930798911256086
1.6469592441380483 0.8966813763329597 2.5628808432690056 3.7204243120697096 7.093305716915799 -0.2938207096111768
1.632427717009536 0.8976308349472482 2.568323140382863 3.721503271909863 7.0874763534452665 -0.294559284531393
1.6180571559841896 0.8985901292570417 2.573747505839262 3.722581961024572 7.081673317695067 -0.29529561258727643
1.6038462926261157 0.8995593790566141 2.579153988602714 3.723660403460646 7.075896787835019 -0.2960296908893695
1.589793840960684 0.9005386915745087 2.5845426362802693 3.724738620293528 7.070146929951928 -0.2967615169419374
1.5758984993176894 0.9015281619944537 2.5899134951748524 3.7258166297591595 7.064423898462139 -0.297491088627743
1.5621589520701344 0.9025278739568466 2.5952666103371698 3.726894447380857 7.058727836510956 -0.29821840419337586
1.5485738712740633 0.9035379000415706 2.6006020256162103 3.7279720860913907 7.0530588763593975 -0.2989434622351129
1.5351419182145956 0.9045583022328706 2.6059197837083663 3.729049556350449 7.047417139758694 -0.299666261685296
1.5218617448630472 0.9055891323669896 2.6112199262052087 3.7301268662576645 7.041802738312916 -0.3003868017992034
1.508731995249772 0.9066304325632323 2.616502493639938 3.7312040216613758 7.0362157738301505 -0.3011050821424005
1.4957513067571242 0.9076822356390967 2.6217675255325394 3.7322810262632826 7.030656338662572 -0.30182110257854966
1.482918311336713 0.9087445655100874 2.627015060433675 3.733357881719155 7.02512451603579 -0.3025348632576653
1.470231636654912 0.9098174375747983 2.63224513596733 3.7344345877357434 7.019620380367815 -0.3032463646047959
1.4576899071703748 0.9109008590858256 2.637457788872248 3.735511142164034 7.0141439975779765 -0.3039556073091195
1.4452917451471246 0.911994829507055 2.6426530550421763 3.736587541088985 7.008695425386118 -0.3046625923134346
1.4330357716065962 0.913099340857835 2.6478309695649505 3.73766377891588 7.003274713602389 -0.3053673208040367
1.4209206072218419 0.914214378044534 2.652991566760438 3.7387398484534264 6.99788190440793 -0.3060697942009626
1.4089448731569385 0.9153399191799594 2.658134880217375 3.7398157409937074 6.992517032626746 -0.30677001414858995
1.3971071918544884 0.9164759358910886 2.663260942829111 3.740891446389126 6.987180125989038 -0.3074679825065817
1.3854061877739516 0.9176223936155528 2.6683697868282925 3.7419669531264352 6.981871205386291 -0.30816370134115967
1.3738404880834079 0.9187792518872911 2.673461443820507 3.7430422483979666 6.976590285118348 -0.30885717291669723
1.3624087233072106 0.9199464646117796 2.678535944816912 3.7441173181701703 6.9713373731327515 -0.3095483996876188
1.3511095279318774 0.9211239803312159 2.683593320265869 3.7451921472495506 6.966112471256584 -0.310237384290596
1.3399415409724318 0.922311742480036 2.6886336000836133 3.746266719346103 6.960915575421036 -0.3109241295370285
1.3289034065013006 0.9235096896311128 2.693656813683969 3.7473410171343433 6.955746675878959 -0.3116086384057998
1.3179937741417653 0.9247177557329822 2.698662990007146 3.7484150223120123 6.950605757415584 -0.3122909140362987
1.3072112995278615 0.9259358703384222 2.703652157547631 3.749488715656543 6.945492799552661 -0.3129709597216953
1.2965546447325196 0.9271639588246977 2.7086243443811933 3.750562077079377 6.940407776746188 -0.3136487789024637
1.2860224786656556 0.9284019426057784 2.7135795781910366 3.7516350856782 6.935350658577958 -0.314324375160142
1.275613477443827 0.9296497393368136 2.7185178862931028 3.7527077197871743 6.9303214099411 -0.3149977522113204
1.2653263247329842 0.9309072631111491 2.723439295660561 3.7537799570252446 6.925319991219805 -0.31566891390185126
1.2551597120657763 0.9321744246501485 2.728343832947493 3.754851774342584 6.920346358463423 -0.31633786420126897
1.2451123391347867 0.9334511314860807 2.733231524511801 3.7559231480652446 6.915400463555089 -0.31700460719741763
1.2351829140630133 0.9347372881383191 2.738102396437349 3.7569940539380813 6.910482254375077 -0.31766914709127325
1.2253701536528245 0.9360327962830906 2.742956474555367 3.758064467166009 6.905591674958997 -0.31833148819195867
1.2156727836145795 0.9373375549170044 2.747793784465123 3.7591343624536524 6.900728665651058 -0.31899163491193916
1.2060895387760184 0.93865146051458 2.7526143515538966 3.7602037140434463 6.8958931632524765 -0.31964959176239705
1.1966191632734895 0.9399744071799851 2.757418201016259 3.7612724957522436 6.8910851011652445 -0.32030536334877546
1.1872604107260125 0.9413062867931901 2.7622053578726824 3.7623406810064797 6.886304409531355 -0.32095895436648647
1.1780120443931328 0.942646989150731 2.766975846987494 3.7634082428759483 6.88155101536764 -0.3216103695967768
1.1688728373174664 0.9439964021012744 2.7717296930861925 3.764475154106238 6.876824842696362 -0.3222596139027466
1.1598415724527964 0.9453544116761612 2.7764669207721466 3.7655413871498737 6.872125812671675 -0.3229066922255158
1.1509170427785287 0.9467209022151072 2.7811875545426803 3.766606914196216 6.8674538437020844 -0.3235516095805303
1.1420980514012786 0.9480957564872272 2.785891618804578 3.7676717072001487 6.862808851569035 -0.32419437105400617
1.1333834116443184 0.949478855807546 2.7905791378890044 3.768735737909617 6.858190749541737 -0.3248349817995041
1.1833566514459082 1.027910163421032 2.8699780444358116 3.6470708807772088 6.933807821834085 -0.2699848099483675
1.1750376928850739 1.029445868241744 2.8745343504742724 3.6472333264045167 6.929760730702541 -0.2705956958179401
1.166817406328178 1.0309879313316996 2.8790739598523123 3.647396915159472 6.925736247332437 -0.2712045321412164
1.1586946733200383 1.032536245563389 2.8835969116772775 3.6475616482515045 6.921734310233941 -0.27181132409382824
1.1506683855942659 1.0340907027427226 2.888103244704203 3.647727525794689 6.917754855750518 -0.2724160769013604
1.1427374451051975 1.0356511937006028 2.89259299735427 3.647894546853134 6.913797818148179 -0.27301879583672983
1.1351510998957566 1.0372549597346858 2.897069034012926 3.6480663582968846 6.909874573794228 -0.2736194862176622
1.1279015495418463 1.0389013004002767 2.9015315228112346 3.6482430341283987 6.905984959080021 -0.27421815340426314
1.1209811553958962 1.0405895145123503 2.905980622425716 3.648424639765334 6.902128802817716 -0.27481480279667925
1.1143824372473556 1.0423189005674414 2.910416482444879 3.648611232412906 6.898305926681959 -0.2754094398328468
1.1080980700533323 1.044088757146998 2.9148392437242254 3.6488028614234493 6.894516145634714 -0.27600206998632437
1.1019810825405512 1.045193017297457 2.919023887467144 3.649046592454026 6.890784168051676 -0.27659269876420756
1.0960305566908342 1.0456689438822473 2.9229819741632372 3.6493408085341406 6.887109310080051 -0.27718133170511927
1.0902454811399833 1.0455520138313268 2.9267245425624715 3.6496839267176764 6.883490878105299 -0.2777679743772792
1.0846247579297816 1.0448760010180336 2.9302621330111327 3.6500743977639623 6.879928169927072 -0.27835263237664165
1.079167208904344 1.0436730553149327 2.933604809736888 3.6505107057974957 6.8764204758730925 -0.2789353113251072
1.0738715817680342 1.0419737780047214 2.9367621821306322 3.6509913679483583 6.8729670798537175 -0.2795160168687987
1.0687365558213764 1.039807293714133 2.9397434250706374 3.651514933975226 6.8695672603597995 -0.2800947546764041
1.063760747390595 1.0372013190310396 2.9425572983324484 3.652079985872766 6.866220291406386 -0.2806715304375813
1.0589427149656943 1.0341822279575683 2.945212165125969 3.6526851374650997 6.862925443424662 -0.28124634986142305
1.0542809640612814 1.030775114345003 2.9477160097993065 3.653329033986895 6.859681984104445 -0.2818192186749804
1.0497739518136648 1.0270038514495177 2.9500764547471405 3.6540103516535725 6.856489179189467 -0.28239014262184226
1.0454200913271268 1.0228911487413879 2.952300776559648 3.654727797221988 6.853346293227547 -0.2829591274607681
1.0412177557816522 1.0184586060942034 2.9543959214463795 3.655480107542888 6.850252590277713 -0.2835261789643746
1.0371652823138227 1.013726765474777 2.9563685199679215 3.65626604910634 6.847207334576206 -0.2840913029178693
1.0332609756820275 1.0087151602488862 2.958224901106667 3.657084417581254 6.8442097911632445 -0.28465450511783663
1.0295031117266162 1.0034423622126665 2.9599711057066047 3.6579340373500493 6.84125922647234 -0.28521579137106645
1.0258899406351123 0.9979260264544274 2.9616128993106736 3.6588137610394442 6.838354908883884 -0.285775167493431
1.022419690022134 0.9921829341468222 2.96315578442291 3.6597224690482686 6.835496109244628 -0.28633263930880215
1.0190905678332047 0.9862290333647035 2.9646050122214107 3.660659069073153 6.832682101354663 -0.28688821264801256
1.0159007650811995 0.9800794780196039 2.965965593746912 3.661622495632879 6.829912162423387 -0.2874418933478553
1.0128484584237678 0.9737486649975844 2.967242310590682 3.6626117095921153 6.827185573495905 -0.28799368725012386
1.0099318125896626 0.9672502695832048 2.9684397251043437 3.663625697685221 6.824501619851251 -0.2885436002006876
1.0071489826615392 0.9605972792485473 2.9695621901531943 3.6646634720407354 6.821859591373757 -0.28909163804860527
1.0044981162224251 0.9538020258825994 2.9706138584336435 3.6657240697071423 6.819258782898828 -0.2896378066452703
1.0019773553727136 0.9468762165328195 2.9715986913744183 3.6668065521804296 6.816698494534356 -0.2901821118435932
0.9995848386242132 0.93983096272741 2.972520467640313 3.6679100049339497 6.814178031958919 -0.2907245594972121
0.9973187026774719 0.9326768084436614 2.973382791256404 3.6690335369510207 6.811696706697881 -0.29126515545973763
0.9951770840882941 0.9254237567847172 2.974189099369825 3.670176280260692 6.809253836378476 -0.29180390558402536
0.9931581208290896 0.9180812954242417 2.9749426696654386 3.6713373894770505 6.806848744964868 -0.29234081572147863
0.9912599537504216 0.9106584208757316 2.9756466274509847 3.672516041342414 6.8044807629741975 -0.2928758917213776
0.989480727947865 0.903163661640596 2.9763039524265853 3.673711434274731 6.802149227674517 -0.2934091394302367
0.9878185940390365 0.8956051002866359 2.9769174851528053 3.6749227879194715 6.79985348326553 -0.2939405646911861
0.9862717093554347 0.8879903945061833 2.977489933230834 3.67614934270627 6.797592881042995 -0.294470173343379
0.984838239053488 0.8803267972008817 2.978023877207727 3.677390359410554 6.795366779547585 -0.2949979712214226
0.9835163571490184 0.872621175637931 2.978521776219062 3.6786451187203677 6.793174544699028 -0.2955239641548322
0.9823042474791035 0.8648800297205559 2.9789859733808086 3.679912920808583 6.7910155499162315 -0.29604815796750716
0.9812001045951475 0.8571095094134835 2.9794187009416753 3.6811930849106576 6.788889176224159 -0.29657055847722824
0.9802021345907694 0.8493154313623452 2.979822085206678 3.6824849489080953 6.786794812348096 -0.2970911714951765
0.9793085558679586 0.841503294744115 2.9801981512422056 3.683787868917728 6.784731854796 -0.29761000282547
0.9785175998447648 0.8336782963839968 2.9805488273723677 3.6851012188869383 6.782699707929536 -0.29812705826472174
0.9778275116076456 0.8258453451725416 2.980875949475994 3.686424390194915 6.780697784024418 -0.29864234360161523
0.97723655051143 0.8180090758152112 2.9811812650932112 3.6877567912600187 6.778725503320606 -0.2991558646164969
0.9767429907297225 0.8101738619451349 2.981466437350125 3.6890978471533304 6.776782294062937 -0.29966762708098726
0.9763451217584269 0.8023438286283799 2.981733048709756 3.690446999218428 6.774867592532685 -0.3001776367576072
0.9760412488749433 0.7945228642897078 2.9819826045569937 3.691803704697437 6.772980843070563 -0.30068589939942014
0.9758296935554629 0.7867146320855098 2.9822165366250077 3.6931674363633844 6.771121498091663 -0.30119242074969077
0.9757087938526692 0.7789225807493712 2.9824362062701866 3.6945376821588707 6.769289018092748 -0.3016972065415573
0.9756769047360394 0.7711499549345557 2.982642907602385 3.6959139448410725 6.76748287165238 -0.30220026249771825
0.975732398396832 0.7633998050765782 2.9828378704769345 3.6972957416330776 6.765702535424262 -0.30270159433013233
0.975873664519741 0.7556749967979606 2.983022263354594 3.6986826038815384 6.76394749412423 -0.30320120773973325
0.976099110523108 0.7479782198762643 2.9831971960353245 3.700074076720632 6.762217240511231 -0.3036991084161551
0.9764071617694778 0.7403119967955067 2.983363722271524 3.701469718742302 6.760511275362688 -0.3041953020374708
0.9767962617482002 0.7326786909001528 2.9835228422660878 3.7028691016727544 6.758829107444584 -0.30468979426994225
0.9772648722317014 0.725080514169983 2.983675505060425 3.7042718100551664 6.757170253476582 -0.305182590767783
0.9778114734069585 0.7175195346333048 2.98382261081734 3.705677440938574 6.755534238092524 -0.305673697172929
0.9784345639836336 0.7099976834351649 2.983965013003444 3.7070856035728843 6.753920593796586 -0.3061631191148235
0.9791326612802664 0.702516761576452 2.9841035204755784 3.7084959191099682 6.752328860915382 -0.30665086221020776
0.9799043012898279 0.6950784463390542 2.984238899475504 3.709908020310772 6.750758587546298 -0.30713693206292625
0.9807480387258973 0.6876842974115338 2.984371875536944 3.7113215512583917 6.749209329502307 -0.3076213342637373
0.981662447050647 0.6803357627291151 2.9845031353088647 3.7127361670770482 6.747680650253516 -0.30810407439013465
0.9826461184857598 0.673034184041152 2.9846333282987114 3.7141515336568953 6.746172120865685 -0.3085851580061778
0.9836976640073543 0.6657808022186298 2.984763068539154 3.7155673273845915 6.744683319935937 -0.3090645906623304
0.9848157133259292 0.6585767623136813 2.984892936181732 3.7169832348795655 6.743213833525873 -0.30954237789530614
0.9859989148522943 0.651423118382547 2.9850234790206303 3.7183989527359027 6.741763255092312 -0.31001852522792284
0.9872459356503993 0.6443208380828804 2.9851552139496893 3.7198141872697743 6.740331185415819 -0.3104930381689648
0.9885554613779297 0.6372708070558024 2.9852886283556015 3.7212286542723367 6.738917232527238 -0.31096592221305097
0.9899261962154924 0.6302738331026234 2.985424181450107 3.7226420787680135 6.737521011632385 -0.31143718284051136
0.9913568627851679 0.623330650165703 2.985562305543896 3.7240541947780934 6.7361421450350765 -0.3119068255172688
0.9928462020591731 0.6164419221224773 2.985703407264789 3.725464745089549 6.734780262058646 -0.3123748556947281
0.9943929732593291 0.6096082464012669 2.985847868722651 3.7268734810290036 6.733434998966111 -0.31284127880967194
0.9959959537480043 0.6028301574270882 2.985996048623392 3.728280162241764 6.732105998879112 -0.3133061002841606
0.9976539389111556 0.596108129905309 2.9861482833343014 3.729684556475824 6.7307929116957865 -0.31376932552543946
0.9993657420340676 0.5894425819506235 2.986304887902852 3.7310864393707748 6.729495394007686 -0.3141083002125771
1.0011301941703499 0.5828338780684919 2.9864661570310336 3.732485594251518 6.728213109015861 -0.31432731426483174
1.0029461440047291 0.5762823319958452 2.9866323660071616 3.733881811926712 6.726945726446239 -0.31443051993525284
1.004812457710139 0.5697882094075539 2.986803771597039 3.73527489049186 6.725692922464402 -0.31442193619926484
1.0067280187995848 0.5633517304948594 2.986980612896253 3.7366646351369597 6.724454379589856 -0.31430545300343904
1.0086917279732406 0.5569730724216726 2.987163112145316 3.738050857958628 6.723229786609908 -0.31408483537890364
1.0107025029611925 0.5506523716643876 2.9873514755092776 3.7394333777766198 6.722018838493225 -0.3137637274237084
1.0127592783622483 0.5443897262405846 2.9875458938233708 3.7408120199546544 6.720821236303189 -0.31334565615831567
1.0148610054791822 0.5381851978317582 2.9877465433061747 3.742186616225473 6.7196366871110955 -0.3128340352582617
1.01700665215078 0.5320388138049668 2.9879535862417255 3.743557004520039 6.718464903909302 -0.31223216866789816
1.0191952025810234 0.5259505691380755 2.988167171631919 3.744923028800804 6.717305605524395 -0.3115432540990064
1.0214256571657345 0.5199204282530496 2.9883874358205262 3.746284538898955 6.716158516530433 -0.3107703864179472
1.0236970323169823 0.5139483267615492 2.9886145030900373 3.747641390355569 6.715023367162341 -0.30991656092490216
1.0260083602855374 0.5080341731268818 2.988848486232543 3.748993444266587 6.71389989322952 -0.3089846765286386
1.028358688981642 0.5021778502461867 2.9890894870957725 3.750340567131541 6.712787836029722 -0.307977538820132
1.0307470817943498 0.4963792169565364 2.989337597105372 3.7516826307059397 6.7116869422632455 -0.30689786304826283
1.0331726174096743 0.49063810946848285 2.9895928977644712 3.7530195118572576 6.710596963947512 -0.30574827700071183
1.035634389627765 0.4849543427304066 2.989855461131508 3.7543510924244337 6.70951765833206 -0.30453132379306935
1.038131507179331 0.4793277117268746 2.9901253502772747 3.755677259080812 6.708448787814005 -0.30324946456908775
1.0406630935415009 0.4737579927140654 2.9904026197220785 3.7569979032004537 6.707390119854012 -0.3019050811149031
1.04322828675331 0.4682449443951817 2.990687315853884 3.7583129207277444 6.706341426892811 -0.30050047838996896
1.0458262392309878 0.4627883090386289 2.990979477328264 3.7596222120502247 6.705302486268297 -0.2990378869773549
1.048456117583211 0.45738781354161895 2.991279135450945 3.760925681874573 6.704273080133251 -0.29751946545597985
1.05111710242647 0.4520431704417327 2.9915863145437065 3.762223239105679 6.7032529953737034 -0.29594730269726544
1.0538083882006999 0.44675407887885954 2.991901032294349 3.7635147967287246 6.702242023527983 -0.2943234200886169
1.0565291829853032 0.4415202255098116 2.992223300091426 3.7648002716942224 6.701239960706463 -0.2926497736860656
1.0592787083156945 0.43634128537782657 2.9925531233443956 3.766079584805931 6.70024660751204 -0.29092825629832486
1.062056199000479 0.4312169227390439 2.9928905017898244 3.767352660611593 6.699261768961366 -0.2891606995044491
1.064860902939381 0.4261467918479662 2.993235429784243 3.768619427296421 6.698285254406848 -0.2873488756072087
1.067692080942015 0.4211305377038099 2.9935878965842315 3.7698798165792846 6.697316877459451 -0.2854944995242277
1.0705490065476 0.41616779675957294 2.993947886614284 3.7711337636115156 6.696356455912294 -0.2835992306188697
1.0734309658457053 0.41125819759555005 2.9943153797229822 3.772381206878294 6.695403811665086 -0.28166467447279
1.0763372572981003 0.4064013615589632 2.994690351427975 3.773622088102533 6.694458770649389 -0.27969238460201096
1.0792671915617962 0.4015969033712832 2.9950727731502527 3.774856352151226 6.693521162754744 -0.2776838641183228
1.0822200913133364 0.3968444317047537 2.995462612438174 3.7760839469441816 6.692590821755653 -0.2756405673377482
1.0851952910744098 0.39214354972955756 2.9958598331816795 3.7773048233650974 6.691667585239431 -0.27356390133776
1.0881921370388379 0.38749385563299765 2.9962643958171244 3.7785189351749207 6.690751294534951 -0.2714552274648827
1.0912099869009952 0.3828949431120081 2.9966762575231245 3.779726238927434 6.689841794642267 -0.2693158627942589
1.0942482096857087 0.3783464018402365 2.997095372407802 3.780926693887023 6.688938934163139 -0.2671470815427115
1.0973061855796837 0.3738478179109006 2.997521691687804 3.782120261948564 6.688042565232456 -0.26495011643678246
1.100383305764495 0.3693987742565479 2.997955163859436 3.783306907559389 6.687152543450566 -0.26272616003718197
1.1034789722511815 0.36499885104681007 2.9983957348622625 3.784486597643273 6.686268727816515 -0.2604763660210383
1.1065925977164772 0.3606476260651841 2.998843348235482 3.7856593015264 6.685390980662191 -0.25820185042329125
1.1097236053407096 0.3563446750658279 2.9992979452673936 3.786824990865255 6.684519167587394 -0.2559036928385303
1.1128714286473884 0.35208957211131575 2.999759465138246 3.7879836395763964 6.6836531573958 -0.2535829375845404
1.1160355113445142 0.34788188989224866 3.0002278450567568 3.7891352237680693 6.682792822031857 -0.25124059482877215
1.1192153071676207 0.3437212000295773 3.000703020390562 3.7902797216736053 6.6819380365185825 -0.24887764167891713
1.1224102797245752 0.33960707336046103 3.0011849247908646 3.7914171135865717 6.681088678896275 -0.24649502323873707
1.125619902342145 0.3355390802084328 3.0016734903115254 3.7925473817976254 6.680244630162135 -0.24409365363024693
1.1288884762022398 0.3317429258628415 3.002240829384351 3.7936554350405385 6.679397791541874 -0.2416744169833278
1.1322147188720741 0.3282119779934589 3.0028851099409746 3.79474139104316 6.678547995086499 -0.23923816839380763
1.1355973612868975 0.32493975078973736 3.0036045330166985 3.795805377250297 6.677695084822074 -0.23678573485101162
1.1390351478476912 0.3219199017065184 3.004397332228364 3.796847530230096 6.67683891631769 -0.2343179161357558
1.142526836507772 0.31914622828425476 3.005261773258444 3.7978679951051624 6.6759793562654215 -0.231835485689728
1.1460711988487595 0.31661266504196606 3.006196153345355 3.7988669250075033 6.675116282071973 -0.22933919145716386
1.1496670201463288 0.3143132804412121 3.00719880078 3.7998444805564304 6.674249581461778 -0.22682975669970284
1.1533130994261773 0.3122422739193913 3.0082680744085435 3.80080082935857 6.673379152091271 -0.2243078807852774
1.1570082495106044 0.3103939729907339 3.009402363141425 3.8017361455291727 6.672504901174091 -0.2217742399518654
1.1607512970560991 0.3087628304133765 3.0106000854685875 3.8026506092339285 6.671626745116959 -0.2192294880469008
1.164541082582314 0.30734342142096716 3.0118596889809255 3.803544406250536 6.670744609165987 -0.21667425724312483
1.1683764604927904 0.30613044101726694 3.0131796498979355 3.804417727549288 6.669858427063167 -0.21410915873162284
1.1722562990877914 0.3051187013322727 3.014558472601546 3.8052707688919645 6.668968140712816 -0.21153478339277765
1.1761794805695827 0.3043031290383984 3.0159946891761127 3.8061037304483554 6.668073699857726 -0.20895170244583938
1.1801449010404945 0.3036787628253119 3.01748685895455 3.8069168164297498 6.667175061764804 -0.20636046807779507
1.1841514704940799 0.30324075093204095 3.0190335680705784 3.8077102347387557 6.666272190919964 -0.20376161405219895
1.1881981127996848 0.3029843487350019 3.020633429017051 3.8084841966348364 6.665365058732051 -0.20115565629859633
1.1922837656807244 0.3029049163906412 3.022285080210332 3.8092389164149747 6.664453643245591 -0.1985430934831669
1.1964073806869526 0.30299791653140473 3.0239871855606935 3.8099746111088844 6.663537928862131 -0.1959244075611788
1.2005679231610091 0.30325891201378585 3.02573843404869 3.8106915001882276 6.662617906069983 -0.19330006431183733
1.2047643721995054 0.30368356371723393 3.027537539307472 3.811389805289295 6.661693571182136 -0.19067051385608824
1.2089957206089161 0.30426762839272903 3.0293832392110094 3.812069749948646 6.660764926082178 -0.1880361911579167
1.2132609748565244 0.30500695655986676 3.0312742954681577 3.812731559351201 6.659831977977975 -0.1853975165096704
1.21755915501666 0.30589749045131387 3.033209493222554 3.8133754600903176 6.658894739162959 -0.1827548960019142
1.2218892947124709 0.30693526200353416 3.03518764065827 3.814001679939386 6.657953226784812 -0.18010872197830874
1.226250441053447 0.3081163908927047 3.0372075686111932 3.8146104476344935 6.657007462621359 -0.17745937347599228
1.2306416545689176 0.30943708261476544 3.0392681301860733 3.815201992667736 6.656057472863493 -0.1748072166519249
1.2350620091377325 0.31089362660857955 3.0413682003792006 3.8157765450907597 6.655103287904955 -0.17215260519564413
1.2395105919143274 0.3124823944212014 3.0435066757066505 3.8163343353281283 6.654144942138784 -0.169495880728864
1.243986503251371 0.31419983791426875 3.0456824738380472 3.8168755940001406 6.653182473760271 -0.16683737319233716
1.2484888566191816 0.3160424875105725 3.0478945332358007 3.817400551754717 6.652215924576247 -0.16417740122038582
1.2530167785220936 0.3180069504798644 3.0501418127997506 3.8179094391080017 6.651245339820543 -0.16151627250349354
1.2575694084119526 0.3200899092629965 3.0524232915171767 3.818402486293335 6.650270767975455 -0.15885428413933989
1.2621458985989034 0.32228811983350947 3.054737968118106 3.8188799231182573 6.64929226059906 -0.15619172297264405
1.266745414159637 0.32459841009579105 3.0570848607358743 3.8193419788292355 6.648309872158225 -0.1535288659241757
1.2713671328432512 0.32701767831897466 3.0594630065728796 3.8197888819837837 6.6473236598671654 -0.15086598030927778
1.2760102449748782 0.32954289160574124 3.061871461571465 3.8202208603297 6.6463336835313935 -0.14820332414623394
1.2806739533572224 0.33217108439522214 3.0643093000898887 3.820638140691112 6.645340005396918 -0.14554114645480665
1.2853574731701491 0.33489935699922313 3.0667756145833094 3.8210409488610724 6.644342690004556 -0.14287968754525693
1.2900600318684585 0.3377248741709902 3.0692695152897356 3.8214295095004194 6.643341804049217 -0.14021917929815064
1.294780869077977 0.34064486370577884 3.071790129920882 3.8218040460426588 6.642337416244018 -0.13755984543524302
1.2995192364900863 0.343656615072492 3.074336603357872 3.8221647806046115 6.641329597189103 -0.13490190178172756
